1 9.992120e-01 6.760000e-04 1.120000e-04
2 9.986920e-01 1.088000e-03 2.200000e-04
3 9.980400e-01 1.488000e-03 4.720000e-04
4 9.973600e-01 1.808000e-03 8.320000e-04
5 9.967200e-01 2.116000e-03 1.164000e-03
6 9.959240e-01 2.464000e-03 1.612000e-03
7 9.951200e-01 2.776000e-03 2.104000e-03
8 9.942760e-01 3.128000e-03 2.596000e-03
9 9.934120e-01 3.428000e-03 3.160000e-03
10 9.925000e-01 3.672000e-03 3.828000e-03
11 9.914880e-01 4.080000e-03 4.432000e-03
12 9.905200e-01 4.336000e-03 5.144000e-03
13 9.894120e-01 4.596000e-03 5.992000e-03
14 9.883280e-01 4.884000e-03 6.788000e-03
15 9.871440e-01 5.160000e-03 7.696000e-03
16 9.859480e-01 5.428000e-03 8.624000e-03
17 9.848040e-01 5.620000e-03 9.576000e-03
18 9.835560e-01 5.880000e-03 1.056400e-02
19 9.823320e-01 6.012000e-03 1.165600e-02
20 9.811080e-01 6.224000e-03 1.266800e-02
21 9.798280e-01 6.412000e-03 1.376000e-02
22 9.784880e-01 6.640000e-03 1.487200e-02
23 9.770160e-01 6.948000e-03 1.603600e-02
24 9.755480e-01 7.236000e-03 1.721600e-02
25 9.742480e-01 7.284000e-03 1.846800e-02
26 9.730160e-01 7.252000e-03 1.973200e-02
27 9.717440e-01 7.112000e-03 2.114400e-02
28 9.704400e-01 7.196000e-03 2.236400e-02
29 9.691360e-01 7.212000e-03 2.365200e-02
30 9.678120e-01 7.260000e-03 2.492800e-02
31 9.666000e-01 7.120000e-03 2.628000e-02
32 9.651600e-01 7.360000e-03 2.748000e-02
33 9.637200e-01 7.488000e-03 2.879200e-02
34 9.621360e-01 7.832000e-03 3.003200e-02
35 9.607600e-01 7.784000e-03 3.145600e-02
36 9.593080e-01 7.860000e-03 3.283200e-02
37 9.578480e-01 7.900000e-03 3.425200e-02
38 9.564480e-01 7.900000e-03 3.565200e-02
39 9.551640e-01 7.908000e-03 3.692800e-02
40 9.538000e-01 7.956000e-03 3.824400e-02
41 9.523160e-01 8.116000e-03 3.956800e-02
42 9.508440e-01 8.104000e-03 4.105200e-02
43 9.494640e-01 8.092000e-03 4.244400e-02
44 9.479640e-01 8.140000e-03 4.389600e-02
45 9.466280e-01 8.052000e-03 4.532000e-02
46 9.451480e-01 8.004000e-03 4.684800e-02
47 9.437200e-01 8.172000e-03 4.810800e-02
48 9.423080e-01 8.144000e-03 4.954800e-02
49 9.407520e-01 8.232000e-03 5.101600e-02
50 9.391400e-01 8.384000e-03 5.247600e-02
51 9.374000e-01 8.688000e-03 5.391200e-02
52 9.357560e-01 8.740000e-03 5.550400e-02
53 9.340040e-01 8.952000e-03 5.704400e-02
54 9.324840e-01 8.960000e-03 5.855600e-02
55 9.309920e-01 8.948000e-03 6.006000e-02
56 9.293360e-01 9.096000e-03 6.156800e-02
57 9.277040e-01 9.108000e-03 6.318800e-02
58 9.261720e-01 9.012000e-03 6.481600e-02
59 9.245000e-01 8.988000e-03 6.651200e-02
60 9.227400e-01 9.168000e-03 6.809200e-02
61 9.212880e-01 8.972000e-03 6.974000e-02
62 9.197840e-01 8.804000e-03 7.141200e-02
63 9.181640e-01 8.808000e-03 7.302800e-02
64 9.164720e-01 8.900000e-03 7.462800e-02
65 9.149320e-01 8.864000e-03 7.620400e-02
66 9.133040e-01 8.832000e-03 7.786400e-02
67 9.116640e-01 8.936000e-03 7.940000e-02
68 9.100120e-01 8.932000e-03 8.105600e-02
69 9.084800e-01 8.796000e-03 8.272400e-02
70 9.070520e-01 8.684000e-03 8.426400e-02
71 9.054880e-01 8.728000e-03 8.578400e-02
72 9.037680e-01 9.068000e-03 8.716400e-02
73 9.021280e-01 9.148000e-03 8.872400e-02
74 9.004320e-01 9.200000e-03 9.036800e-02
75 8.988560e-01 9.240000e-03 9.190400e-02
76 8.972480e-01 9.200000e-03 9.355200e-02
77 8.955440e-01 9.292000e-03 9.516400e-02
78 8.939240e-01 9.312000e-03 9.676400e-02
79 8.923040e-01 9.404000e-03 9.829200e-02
80 8.907560e-01 9.352000e-03 9.989200e-02
81 8.892640e-01 9.244000e-03 1.014920e-01
82 8.874560e-01 9.392000e-03 1.031520e-01
83 8.859000e-01 9.252000e-03 1.048480e-01
84 8.842720e-01 9.232000e-03 1.064960e-01
85 8.827000e-01 9.096000e-03 1.082040e-01
86 8.811520e-01 9.012000e-03 1.098360e-01
87 8.794680e-01 9.208000e-03 1.113240e-01
88 8.778200e-01 9.324000e-03 1.128560e-01
89 8.761880e-01 9.312000e-03 1.145000e-01
90 8.745440e-01 9.240000e-03 1.162160e-01
91 8.728800e-01 9.308000e-03 1.178120e-01
92 8.713360e-01 9.168000e-03 1.194960e-01
93 8.698040e-01 9.168000e-03 1.210280e-01
94 8.682880e-01 9.152000e-03 1.225600e-01
95 8.670440e-01 8.760000e-03 1.241960e-01
96 8.656280e-01 8.692000e-03 1.256800e-01
97 8.643560e-01 8.424000e-03 1.272200e-01
98 8.628760e-01 8.444000e-03 1.286800e-01
99 8.614280e-01 8.336000e-03 1.302360e-01
100 8.600080e-01 8.296000e-03 1.316960e-01
101 8.586480e-01 8.316000e-03 1.330360e-01
102 8.572600e-01 8.192000e-03 1.345480e-01
103 8.559920e-01 8.044000e-03 1.359640e-01
104 8.546480e-01 8.064000e-03 1.372880e-01
105 8.532840e-01 8.012000e-03 1.387040e-01
106 8.518560e-01 8.172000e-03 1.399720e-01
107 8.504560e-01 8.120000e-03 1.414240e-01
108 8.491840e-01 7.996000e-03 1.428200e-01
109 8.478280e-01 7.940000e-03 1.442320e-01
110 8.464120e-01 7.972000e-03 1.456160e-01
111 8.451360e-01 7.732000e-03 1.471320e-01
112 8.436720e-01 7.836000e-03 1.484920e-01
113 8.425160e-01 7.652000e-03 1.498320e-01
114 8.412000e-01 7.592000e-03 1.512080e-01
115 8.397600e-01 7.584000e-03 1.526560e-01
116 8.384000e-01 7.672000e-03 1.539280e-01
117 8.371040e-01 7.620000e-03 1.552760e-01
118 8.355400e-01 7.888000e-03 1.565720e-01
119 8.339720e-01 8.076000e-03 1.579520e-01
120 8.323160e-01 8.248000e-03 1.594360e-01
121 8.306520e-01 8.484000e-03 1.608640e-01
122 8.291320e-01 8.456000e-03 1.624120e-01
123 8.275160e-01 8.572000e-03 1.639120e-01
124 8.260600e-01 8.452000e-03 1.654880e-01
125 8.245880e-01 8.420000e-03 1.669920e-01
126 8.232560e-01 8.272000e-03 1.684720e-01
127 8.219000e-01 8.264000e-03 1.698360e-01
128 8.204800e-01 8.332000e-03 1.711880e-01
129 8.191960e-01 8.240000e-03 1.725640e-01
130 8.176840e-01 8.360000e-03 1.739560e-01
131 8.161360e-01 8.476000e-03 1.753880e-01
132 8.146280e-01 8.580000e-03 1.767920e-01
133 8.132160e-01 8.452000e-03 1.783320e-01
134 8.118200e-01 8.316000e-03 1.798640e-01
135 8.104920e-01 8.192000e-03 1.813160e-01
136 8.091840e-01 8.112000e-03 1.827040e-01
137 8.078320e-01 7.976000e-03 1.841920e-01
138 8.065800e-01 7.904000e-03 1.855160e-01
139 8.052160e-01 7.968000e-03 1.868160e-01
140 8.038440e-01 8.064000e-03 1.880920e-01
141 8.024920e-01 8.072000e-03 1.894360e-01
142 8.011120e-01 7.980000e-03 1.909080e-01
143 7.997240e-01 7.996000e-03 1.922800e-01
144 7.983280e-01 8.128000e-03 1.935440e-01
145 7.968480e-01 8.244000e-03 1.949080e-01
146 7.954320e-01 8.276000e-03 1.962920e-01
147 7.940080e-01 8.288000e-03 1.977040e-01
148 7.926920e-01 8.108000e-03 1.992000e-01
149 7.914280e-01 7.988000e-03 2.005840e-01
150 7.901160e-01 7.988000e-03 2.018960e-01
151 7.886960e-01 8.060000e-03 2.032440e-01
152 7.874000e-01 7.836000e-03 2.047640e-01
153 7.862960e-01 7.640000e-03 2.060640e-01
154 7.851680e-01 7.312000e-03 2.075200e-01
155 7.840400e-01 7.072000e-03 2.088880e-01
156 7.829720e-01 6.932000e-03 2.100960e-01
157 7.818800e-01 6.816000e-03 2.113040e-01
158 7.808440e-01 6.768000e-03 2.123880e-01
159 7.799000e-01 6.592000e-03 2.135080e-01
160 7.789560e-01 6.296000e-03 2.147480e-01
161 7.779840e-01 6.156000e-03 2.158600e-01
162 7.770160e-01 6.004000e-03 2.169800e-01
163 7.759720e-01 5.972000e-03 2.180560e-01
164 7.750040e-01 5.928000e-03 2.190680e-01
165 7.740680e-01 5.724000e-03 2.202080e-01
166 7.730600e-01 5.792000e-03 2.211480e-01
167 7.721800e-01 5.744000e-03 2.220760e-01
168 7.712400e-01 5.696000e-03 2.230640e-01
169 7.703000e-01 5.620000e-03 2.240800e-01
170 7.692040e-01 5.832000e-03 2.249640e-01
171 7.682520e-01 5.620000e-03 2.261280e-01
172 7.672280e-01 5.704000e-03 2.270680e-01
173 7.661400e-01 5.828000e-03 2.280320e-01
174 7.650800e-01 5.844000e-03 2.290760e-01
175 7.639680e-01 5.912000e-03 2.301200e-01
176 7.629400e-01 5.896000e-03 2.311640e-01
177 7.619760e-01 5.812000e-03 2.322120e-01
178 7.608720e-01 5.932000e-03 2.331960e-01
179 7.598040e-01 6.004000e-03 2.341920e-01
180 7.587840e-01 5.932000e-03 2.352840e-01
181 7.577560e-01 5.752000e-03 2.364920e-01
182 7.568400e-01 5.720000e-03 2.374400e-01
183 7.558120e-01 5.728000e-03 2.384600e-01
184 7.548080e-01 5.716000e-03 2.394760e-01
185 7.538280e-01 5.664000e-03 2.405080e-01
186 7.526520e-01 5.880000e-03 2.414680e-01
187 7.516360e-01 5.884000e-03 2.424800e-01
188 7.506600e-01 5.772000e-03 2.435680e-01
189 7.496760e-01 5.752000e-03 2.445720e-01
190 7.487240e-01 5.660000e-03 2.456160e-01
191 7.477920e-01 5.560000e-03 2.466480e-01
192 7.468040e-01 5.564000e-03 2.476320e-01
193 7.457920e-01 5.544000e-03 2.486640e-01
194 7.448760e-01 5.484000e-03 2.496400e-01
195 7.438920e-01 5.568000e-03 2.505400e-01
196 7.428240e-01 5.636000e-03 2.515400e-01
197 7.419920e-01 5.484000e-03 2.525240e-01
198 7.410800e-01 5.324000e-03 2.535960e-01
199 7.402880e-01 5.280000e-03 2.544320e-01
200 7.394240e-01 5.192000e-03 2.553840e-01
201 7.384120e-01 5.228000e-03 2.563600e-01
202 7.376080e-01 5.084000e-03 2.573080e-01
203 7.366520e-01 5.080000e-03 2.582680e-01
204 7.357920e-01 5.100000e-03 2.591080e-01
205 7.348560e-01 5.104000e-03 2.600400e-01
206 7.340120e-01 5.024000e-03 2.609640e-01
207 7.331240e-01 5.052000e-03 2.618240e-01
208 7.322040e-01 5.064000e-03 2.627320e-01
209 7.313200e-01 5.052000e-03 2.636280e-01
210 7.303040e-01 5.200000e-03 2.644960e-01
211 7.294120e-01 5.304000e-03 2.652840e-01
212 7.284080e-01 5.396000e-03 2.661960e-01
213 7.275680e-01 5.380000e-03 2.670520e-01
214 7.264560e-01 5.476000e-03 2.680680e-01
215 7.255680e-01 5.428000e-03 2.690040e-01
216 7.245840e-01 5.448000e-03 2.699680e-01
217 7.234920e-01 5.552000e-03 2.709560e-01
218 7.225440e-01 5.544000e-03 2.719120e-01
219 7.216840e-01 5.484000e-03 2.728320e-01
220 7.209240e-01 5.240000e-03 2.738360e-01
221 7.200080e-01 5.184000e-03 2.748080e-01
222 7.191440e-01 5.148000e-03 2.757080e-01
223 7.183000e-01 5.204000e-03 2.764960e-01
224 7.174040e-01 5.148000e-03 2.774480e-01
225 7.165800e-01 5.004000e-03 2.784160e-01
226 7.157800e-01 4.932000e-03 2.792880e-01
227 7.149160e-01 4.892000e-03 2.801920e-01
228 7.140440e-01 4.892000e-03 2.810640e-01
229 7.131400e-01 4.956000e-03 2.819040e-01
230 7.122600e-01 4.988000e-03 2.827520e-01
231 7.114520e-01 5.000000e-03 2.835480e-01
232 7.106360e-01 4.912000e-03 2.844520e-01
233 7.098400e-01 4.832000e-03 2.853280e-01
234 7.089520e-01 4.852000e-03 2.861960e-01
235 7.082400e-01 4.788000e-03 2.869720e-01
236 7.074120e-01 4.720000e-03 2.878680e-01
237 7.065160e-01 4.768000e-03 2.887160e-01
238 7.057840e-01 4.660000e-03 2.895560e-01
239 7.049440e-01 4.708000e-03 2.903480e-01
240 7.039280e-01 4.924000e-03 2.911480e-01
241 7.029480e-01 5.108000e-03 2.919440e-01
242 7.019920e-01 5.176000e-03 2.928320e-01
243 7.010480e-01 5.212000e-03 2.937400e-01
244 7.001120e-01 5.300000e-03 2.945880e-01
245 6.992640e-01 5.268000e-03 2.954680e-01
246 6.985120e-01 5.120000e-03 2.963680e-01
247 6.976480e-01 5.004000e-03 2.973480e-01
248 6.969280e-01 4.904000e-03 2.981680e-01
249 6.962120e-01 4.820000e-03 2.989680e-01
250 6.954320e-01 4.836000e-03 2.997320e-01
251 6.947640e-01 4.620000e-03 3.006160e-01
252 6.941200e-01 4.560000e-03 3.013200e-01
253 6.934840e-01 4.500000e-03 3.020160e-01
254 6.926160e-01 4.572000e-03 3.028120e-01
255 6.918320e-01 4.496000e-03 3.036720e-01
256 6.909840e-01 4.604000e-03 3.044120e-01
257 6.901080e-01 4.748000e-03 3.051440e-01
258 6.892920e-01 4.716000e-03 3.059920e-01
259 6.884480e-01 4.788000e-03 3.067640e-01
260 6.875800e-01 4.820000e-03 3.076000e-01
261 6.867280e-01 4.804000e-03 3.084680e-01
262 6.859920e-01 4.732000e-03 3.092760e-01
263 6.853120e-01 4.660000e-03 3.100280e-01
264 6.846200e-01 4.620000e-03 3.107600e-01
265 6.839840e-01 4.476000e-03 3.115400e-01
266 6.833240e-01 4.284000e-03 3.123920e-01
267 6.827400e-01 4.092000e-03 3.131680e-01
268 6.820560e-01 4.056000e-03 3.138880e-01
269 6.814440e-01 3.840000e-03 3.147160e-01
270 6.807360e-01 3.940000e-03 3.153240e-01
271 6.801640e-01 3.840000e-03 3.159960e-01
272 6.795360e-01 3.800000e-03 3.166640e-01
273 6.789720e-01 3.604000e-03 3.174240e-01
274 6.784320e-01 3.596000e-03 3.179720e-01
275 6.777920e-01 3.556000e-03 3.186520e-01
276 6.772240e-01 3.544000e-03 3.192320e-01
277 6.765840e-01 3.512000e-03 3.199040e-01
278 6.759760e-01 3.596000e-03 3.204280e-01
279 6.754280e-01 3.584000e-03 3.209880e-01
280 6.747480e-01 3.580000e-03 3.216720e-01
281 6.741960e-01 3.484000e-03 3.223200e-01
282 6.735320e-01 3.548000e-03 3.229200e-01
283 6.729440e-01 3.564000e-03 3.234920e-01
284 6.723240e-01 3.584000e-03 3.240920e-01
285 6.717680e-01 3.572000e-03 3.246600e-01
286 6.710840e-01 3.580000e-03 3.253360e-01
287 6.705120e-01 3.556000e-03 3.259320e-01
288 6.699520e-01 3.540000e-03 3.265080e-01
289 6.693200e-01 3.576000e-03 3.271040e-01
290 6.687480e-01 3.620000e-03 3.276320e-01
291 6.682280e-01 3.484000e-03 3.282880e-01
292 6.676160e-01 3.400000e-03 3.289840e-01
293 6.671200e-01 3.304000e-03 3.295760e-01
294 6.665920e-01 3.232000e-03 3.301760e-01
295 6.660200e-01 3.220000e-03 3.307600e-01
296 6.655400e-01 3.164000e-03 3.312960e-01
297 6.650320e-01 3.056000e-03 3.319120e-01
298 6.645400e-01 3.040000e-03 3.324200e-01
299 6.639960e-01 3.076000e-03 3.329280e-01
300 6.633800e-01 3.116000e-03 3.335040e-01
301 6.628800e-01 3.104000e-03 3.340160e-01
302 6.623480e-01 3.056000e-03 3.345960e-01
303 6.618640e-01 3.048000e-03 3.350880e-01
304 6.613120e-01 3.084000e-03 3.356040e-01
305 6.607480e-01 3.128000e-03 3.361240e-01
306 6.602000e-01 3.180000e-03 3.366200e-01
307 6.596000e-01 3.212000e-03 3.371880e-01
308 6.590600e-01 3.224000e-03 3.377160e-01
309 6.585120e-01 3.176000e-03 3.383120e-01
310 6.579200e-01 3.316000e-03 3.387640e-01
311 6.573840e-01 3.336000e-03 3.392800e-01
312 6.568560e-01 3.308000e-03 3.398360e-01
313 6.562480e-01 3.388000e-03 3.403640e-01
314 6.556680e-01 3.424000e-03 3.409080e-01
315 6.550560e-01 3.396000e-03 3.415480e-01
316 6.544400e-01 3.364000e-03 3.421960e-01
317 6.538600e-01 3.284000e-03 3.428560e-01
318 6.533520e-01 3.176000e-03 3.434720e-01
319 6.528480e-01 3.136000e-03 3.440160e-01
320 6.524320e-01 3.016000e-03 3.445520e-01
321 6.519120e-01 2.936000e-03 3.451520e-01
322 6.513240e-01 3.028000e-03 3.456480e-01
323 6.507920e-01 3.084000e-03 3.461240e-01
324 6.503440e-01 2.980000e-03 3.466760e-01
325 6.497960e-01 3.016000e-03 3.471880e-01
326 6.492720e-01 3.004000e-03 3.477240e-01
327 6.487040e-01 3.060000e-03 3.482360e-01
328 6.481200e-01 3.148000e-03 3.487320e-01
329 6.475080e-01 3.156000e-03 3.493360e-01
330 6.469880e-01 3.032000e-03 3.499800e-01
331 6.464560e-01 3.024000e-03 3.505200e-01
332 6.459320e-01 3.016000e-03 3.510520e-01
333 6.453440e-01 3.048000e-03 3.516080e-01
334 6.448280e-01 3.020000e-03 3.521520e-01
335 6.442880e-01 3.036000e-03 3.526760e-01
336 6.436560e-01 3.212000e-03 3.531320e-01
337 6.430960e-01 3.252000e-03 3.536520e-01
338 6.425080e-01 3.220000e-03 3.542720e-01
339 6.419680e-01 3.256000e-03 3.547760e-01
340 6.413880e-01 3.308000e-03 3.553040e-01
341 6.408200e-01 3.280000e-03 3.559000e-01
342 6.402520e-01 3.312000e-03 3.564360e-01
343 6.397520e-01 3.260000e-03 3.569880e-01
344 6.392840e-01 3.152000e-03 3.575640e-01
345 6.388240e-01 3.156000e-03 3.580200e-01
346 6.383280e-01 3.176000e-03 3.584960e-01
347 6.378400e-01 3.132000e-03 3.590280e-01
348 6.373600e-01 3.004000e-03 3.596360e-01
349 6.367240e-01 3.076000e-03 3.602000e-01
350 6.362480e-01 3.036000e-03 3.607160e-01
351 6.357640e-01 3.016000e-03 3.612200e-01
352 6.352960e-01 2.960000e-03 3.617440e-01
353 6.347320e-01 2.988000e-03 3.622800e-01
354 6.341760e-01 2.992000e-03 3.628320e-01
355 6.337560e-01 2.904000e-03 3.633400e-01
356 6.332760e-01 2.848000e-03 3.638760e-01
357 6.327560e-01 2.928000e-03 3.643160e-01
358 6.322120e-01 2.976000e-03 3.648120e-01
359 6.317080e-01 2.896000e-03 3.653960e-01
360 6.312360e-01 2.864000e-03 3.659000e-01
361 6.308120e-01 2.772000e-03 3.664160e-01
362 6.302040e-01 2.900000e-03 3.668960e-01
363 6.296520e-01 2.880000e-03 3.674680e-01
364 6.291760e-01 2.812000e-03 3.680120e-01
365 6.286360e-01 2.892000e-03 3.684720e-01
366 6.281600e-01 2.824000e-03 3.690160e-01
367 6.277600e-01 2.688000e-03 3.695520e-01
368 6.273320e-01 2.652000e-03 3.700160e-01
369 6.268640e-01 2.740000e-03 3.703960e-01
370 6.264440e-01 2.672000e-03 3.708840e-01
371 6.260080e-01 2.684000e-03 3.713080e-01
372 6.256600e-01 2.548000e-03 3.717920e-01
373 6.252240e-01 2.524000e-03 3.722520e-01
374 6.247920e-01 2.536000e-03 3.726720e-01
375 6.243680e-01 2.484000e-03 3.731480e-01
376 6.239480e-01 2.508000e-03 3.735440e-01
377 6.235000e-01 2.560000e-03 3.739400e-01
378 6.231320e-01 2.520000e-03 3.743480e-01
379 6.228240e-01 2.396000e-03 3.747800e-01
380 6.224400e-01 2.356000e-03 3.752040e-01
381 6.220160e-01 2.344000e-03 3.756400e-01
382 6.216240e-01 2.356000e-03 3.760200e-01
383 6.211880e-01 2.432000e-03 3.763800e-01
384 6.207480e-01 2.484000e-03 3.767680e-01
385 6.203280e-01 2.412000e-03 3.772600e-01
386 6.199480e-01 2.400000e-03 3.776520e-01
387 6.195200e-01 2.436000e-03 3.780440e-01
388 6.190560e-01 2.388000e-03 3.785560e-01
389 6.187360e-01 2.332000e-03 3.789320e-01
390 6.184040e-01 2.272000e-03 3.793240e-01
391 6.180440e-01 2.244000e-03 3.797120e-01
392 6.175840e-01 2.248000e-03 3.801680e-01
393 6.171840e-01 2.244000e-03 3.805720e-01
394 6.167320e-01 2.288000e-03 3.809800e-01
395 6.163280e-01 2.296000e-03 3.813760e-01
396 6.159240e-01 2.320000e-03 3.817560e-01
397 6.154680e-01 2.360000e-03 3.821720e-01
398 6.150360e-01 2.400000e-03 3.825640e-01
399 6.146880e-01 2.348000e-03 3.829640e-01
400 6.142280e-01 2.420000e-03 3.833520e-01
401 6.138320e-01 2.436000e-03 3.837320e-01
402 6.132880e-01 2.564000e-03 3.841480e-01
403 6.128240e-01 2.476000e-03 3.847000e-01
404 6.124000e-01 2.464000e-03 3.851360e-01
405 6.119160e-01 2.548000e-03 3.855360e-01
406 6.114600e-01 2.572000e-03 3.859680e-01
407 6.110480e-01 2.584000e-03 3.863680e-01
408 6.106040e-01 2.544000e-03 3.868520e-01
409 6.101120e-01 2.608000e-03 3.872800e-01
410 6.097200e-01 2.568000e-03 3.877120e-01
411 6.092960e-01 2.492000e-03 3.882120e-01
412 6.088800e-01 2.440000e-03 3.886800e-01
413 6.084800e-01 2.444000e-03 3.890760e-01
414 6.081760e-01 2.320000e-03 3.895040e-01
415 6.077160e-01 2.408000e-03 3.898760e-01
416 6.073520e-01 2.352000e-03 3.902960e-01
417 6.068520e-01 2.476000e-03 3.906720e-01
418 6.062240e-01 2.656000e-03 3.911200e-01
419 6.056640e-01 2.732000e-03 3.916040e-01
420 6.052520e-01 2.708000e-03 3.920400e-01
421 6.047640e-01 2.756000e-03 3.924800e-01
422 6.042640e-01 2.760000e-03 3.929760e-01
423 6.037560e-01 2.780000e-03 3.934640e-01
424 6.033440e-01 2.568000e-03 3.940880e-01
425 6.029120e-01 2.532000e-03 3.945560e-01
426 6.024880e-01 2.492000e-03 3.950200e-01
427 6.019600e-01 2.544000e-03 3.954960e-01
428 6.015320e-01 2.476000e-03 3.959920e-01
429 6.010960e-01 2.540000e-03 3.963640e-01
430 6.007040e-01 2.520000e-03 3.967760e-01
431 6.002640e-01 2.484000e-03 3.972520e-01
432 5.998360e-01 2.500000e-03 3.976640e-01
433 5.994280e-01 2.508000e-03 3.980640e-01
434 5.990200e-01 2.476000e-03 3.985040e-01
435 5.986880e-01 2.360000e-03 3.989520e-01
436 5.983560e-01 2.332000e-03 3.993120e-01
437 5.979800e-01 2.288000e-03 3.997320e-01
438 5.976280e-01 2.244000e-03 4.001280e-01
439 5.972840e-01 2.180000e-03 4.005360e-01
440 5.970200e-01 2.128000e-03 4.008520e-01
441 5.967720e-01 2.000000e-03 4.012280e-01
442 5.965320e-01 1.920000e-03 4.015480e-01
443 5.962480e-01 1.852000e-03 4.019000e-01
444 5.960160e-01 1.732000e-03 4.022520e-01
445 5.957160e-01 1.720000e-03 4.025640e-01
446 5.954200e-01 1.656000e-03 4.029240e-01
447 5.951840e-01 1.600000e-03 4.032160e-01
448 5.949520e-01 1.596000e-03 4.034520e-01
449 5.946880e-01 1.600000e-03 4.037120e-01
450 5.943960e-01 1.600000e-03 4.040040e-01
451 5.941000e-01 1.644000e-03 4.042560e-01
452 5.936960e-01 1.728000e-03 4.045760e-01
453 5.933720e-01 1.752000e-03 4.048760e-01
454 5.930880e-01 1.744000e-03 4.051680e-01
455 5.928320e-01 1.664000e-03 4.055040e-01
456 5.925320e-01 1.656000e-03 4.058120e-01
457 5.922920e-01 1.592000e-03 4.061160e-01
458 5.920040e-01 1.604000e-03 4.063920e-01
459 5.917240e-01 1.524000e-03 4.067520e-01
460 5.914480e-01 1.536000e-03 4.070160e-01
461 5.912080e-01 1.528000e-03 4.072640e-01
462 5.909280e-01 1.560000e-03 4.075120e-01
463 5.906920e-01 1.504000e-03 4.078040e-01
464 5.904760e-01 1.448000e-03 4.080760e-01
465 5.902400e-01 1.440000e-03 4.083200e-01
466 5.900720e-01 1.344000e-03 4.085840e-01
467 5.898800e-01 1.336000e-03 4.087840e-01
468 5.897200e-01 1.268000e-03 4.090120e-01
469 5.895360e-01 1.216000e-03 4.092480e-01
470 5.893520e-01 1.168000e-03 4.094800e-01
471 5.891800e-01 1.128000e-03 4.096920e-01
472 5.890840e-01 1.024000e-03 4.098920e-01
473 5.889000e-01 1.040000e-03 4.100600e-01
474 5.887680e-01 9.680000e-04 4.102640e-01
475 5.886280e-01 8.800000e-04 4.104920e-01
476 5.885240e-01 8.000000e-04 4.106760e-01
477 5.884000e-01 8.040000e-04 4.107960e-01
478 5.882600e-01 7.840000e-04 4.109560e-01
479 5.881240e-01 7.520000e-04 4.111240e-01
480 5.879920e-01 7.800000e-04 4.112280e-01
481 5.879040e-01 6.960000e-04 4.114000e-01
482 5.878240e-01 6.920000e-04 4.114840e-01
483 5.877200e-01 6.720000e-04 4.116080e-01
484 5.876320e-01 6.240000e-04 4.117440e-01
485 5.875000e-01 6.720000e-04 4.118280e-01
486 5.874320e-01 6.240000e-04 4.119440e-01
487 5.873040e-01 6.160000e-04 4.120800e-01
488 5.872080e-01 6.240000e-04 4.121680e-01
489 5.870720e-01 6.680000e-04 4.122600e-01
490 5.869280e-01 7.040000e-04 4.123680e-01
491 5.868320e-01 6.560000e-04 4.125120e-01
492 5.866920e-01 6.760000e-04 4.126320e-01
493 5.865680e-01 7.000000e-04 4.127320e-01
494 5.864200e-01 7.400000e-04 4.128400e-01
495 5.862320e-01 7.840000e-04 4.129840e-01
496 5.860440e-01 8.720000e-04 4.130840e-01
497 5.858920e-01 8.840000e-04 4.132240e-01
498 5.857040e-01 9.280000e-04 4.133680e-01
499 5.855360e-01 9.360000e-04 4.135280e-01
500 5.853440e-01 9.400000e-04 4.137160e-01
