1 9.992120e-01 7.040000e-04 8.400000e-05
2 9.986840e-01 1.084000e-03 2.320000e-04
3 9.981200e-01 1.440000e-03 4.400000e-04
4 9.974720e-01 1.780000e-03 7.480000e-04
5 9.967880e-01 2.108000e-03 1.104000e-03
6 9.959800e-01 2.468000e-03 1.552000e-03
7 9.950200e-01 2.992000e-03 1.988000e-03
8 9.940880e-01 3.440000e-03 2.472000e-03
9 9.931280e-01 3.676000e-03 3.196000e-03
10 9.921880e-01 3.928000e-03 3.884000e-03
11 9.911320e-01 4.188000e-03 4.680000e-03
12 9.900920e-01 4.460000e-03 5.448000e-03
13 9.889920e-01 4.840000e-03 6.168000e-03
14 9.880720e-01 4.960000e-03 6.968000e-03
15 9.868440e-01 5.248000e-03 7.908000e-03
16 9.856760e-01 5.496000e-03 8.828000e-03
17 9.844560e-01 5.864000e-03 9.680000e-03
18 9.832720e-01 6.060000e-03 1.066800e-02
19 9.821200e-01 5.972000e-03 1.190800e-02
20 9.810560e-01 5.940000e-03 1.300400e-02
21 9.799520e-01 6.048000e-03 1.400000e-02
22 9.788480e-01 6.024000e-03 1.512800e-02
23 9.775560e-01 6.264000e-03 1.618000e-02
24 9.763520e-01 6.452000e-03 1.719600e-02
25 9.752240e-01 6.336000e-03 1.844000e-02
26 9.741120e-01 6.232000e-03 1.965600e-02
27 9.728920e-01 6.288000e-03 2.082000e-02
28 9.716720e-01 6.284000e-03 2.204400e-02
29 9.704720e-01 6.408000e-03 2.312000e-02
30 9.691400e-01 6.612000e-03 2.424800e-02
31 9.677880e-01 6.740000e-03 2.547200e-02
32 9.664320e-01 6.880000e-03 2.668800e-02
33 9.650600e-01 7.036000e-03 2.790400e-02
34 9.637480e-01 7.100000e-03 2.915200e-02
35 9.623680e-01 7.180000e-03 3.045200e-02
36 9.610520e-01 7.252000e-03 3.169600e-02
37 9.596760e-01 7.428000e-03 3.289600e-02
38 9.582480e-01 7.456000e-03 3.429600e-02
39 9.567920e-01 7.592000e-03 3.561600e-02
40 9.552520e-01 7.852000e-03 3.689600e-02
41 9.538640e-01 7.860000e-03 3.827600e-02
42 9.524080e-01 7.832000e-03 3.976000e-02
43 9.509880e-01 7.768000e-03 4.124400e-02
44 9.495960e-01 7.740000e-03 4.266400e-02
45 9.483080e-01 7.700000e-03 4.399200e-02
46 9.468440e-01 7.860000e-03 4.529600e-02
47 9.454160e-01 7.840000e-03 4.674400e-02
48 9.439040e-01 7.988000e-03 4.810800e-02
49 9.422760e-01 8.256000e-03 4.946800e-02
50 9.405240e-01 8.512000e-03 5.096400e-02
51 9.389720e-01 8.600000e-03 5.242800e-02
52 9.373760e-01 8.672000e-03 5.395200e-02
53 9.356920e-01 8.868000e-03 5.544000e-02
54 9.340200e-01 8.996000e-03 5.698400e-02
55 9.322800e-01 9.276000e-03 5.844400e-02
56 9.306320e-01 9.252000e-03 6.011600e-02
57 9.289280e-01 9.252000e-03 6.182000e-02
58 9.272760e-01 9.152000e-03 6.357200e-02
59 9.256520e-01 9.156000e-03 6.519200e-02
60 9.240520e-01 9.172000e-03 6.677600e-02
61 9.225000e-01 9.040000e-03 6.846000e-02
62 9.208240e-01 9.072000e-03 7.010400e-02
63 9.193360e-01 8.940000e-03 7.172400e-02
64 9.177880e-01 8.932000e-03 7.328000e-02
65 9.160360e-01 9.176000e-03 7.478800e-02
66 9.144720e-01 9.028000e-03 7.650000e-02
67 9.126560e-01 9.292000e-03 7.805200e-02
68 9.107760e-01 9.552000e-03 7.967200e-02
69 9.090800e-01 9.624000e-03 8.129600e-02
70 9.073200e-01 9.728000e-03 8.295200e-02
71 9.055160e-01 9.924000e-03 8.456000e-02
72 9.037800e-01 9.852000e-03 8.636800e-02
73 9.020520e-01 9.892000e-03 8.805600e-02
74 9.002400e-01 9.920000e-03 8.984000e-02
75 8.985720e-01 9.872000e-03 9.155600e-02
76 8.969000e-01 9.732000e-03 9.336800e-02
77 8.950480e-01 1.001200e-02 9.494000e-02
78 8.933240e-01 9.952000e-03 9.672400e-02
79 8.916560e-01 9.876000e-03 9.846800e-02
80 8.899160e-01 9.700000e-03 1.003840e-01
81 8.881680e-01 9.832000e-03 1.020000e-01
82 8.865840e-01 9.728000e-03 1.036880e-01
83 8.848040e-01 9.896000e-03 1.053000e-01
84 8.830200e-01 9.912000e-03 1.070680e-01
85 8.811920e-01 1.003200e-02 1.087760e-01
86 8.794000e-01 9.872000e-03 1.107280e-01
87 8.777960e-01 9.724000e-03 1.124800e-01
88 8.761040e-01 9.860000e-03 1.140360e-01
89 8.743120e-01 9.996000e-03 1.156920e-01
90 8.725760e-01 1.004000e-02 1.173840e-01
91 8.707840e-01 1.007600e-02 1.191400e-01
92 8.690000e-01 1.000000e-02 1.210000e-01
93 8.671320e-01 1.002000e-02 1.228480e-01
94 8.653360e-01 9.896000e-03 1.247680e-01
95 8.634440e-01 1.008400e-02 1.264720e-01
96 8.615520e-01 1.018000e-02 1.282680e-01
97 8.597760e-01 1.030400e-02 1.299200e-01
98 8.578560e-01 1.030800e-02 1.318360e-01
99 8.560640e-01 1.036000e-02 1.335760e-01
100 8.544240e-01 1.028000e-02 1.352960e-01
101 8.529080e-01 1.006800e-02 1.370240e-01
102 8.513120e-01 1.001600e-02 1.386720e-01
103 8.498040e-01 9.876000e-03 1.403200e-01
104 8.482120e-01 9.776000e-03 1.420120e-01
105 8.468320e-01 9.480000e-03 1.436880e-01
106 8.452640e-01 9.480000e-03 1.452560e-01
107 8.434880e-01 9.580000e-03 1.469320e-01
108 8.420080e-01 9.308000e-03 1.486840e-01
109 8.405920e-01 9.060000e-03 1.503480e-01
110 8.391960e-01 8.872000e-03 1.519320e-01
111 8.378480e-01 8.592000e-03 1.535600e-01
112 8.364400e-01 8.520000e-03 1.550400e-01
113 8.350600e-01 8.440000e-03 1.565000e-01
114 8.336520e-01 8.456000e-03 1.578920e-01
115 8.321640e-01 8.544000e-03 1.592920e-01
116 8.306760e-01 8.564000e-03 1.607600e-01
117 8.291880e-01 8.668000e-03 1.621440e-01
118 8.276640e-01 8.728000e-03 1.636080e-01
119 8.262920e-01 8.668000e-03 1.650400e-01
120 8.249080e-01 8.436000e-03 1.666560e-01
121 8.234680e-01 8.376000e-03 1.681560e-01
122 8.219960e-01 8.416000e-03 1.695880e-01
123 8.205040e-01 8.516000e-03 1.709800e-01
124 8.187600e-01 8.692000e-03 1.725480e-01
125 8.173120e-01 8.500000e-03 1.741880e-01
126 8.158560e-01 8.484000e-03 1.756600e-01
127 8.142840e-01 8.640000e-03 1.770760e-01
128 8.128560e-01 8.628000e-03 1.785160e-01
129 8.114200e-01 8.684000e-03 1.798960e-01
130 8.100720e-01 8.484000e-03 1.814440e-01
131 8.086280e-01 8.480000e-03 1.828920e-01
132 8.070880e-01 8.588000e-03 1.843240e-01
133 8.055840e-01 8.748000e-03 1.856680e-01
134 8.040520e-01 8.744000e-03 1.872040e-01
135 8.025880e-01 8.696000e-03 1.887160e-01
136 8.010240e-01 8.740000e-03 1.902360e-01
137 7.995680e-01 8.668000e-03 1.917640e-01
138 7.981320e-01 8.672000e-03 1.931960e-01
139 7.967680e-01 8.620000e-03 1.946120e-01
140 7.953960e-01 8.520000e-03 1.960840e-01
141 7.940320e-01 8.564000e-03 1.974040e-01
142 7.926640e-01 8.468000e-03 1.988680e-01
143 7.913760e-01 8.260000e-03 2.003640e-01
144 7.899880e-01 8.068000e-03 2.019440e-01
145 7.885920e-01 8.100000e-03 2.033080e-01
146 7.874120e-01 7.832000e-03 2.047560e-01
147 7.861200e-01 7.652000e-03 2.062280e-01
148 7.848320e-01 7.616000e-03 2.075520e-01
149 7.836680e-01 7.604000e-03 2.087280e-01
150 7.823040e-01 7.592000e-03 2.101040e-01
151 7.810320e-01 7.572000e-03 2.113960e-01
152 7.797320e-01 7.700000e-03 2.125680e-01
153 7.783440e-01 7.684000e-03 2.139720e-01
154 7.770200e-01 7.656000e-03 2.153240e-01
155 7.757520e-01 7.676000e-03 2.165720e-01
156 7.745760e-01 7.552000e-03 2.178720e-01
157 7.732720e-01 7.532000e-03 2.191960e-01
158 7.719280e-01 7.588000e-03 2.204840e-01
159 7.707880e-01 7.420000e-03 2.217920e-01
160 7.696440e-01 7.296000e-03 2.230600e-01
161 7.686040e-01 7.004000e-03 2.243920e-01
162 7.675080e-01 6.908000e-03 2.255840e-01
163 7.664880e-01 6.724000e-03 2.267880e-01
164 7.654400e-01 6.628000e-03 2.279320e-01
165 7.643640e-01 6.540000e-03 2.290960e-01
166 7.631760e-01 6.624000e-03 2.302000e-01
167 7.620920e-01 6.564000e-03 2.313440e-01
168 7.610000e-01 6.508000e-03 2.324920e-01
169 7.597080e-01 6.632000e-03 2.336600e-01
170 7.584920e-01 6.640000e-03 2.348680e-01
171 7.573640e-01 6.604000e-03 2.360320e-01
172 7.563440e-01 6.408000e-03 2.372480e-01
173 7.552440e-01 6.388000e-03 2.383680e-01
174 7.543240e-01 6.172000e-03 2.395040e-01
175 7.533040e-01 6.060000e-03 2.406360e-01
176 7.521840e-01 6.084000e-03 2.417320e-01
177 7.511680e-01 6.048000e-03 2.427840e-01
178 7.500720e-01 6.112000e-03 2.438160e-01
179 7.490040e-01 6.080000e-03 2.449160e-01
180 7.479240e-01 6.072000e-03 2.460040e-01
181 7.468640e-01 6.160000e-03 2.469760e-01
182 7.458360e-01 6.156000e-03 2.480080e-01
183 7.447880e-01 6.068000e-03 2.491440e-01
184 7.437240e-01 6.080000e-03 2.501960e-01
185 7.425440e-01 6.040000e-03 2.514160e-01
186 7.413480e-01 6.168000e-03 2.524840e-01
187 7.402040e-01 6.288000e-03 2.535080e-01
188 7.391040e-01 6.244000e-03 2.546520e-01
189 7.380120e-01 6.272000e-03 2.557160e-01
190 7.369240e-01 6.256000e-03 2.568200e-01
191 7.357440e-01 6.312000e-03 2.579440e-01
192 7.347560e-01 6.196000e-03 2.590480e-01
193 7.337920e-01 6.072000e-03 2.601360e-01
194 7.327480e-01 6.096000e-03 2.611560e-01
195 7.317440e-01 6.024000e-03 2.622320e-01
196 7.306400e-01 6.140000e-03 2.632200e-01
197 7.294360e-01 6.328000e-03 2.642360e-01
198 7.282280e-01 6.356000e-03 2.654160e-01
199 7.269560e-01 6.448000e-03 2.665960e-01
200 7.256320e-01 6.676000e-03 2.676920e-01
201 7.244600e-01 6.620000e-03 2.689200e-01
202 7.233760e-01 6.484000e-03 2.701400e-01
203 7.223160e-01 6.420000e-03 2.712640e-01
204 7.212480e-01 6.372000e-03 2.723800e-01
205 7.201800e-01 6.332000e-03 2.734880e-01
206 7.189520e-01 6.464000e-03 2.745840e-01
207 7.178680e-01 6.528000e-03 2.756040e-01
208 7.169800e-01 6.336000e-03 2.766840e-01
209 7.159080e-01 6.364000e-03 2.777280e-01
210 7.148320e-01 6.376000e-03 2.787920e-01
211 7.137560e-01 6.348000e-03 2.798960e-01
212 7.126280e-01 6.448000e-03 2.809240e-01
213 7.116520e-01 6.412000e-03 2.819360e-01
214 7.108440e-01 6.140000e-03 2.830160e-01
215 7.098960e-01 6.116000e-03 2.839880e-01
216 7.090760e-01 5.740000e-03 2.851840e-01
217 7.082040e-01 5.536000e-03 2.862600e-01
218 7.072320e-01 5.556000e-03 2.872120e-01
219 7.062840e-01 5.496000e-03 2.882200e-01
220 7.053920e-01 5.404000e-03 2.892040e-01
221 7.044920e-01 5.348000e-03 2.901600e-01
222 7.034600e-01 5.404000e-03 2.911360e-01
223 7.024760e-01 5.548000e-03 2.919760e-01
224 7.014360e-01 5.596000e-03 2.929680e-01
225 7.004520e-01 5.492000e-03 2.940560e-01
226 6.995560e-01 5.484000e-03 2.949600e-01
227 6.986160e-01 5.444000e-03 2.959400e-01
228 6.975640e-01 5.544000e-03 2.968920e-01
229 6.965680e-01 5.648000e-03 2.977840e-01
230 6.955480e-01 5.736000e-03 2.987160e-01
231 6.946200e-01 5.660000e-03 2.997200e-01
232 6.937040e-01 5.664000e-03 3.006320e-01
233 6.927920e-01 5.536000e-03 3.016720e-01
234 6.918840e-01 5.540000e-03 3.025760e-01
235 6.908840e-01 5.572000e-03 3.035440e-01
236 6.899960e-01 5.488000e-03 3.045160e-01
237 6.892200e-01 5.356000e-03 3.054240e-01
238 6.883880e-01 5.128000e-03 3.064840e-01
239 6.874920e-01 5.124000e-03 3.073840e-01
240 6.866680e-01 5.056000e-03 3.082760e-01
241 6.858960e-01 4.964000e-03 3.091400e-01
242 6.851760e-01 4.804000e-03 3.100200e-01
243 6.843400e-01 4.744000e-03 3.109160e-01
244 6.835320e-01 4.704000e-03 3.117640e-01
245 6.828640e-01 4.636000e-03 3.125000e-01
246 6.821720e-01 4.540000e-03 3.132880e-01
247 6.813920e-01 4.392000e-03 3.142160e-01
248 6.807120e-01 4.276000e-03 3.150120e-01
249 6.799880e-01 4.276000e-03 3.157360e-01
250 6.792960e-01 4.308000e-03 3.163960e-01
251 6.785240e-01 4.340000e-03 3.171360e-01
252 6.778160e-01 4.260000e-03 3.179240e-01
253 6.772120e-01 4.172000e-03 3.186160e-01
254 6.763360e-01 4.316000e-03 3.193480e-01
255 6.756240e-01 4.228000e-03 3.201480e-01
256 6.749680e-01 4.016000e-03 3.210160e-01
257 6.742640e-01 4.140000e-03 3.215960e-01
258 6.734880e-01 4.148000e-03 3.223640e-01
259 6.727920e-01 4.160000e-03 3.230480e-01
260 6.720040e-01 4.196000e-03 3.238000e-01
261 6.712040e-01 4.276000e-03 3.245200e-01
262 6.705000e-01 4.256000e-03 3.252440e-01
263 6.696520e-01 4.336000e-03 3.260120e-01
264 6.689480e-01 4.340000e-03 3.267120e-01
265 6.682560e-01 4.192000e-03 3.275520e-01
266 6.675160e-01 4.132000e-03 3.283520e-01
267 6.668360e-01 4.068000e-03 3.290960e-01
268 6.661480e-01 4.024000e-03 3.298280e-01
269 6.654720e-01 4.024000e-03 3.305040e-01
270 6.647960e-01 3.996000e-03 3.312080e-01
271 6.640200e-01 4.108000e-03 3.318720e-01
272 6.634080e-01 3.892000e-03 3.327000e-01
273 6.627560e-01 3.904000e-03 3.333400e-01
274 6.621200e-01 3.848000e-03 3.340320e-01
275 6.614240e-01 3.840000e-03 3.347360e-01
276 6.607960e-01 3.832000e-03 3.353720e-01
277 6.602200e-01 3.876000e-03 3.359040e-01
278 6.597000e-01 3.756000e-03 3.365440e-01
279 6.591160e-01 3.684000e-03 3.372000e-01
280 6.585200e-01 3.648000e-03 3.378320e-01
281 6.580880e-01 3.420000e-03 3.384920e-01
282 6.576240e-01 3.292000e-03 3.390840e-01
283 6.571320e-01 3.312000e-03 3.395560e-01
284 6.566600e-01 3.176000e-03 3.401640e-01
285 6.561600e-01 3.084000e-03 3.407560e-01
286 6.555640e-01 3.088000e-03 3.413480e-01
287 6.550520e-01 3.004000e-03 3.419440e-01
288 6.544720e-01 3.100000e-03 3.424280e-01
289 6.539920e-01 3.032000e-03 3.429760e-01
290 6.535120e-01 2.976000e-03 3.435120e-01
291 6.529640e-01 3.004000e-03 3.440320e-01
292 6.524200e-01 3.076000e-03 3.445040e-01
293 6.518920e-01 3.048000e-03 3.450600e-01
294 6.512800e-01 3.080000e-03 3.456400e-01
295 6.506920e-01 3.100000e-03 3.462080e-01
296 6.502160e-01 2.980000e-03 3.468040e-01
297 6.497160e-01 2.892000e-03 3.473920e-01
298 6.492360e-01 2.864000e-03 3.479000e-01
299 6.487240e-01 2.820000e-03 3.484560e-01
300 6.482440e-01 2.896000e-03 3.488600e-01
301 6.477800e-01 2.892000e-03 3.493280e-01
302 6.472760e-01 2.928000e-03 3.497960e-01
303 6.468320e-01 2.892000e-03 3.502760e-01
304 6.464560e-01 2.744000e-03 3.508000e-01
305 6.459640e-01 2.768000e-03 3.512680e-01
306 6.455640e-01 2.672000e-03 3.517640e-01
307 6.451440e-01 2.648000e-03 3.522080e-01
308 6.448080e-01 2.524000e-03 3.526680e-01
309 6.445040e-01 2.328000e-03 3.531680e-01
310 6.442160e-01 2.200000e-03 3.535840e-01
311 6.439720e-01 2.004000e-03 3.540240e-01
312 6.437000e-01 1.928000e-03 3.543720e-01
313 6.433320e-01 2.004000e-03 3.546640e-01
314 6.429240e-01 2.016000e-03 3.550600e-01
315 6.425120e-01 2.040000e-03 3.554480e-01
316 6.421520e-01 2.076000e-03 3.557720e-01
317 6.418640e-01 2.008000e-03 3.561280e-01
318 6.415320e-01 1.948000e-03 3.565200e-01
319 6.411720e-01 1.976000e-03 3.568520e-01
320 6.408760e-01 1.912000e-03 3.572120e-01
321 6.405760e-01 1.924000e-03 3.575000e-01
322 6.403480e-01 1.848000e-03 3.578040e-01
323 6.400120e-01 1.896000e-03 3.580920e-01
324 6.397400e-01 1.888000e-03 3.583720e-01
325 6.394400e-01 1.828000e-03 3.587320e-01
326 6.391320e-01 1.776000e-03 3.590920e-01
327 6.388320e-01 1.756000e-03 3.594120e-01
328 6.385800e-01 1.716000e-03 3.597040e-01
329 6.383440e-01 1.620000e-03 3.600360e-01
330 6.380560e-01 1.688000e-03 3.602560e-01
331 6.377880e-01 1.644000e-03 3.605680e-01
332 6.374400e-01 1.696000e-03 3.608640e-01
333 6.371160e-01 1.744000e-03 3.611400e-01
334 6.367640e-01 1.828000e-03 3.614080e-01
335 6.363520e-01 1.864000e-03 3.617840e-01
336 6.360480e-01 1.820000e-03 3.621320e-01
337 6.357360e-01 1.800000e-03 3.624640e-01
338 6.354480e-01 1.812000e-03 3.627400e-01
339 6.350040e-01 1.908000e-03 3.630880e-01
340 6.346520e-01 1.972000e-03 3.633760e-01
341 6.343160e-01 1.936000e-03 3.637480e-01
342 6.339680e-01 1.988000e-03 3.640440e-01
343 6.336520e-01 1.980000e-03 3.643680e-01
344 6.333040e-01 1.964000e-03 3.647320e-01
345 6.330080e-01 1.944000e-03 3.650480e-01
346 6.326800e-01 1.972000e-03 3.653480e-01
347 6.324080e-01 1.916000e-03 3.656760e-01
348 6.320560e-01 1.968000e-03 3.659760e-01
349 6.317600e-01 2.016000e-03 3.662240e-01
350 6.314800e-01 1.944000e-03 3.665760e-01
351 6.312360e-01 1.832000e-03 3.669320e-01
352 6.310080e-01 1.760000e-03 3.672320e-01
353 6.308120e-01 1.596000e-03 3.675920e-01
354 6.305880e-01 1.544000e-03 3.678680e-01
355 6.303960e-01 1.468000e-03 3.681360e-01
356 6.301960e-01 1.412000e-03 3.683920e-01
357 6.299800e-01 1.412000e-03 3.686080e-01
358 6.297360e-01 1.388000e-03 3.688760e-01
359 6.295080e-01 1.388000e-03 3.691040e-01
360 6.293320e-01 1.344000e-03 3.693240e-01
361 6.291720e-01 1.248000e-03 3.695800e-01
362 6.289960e-01 1.220000e-03 3.697840e-01
363 6.287720e-01 1.236000e-03 3.699920e-01
364 6.285680e-01 1.224000e-03 3.702080e-01
365 6.283640e-01 1.240000e-03 3.703960e-01
366 6.281880e-01 1.140000e-03 3.706720e-01
367 6.280120e-01 1.140000e-03 3.708480e-01
368 6.278480e-01 1.124000e-03 3.710280e-01
369 6.276720e-01 1.156000e-03 3.711720e-01
370 6.274920e-01 1.148000e-03 3.713600e-01
371 6.272680e-01 1.208000e-03 3.715240e-01
372 6.270680e-01 1.164000e-03 3.717680e-01
373 6.269120e-01 1.132000e-03 3.719560e-01
374 6.267000e-01 1.156000e-03 3.721440e-01
375 6.265520e-01 1.100000e-03 3.723480e-01
376 6.264120e-01 1.032000e-03 3.725560e-01
377 6.262480e-01 9.920000e-04 3.727600e-01
378 6.261000e-01 9.720000e-04 3.729280e-01
379 6.259320e-01 9.400000e-04 3.731280e-01
380 6.257520e-01 9.520000e-04 3.732960e-01
381 6.255480e-01 9.760000e-04 3.734760e-01
382 6.253960e-01 9.360000e-04 3.736680e-01
383 6.252400e-01 9.400000e-04 3.738200e-01
384 6.250840e-01 9.840000e-04 3.739320e-01
385 6.249400e-01 9.320000e-04 3.741280e-01
386 6.248120e-01 9.040000e-04 3.742840e-01
387 6.246200e-01 8.920000e-04 3.744880e-01
388 6.244600e-01 9.040000e-04 3.746360e-01
389 6.243160e-01 9.040000e-04 3.747800e-01
390 6.241880e-01 8.240000e-04 3.749880e-01
391 6.240600e-01 8.040000e-04 3.751360e-01
392 6.239080e-01 7.680000e-04 3.753240e-01
393 6.237880e-01 7.880000e-04 3.754240e-01
394 6.236120e-01 8.680000e-04 3.755200e-01
395 6.235000e-01 8.080000e-04 3.756920e-01
396 6.233480e-01 7.960000e-04 3.758560e-01
397 6.232320e-01 7.880000e-04 3.759800e-01
398 6.230840e-01 8.000000e-04 3.761160e-01
399 6.229360e-01 8.280000e-04 3.762360e-01
400 6.228520e-01 7.840000e-04 3.763640e-01
401 6.227520e-01 7.360000e-04 3.765120e-01
402 6.226920e-01 6.520000e-04 3.766560e-01
403 6.225920e-01 6.440000e-04 3.767640e-01
404 6.224960e-01 6.240000e-04 3.768800e-01
405 6.224040e-01 5.840000e-04 3.770120e-01
406 6.223040e-01 5.680000e-04 3.771280e-01
407 6.222400e-01 5.200000e-04 3.772400e-01
408 6.221400e-01 5.200000e-04 3.773400e-01
409 6.220320e-01 5.480000e-04 3.774200e-01
410 6.219280e-01 5.840000e-04 3.774880e-01
411 6.218360e-01 5.640000e-04 3.776000e-01
412 6.217360e-01 5.680000e-04 3.776960e-01
413 6.216400e-01 5.640000e-04 3.777960e-01
414 6.215440e-01 5.440000e-04 3.779120e-01
415 6.214400e-01 5.240000e-04 3.780360e-01
416 6.213680e-01 5.400000e-04 3.780920e-01
417 6.212440e-01 5.720000e-04 3.781840e-01
418 6.211240e-01 5.960000e-04 3.782800e-01
419 6.210440e-01 6.000000e-04 3.783560e-01
420 6.209360e-01 6.120000e-04 3.784520e-01
421 6.208360e-01 6.000000e-04 3.785640e-01
422 6.207400e-01 6.080000e-04 3.786520e-01
423 6.206560e-01 5.880000e-04 3.787560e-01
424 6.205680e-01 6.280000e-04 3.788040e-01
425 6.204880e-01 5.880000e-04 3.789240e-01
426 6.204320e-01 5.640000e-04 3.790040e-01
427 6.203760e-01 5.320000e-04 3.790920e-01
428 6.202960e-01 5.080000e-04 3.791960e-01
429 6.202040e-01 4.880000e-04 3.793080e-01
430 6.201280e-01 4.840000e-04 3.793880e-01
431 6.200600e-01 4.840000e-04 3.794560e-01
432 6.199720e-01 4.680000e-04 3.795600e-01
433 6.198760e-01 4.880000e-04 3.796360e-01
434 6.198000e-01 4.560000e-04 3.797440e-01
435 6.197400e-01 4.200000e-04 3.798400e-01
436 6.196800e-01 4.000000e-04 3.799200e-01
437 6.196200e-01 3.920000e-04 3.799880e-01
438 6.195600e-01 4.040000e-04 3.800360e-01
439 6.194800e-01 4.120000e-04 3.801080e-01
440 6.194320e-01 3.840000e-04 3.801840e-01
441 6.193920e-01 3.360000e-04 3.802720e-01
442 6.193000e-01 3.480000e-04 3.803520e-01
443 6.192320e-01 3.800000e-04 3.803880e-01
444 6.191280e-01 4.160000e-04 3.804560e-01
445 6.190720e-01 3.760000e-04 3.805520e-01
446 6.189800e-01 3.720000e-04 3.806480e-01
447 6.189080e-01 3.360000e-04 3.807560e-01
448 6.188320e-01 3.680000e-04 3.808000e-01
449 6.187560e-01 3.480000e-04 3.808960e-01
450 6.186720e-01 3.760000e-04 3.809520e-01
451 6.186080e-01 3.480000e-04 3.810440e-01
452 6.185320e-01 3.480000e-04 3.811200e-01
453 6.184680e-01 3.680000e-04 3.811640e-01
454 6.184160e-01 3.400000e-04 3.812440e-01
455 6.183960e-01 3.200000e-04 3.812840e-01
456 6.183280e-01 3.360000e-04 3.813360e-01
457 6.182800e-01 3.280000e-04 3.813920e-01
458 6.182280e-01 3.400000e-04 3.814320e-01
459 6.181680e-01 3.520000e-04 3.814800e-01
460 6.181040e-01 3.760000e-04 3.815200e-01
461 6.180200e-01 4.000000e-04 3.815800e-01
462 6.179360e-01 4.200000e-04 3.816440e-01
463 6.178280e-01 4.480000e-04 3.817240e-01
464 6.177360e-01 4.600000e-04 3.818040e-01
465 6.176480e-01 4.480000e-04 3.819040e-01
466 6.175400e-01 4.600000e-04 3.820000e-01
467 6.173880e-01 5.120000e-04 3.821000e-01
468 6.172800e-01 5.440000e-04 3.821760e-01
469 6.171560e-01 5.720000e-04 3.822720e-01
470 6.170520e-01 5.640000e-04 3.823840e-01
471 6.169640e-01 5.520000e-04 3.824840e-01
472 6.169000e-01 5.480000e-04 3.825520e-01
473 6.168440e-01 5.000000e-04 3.826560e-01
474 6.167840e-01 4.880000e-04 3.827280e-01
475 6.167480e-01 4.320000e-04 3.828200e-01
476 6.167200e-01 3.920000e-04 3.828880e-01
477 6.166560e-01 3.880000e-04 3.829560e-01
478 6.165880e-01 3.840000e-04 3.830280e-01
479 6.165720e-01 3.440000e-04 3.830840e-01
480 6.165480e-01 2.800000e-04 3.831720e-01
481 6.164960e-01 2.880000e-04 3.832160e-01
482 6.164520e-01 2.760000e-04 3.832720e-01
483 6.164200e-01 2.560000e-04 3.833240e-01
484 6.163680e-01 2.560000e-04 3.833760e-01
485 6.163240e-01 2.560000e-04 3.834200e-01
486 6.162600e-01 2.680000e-04 3.834720e-01
487 6.161920e-01 2.920000e-04 3.835160e-01
488 6.161440e-01 2.560000e-04 3.836000e-01
489 6.161240e-01 2.320000e-04 3.836440e-01
490 6.160760e-01 2.520000e-04 3.836720e-01
491 6.160360e-01 2.280000e-04 3.837360e-01
492 6.160080e-01 2.080000e-04 3.837840e-01
493 6.159520e-01 2.240000e-04 3.838240e-01
494 6.158840e-01 2.200000e-04 3.838960e-01
495 6.158600e-01 2.200000e-04 3.839200e-01
496 6.158320e-01 2.240000e-04 3.839440e-01
497 6.157880e-01 2.520000e-04 3.839600e-01
498 6.157440e-01 2.640000e-04 3.839920e-01
499 6.157080e-01 2.520000e-04 3.840400e-01
500 6.156600e-01 2.560000e-04 3.840840e-01
