1 9.991720e-01 7.280000e-04 1.000000e-04
2 9.986640e-01 1.100000e-03 2.360000e-04
3 9.980960e-01 1.416000e-03 4.880000e-04
4 9.974840e-01 1.740000e-03 7.760000e-04
5 9.967800e-01 2.144000e-03 1.076000e-03
6 9.959280e-01 2.584000e-03 1.488000e-03
7 9.952640e-01 2.780000e-03 1.956000e-03
8 9.943280e-01 3.220000e-03 2.452000e-03
9 9.934560e-01 3.548000e-03 2.996000e-03
10 9.925000e-01 3.820000e-03 3.680000e-03
11 9.913960e-01 4.236000e-03 4.368000e-03
12 9.903880e-01 4.404000e-03 5.208000e-03
13 9.894440e-01 4.584000e-03 5.972000e-03
14 9.883400e-01 4.788000e-03 6.872000e-03
15 9.872200e-01 5.120000e-03 7.660000e-03
16 9.859840e-01 5.480000e-03 8.536000e-03
17 9.849440e-01 5.556000e-03 9.500000e-03
18 9.838080e-01 5.752000e-03 1.044000e-02
19 9.826400e-01 5.920000e-03 1.144000e-02
20 9.815160e-01 6.024000e-03 1.246000e-02
21 9.802760e-01 6.112000e-03 1.361200e-02
22 9.791320e-01 6.104000e-03 1.476400e-02
23 9.779120e-01 6.284000e-03 1.580400e-02
24 9.765560e-01 6.504000e-03 1.694000e-02
25 9.750600e-01 6.848000e-03 1.809200e-02
26 9.738120e-01 6.916000e-03 1.927200e-02
27 9.724840e-01 7.036000e-03 2.048000e-02
28 9.711120e-01 7.132000e-03 2.175600e-02
29 9.696160e-01 7.300000e-03 2.308400e-02
30 9.682240e-01 7.436000e-03 2.434000e-02
31 9.667400e-01 7.632000e-03 2.562800e-02
32 9.655120e-01 7.496000e-03 2.699200e-02
33 9.640680e-01 7.720000e-03 2.821200e-02
34 9.625880e-01 7.828000e-03 2.958400e-02
35 9.612760e-01 7.804000e-03 3.092000e-02
36 9.598800e-01 7.836000e-03 3.228400e-02
37 9.585360e-01 7.804000e-03 3.366000e-02
38 9.571800e-01 7.772000e-03 3.504800e-02
39 9.559560e-01 7.604000e-03 3.644000e-02
40 9.546280e-01 7.616000e-03 3.775600e-02
41 9.533120e-01 7.652000e-03 3.903600e-02
42 9.519440e-01 7.724000e-03 4.033200e-02
43 9.503920e-01 8.016000e-03 4.159200e-02
44 9.489920e-01 8.000000e-03 4.300800e-02
45 9.474800e-01 7.980000e-03 4.454000e-02
46 9.460120e-01 8.080000e-03 4.590800e-02
47 9.444200e-01 8.364000e-03 4.721600e-02
48 9.425400e-01 8.824000e-03 4.863600e-02
49 9.408480e-01 9.048000e-03 5.010400e-02
50 9.393320e-01 8.968000e-03 5.170000e-02
51 9.377440e-01 8.964000e-03 5.329200e-02
52 9.361600e-01 9.024000e-03 5.481600e-02
53 9.346440e-01 8.948000e-03 5.640800e-02
54 9.327920e-01 9.088000e-03 5.812000e-02
55 9.309280e-01 9.428000e-03 5.964400e-02
56 9.294200e-01 9.320000e-03 6.126000e-02
57 9.279320e-01 9.088000e-03 6.298000e-02
58 9.264400e-01 9.052000e-03 6.450800e-02
59 9.248560e-01 8.992000e-03 6.615200e-02
60 9.233280e-01 8.876000e-03 6.779600e-02
61 9.217440e-01 8.792000e-03 6.946400e-02
62 9.203080e-01 8.628000e-03 7.106400e-02
63 9.187760e-01 8.584000e-03 7.264000e-02
64 9.173000e-01 8.612000e-03 7.408800e-02
65 9.156200e-01 8.752000e-03 7.562800e-02
66 9.139440e-01 8.876000e-03 7.718000e-02
67 9.122480e-01 8.908000e-03 7.884400e-02
68 9.105960e-01 9.028000e-03 8.037600e-02
69 9.090200e-01 9.080000e-03 8.190000e-02
70 9.073760e-01 9.216000e-03 8.340800e-02
71 9.057520e-01 9.212000e-03 8.503600e-02
72 9.039800e-01 9.468000e-03 8.655200e-02
73 9.024160e-01 9.388000e-03 8.819600e-02
74 9.008040e-01 9.272000e-03 8.992400e-02
75 8.994280e-01 9.068000e-03 9.150400e-02
76 8.981280e-01 8.580000e-03 9.329200e-02
77 8.968360e-01 8.436000e-03 9.472800e-02
78 8.955200e-01 8.144000e-03 9.633600e-02
79 8.942520e-01 8.092000e-03 9.765600e-02
80 8.930640e-01 7.972000e-03 9.896400e-02
81 8.917200e-01 7.868000e-03 1.004120e-01
82 8.905160e-01 7.588000e-03 1.018960e-01
83 8.893440e-01 7.440000e-03 1.032160e-01
84 8.880320e-01 7.524000e-03 1.044440e-01
85 8.866720e-01 7.504000e-03 1.058240e-01
86 8.855800e-01 7.316000e-03 1.071040e-01
87 8.842880e-01 7.396000e-03 1.083160e-01
88 8.828640e-01 7.388000e-03 1.097480e-01
89 8.816160e-01 7.304000e-03 1.110800e-01
90 8.802120e-01 7.380000e-03 1.124080e-01
91 8.788280e-01 7.512000e-03 1.136600e-01
92 8.773840e-01 7.604000e-03 1.150120e-01
93 8.761040e-01 7.560000e-03 1.163360e-01
94 8.747680e-01 7.456000e-03 1.177760e-01
95 8.733920e-01 7.576000e-03 1.190320e-01
96 8.720040e-01 7.688000e-03 1.203080e-01
97 8.705880e-01 7.708000e-03 1.217040e-01
98 8.693320e-01 7.640000e-03 1.230280e-01
99 8.678600e-01 7.844000e-03 1.242960e-01
100 8.665760e-01 7.688000e-03 1.257360e-01
101 8.652880e-01 7.612000e-03 1.271000e-01
102 8.639680e-01 7.516000e-03 1.285160e-01
103 8.626720e-01 7.588000e-03 1.297400e-01
104 8.615760e-01 7.500000e-03 1.309240e-01
105 8.603920e-01 7.384000e-03 1.322240e-01
106 8.591520e-01 7.268000e-03 1.335800e-01
107 8.579920e-01 7.052000e-03 1.349560e-01
108 8.569080e-01 7.020000e-03 1.360720e-01
109 8.559240e-01 6.728000e-03 1.373480e-01
110 8.549080e-01 6.636000e-03 1.384560e-01
111 8.538720e-01 6.520000e-03 1.396080e-01
112 8.528080e-01 6.440000e-03 1.407520e-01
113 8.517040e-01 6.488000e-03 1.418080e-01
114 8.506760e-01 6.336000e-03 1.429880e-01
115 8.495880e-01 6.212000e-03 1.442000e-01
116 8.485000e-01 6.136000e-03 1.453640e-01
117 8.473840e-01 6.200000e-03 1.464160e-01
118 8.463880e-01 6.148000e-03 1.474640e-01
119 8.453080e-01 6.208000e-03 1.484840e-01
120 8.440160e-01 6.336000e-03 1.496480e-01
121 8.429000e-01 6.380000e-03 1.507200e-01
122 8.416720e-01 6.604000e-03 1.517240e-01
123 8.405800e-01 6.536000e-03 1.528840e-01
124 8.394680e-01 6.424000e-03 1.541080e-01
125 8.382120e-01 6.544000e-03 1.552440e-01
126 8.370760e-01 6.584000e-03 1.563400e-01
127 8.360760e-01 6.396000e-03 1.575280e-01
128 8.350440e-01 6.348000e-03 1.586080e-01
129 8.338360e-01 6.380000e-03 1.597840e-01
130 8.327280e-01 6.316000e-03 1.609560e-01
131 8.314840e-01 6.464000e-03 1.620520e-01
132 8.303160e-01 6.420000e-03 1.632640e-01
133 8.291520e-01 6.400000e-03 1.644480e-01
134 8.280360e-01 6.404000e-03 1.655600e-01
135 8.269640e-01 6.432000e-03 1.666040e-01
136 8.258800e-01 6.404000e-03 1.677160e-01
137 8.247960e-01 6.372000e-03 1.688320e-01
138 8.237680e-01 6.372000e-03 1.698600e-01
139 8.227880e-01 6.260000e-03 1.709520e-01
140 8.218400e-01 6.216000e-03 1.719440e-01
141 8.208640e-01 6.096000e-03 1.730400e-01
142 8.198960e-01 5.968000e-03 1.741360e-01
143 8.189360e-01 5.984000e-03 1.750800e-01
144 8.180000e-01 5.912000e-03 1.760880e-01
145 8.170240e-01 5.676000e-03 1.773000e-01
146 8.161200e-01 5.648000e-03 1.782320e-01
147 8.151360e-01 5.664000e-03 1.792000e-01
148 8.140560e-01 5.776000e-03 1.801680e-01
149 8.129840e-01 5.876000e-03 1.811400e-01
150 8.120680e-01 5.800000e-03 1.821320e-01
151 8.109640e-01 5.908000e-03 1.831280e-01
152 8.100200e-01 5.832000e-03 1.841480e-01
153 8.090000e-01 5.820000e-03 1.851800e-01
154 8.079120e-01 5.892000e-03 1.861960e-01
155 8.068880e-01 5.876000e-03 1.872360e-01
156 8.058760e-01 5.876000e-03 1.882480e-01
157 8.050000e-01 5.876000e-03 1.891240e-01
158 8.038840e-01 5.992000e-03 1.901240e-01
159 8.028480e-01 5.976000e-03 1.911760e-01
160 8.018600e-01 5.932000e-03 1.922080e-01
161 8.007440e-01 6.084000e-03 1.931720e-01
162 7.996840e-01 6.056000e-03 1.942600e-01
163 7.985440e-01 6.180000e-03 1.952760e-01
164 7.974080e-01 6.284000e-03 1.963080e-01
165 7.964040e-01 6.148000e-03 1.974480e-01
166 7.953520e-01 6.144000e-03 1.985040e-01
167 7.942240e-01 6.268000e-03 1.995080e-01
168 7.932160e-01 6.156000e-03 2.006280e-01
169 7.921600e-01 6.108000e-03 2.017320e-01
170 7.911560e-01 5.916000e-03 2.029280e-01
171 7.901240e-01 5.920000e-03 2.039560e-01
172 7.890120e-01 6.068000e-03 2.049200e-01
173 7.878520e-01 6.220000e-03 2.059280e-01
174 7.866440e-01 6.280000e-03 2.070760e-01
175 7.854440e-01 6.432000e-03 2.081240e-01
176 7.842920e-01 6.368000e-03 2.093400e-01
177 7.832600e-01 6.188000e-03 2.105520e-01
178 7.821800e-01 6.200000e-03 2.116200e-01
179 7.811760e-01 6.092000e-03 2.127320e-01
180 7.801360e-01 6.000000e-03 2.138640e-01
181 7.788880e-01 6.288000e-03 2.148240e-01
182 7.777280e-01 6.452000e-03 2.158200e-01
183 7.767040e-01 6.352000e-03 2.169440e-01
184 7.755880e-01 6.256000e-03 2.181560e-01
185 7.746320e-01 6.148000e-03 2.192200e-01
186 7.736240e-01 6.084000e-03 2.202920e-01
187 7.727400e-01 5.952000e-03 2.213080e-01
188 7.717840e-01 5.940000e-03 2.222760e-01
189 7.709520e-01 5.716000e-03 2.233320e-01
190 7.699160e-01 5.792000e-03 2.242920e-01
191 7.690720e-01 5.692000e-03 2.252360e-01
192 7.681480e-01 5.584000e-03 2.262680e-01
193 7.672480e-01 5.460000e-03 2.272920e-01
194 7.663080e-01 5.416000e-03 2.282760e-01
195 7.654640e-01 5.384000e-03 2.291520e-01
196 7.646640e-01 5.312000e-03 2.300240e-01
197 7.638840e-01 5.224000e-03 2.308920e-01
198 7.630320e-01 5.200000e-03 2.317680e-01
199 7.621880e-01 5.192000e-03 2.326200e-01
200 7.614000e-01 5.120000e-03 2.334800e-01
201 7.604840e-01 5.256000e-03 2.342600e-01
202 7.596680e-01 5.172000e-03 2.351600e-01
203 7.588320e-01 5.096000e-03 2.360720e-01
204 7.579440e-01 5.048000e-03 2.370080e-01
205 7.571480e-01 4.996000e-03 2.378560e-01
206 7.563600e-01 4.888000e-03 2.387520e-01
207 7.554160e-01 5.028000e-03 2.395560e-01
208 7.544960e-01 5.176000e-03 2.403280e-01
209 7.536200e-01 5.184000e-03 2.411960e-01
210 7.527520e-01 5.184000e-03 2.420640e-01
211 7.519360e-01 5.108000e-03 2.429560e-01
212 7.511040e-01 4.948000e-03 2.439480e-01
213 7.504080e-01 4.892000e-03 2.447000e-01
214 7.495720e-01 4.904000e-03 2.455240e-01
215 7.487240e-01 4.816000e-03 2.464600e-01
216 7.479040e-01 4.772000e-03 2.473240e-01
217 7.471720e-01 4.680000e-03 2.481480e-01
218 7.463920e-01 4.696000e-03 2.489120e-01
219 7.455200e-01 4.736000e-03 2.497440e-01
220 7.447440e-01 4.804000e-03 2.504520e-01
221 7.439840e-01 4.728000e-03 2.512880e-01
222 7.432880e-01 4.636000e-03 2.520760e-01
223 7.424960e-01 4.616000e-03 2.528880e-01
224 7.418040e-01 4.520000e-03 2.536760e-01
225 7.410480e-01 4.456000e-03 2.544960e-01
226 7.403440e-01 4.392000e-03 2.552640e-01
227 7.395960e-01 4.340000e-03 2.560640e-01
228 7.389920e-01 4.252000e-03 2.567560e-01
229 7.381200e-01 4.424000e-03 2.574560e-01
230 7.372760e-01 4.456000e-03 2.582680e-01
231 7.365600e-01 4.360000e-03 2.590800e-01
232 7.357880e-01 4.344000e-03 2.598680e-01
233 7.351000e-01 4.296000e-03 2.606040e-01
234 7.342480e-01 4.444000e-03 2.613080e-01
235 7.335240e-01 4.408000e-03 2.620680e-01
236 7.328720e-01 4.256000e-03 2.628720e-01
237 7.321280e-01 4.252000e-03 2.636200e-01
238 7.313080e-01 4.404000e-03 2.642880e-01
239 7.304520e-01 4.544000e-03 2.650040e-01
240 7.296280e-01 4.524000e-03 2.658480e-01
241 7.288160e-01 4.600000e-03 2.665840e-01
242 7.280800e-01 4.604000e-03 2.673160e-01
243 7.271720e-01 4.692000e-03 2.681360e-01
244 7.263320e-01 4.608000e-03 2.690600e-01
245 7.254440e-01 4.724000e-03 2.698320e-01
246 7.246040e-01 4.692000e-03 2.707040e-01
247 7.237680e-01 4.676000e-03 2.715560e-01
248 7.229960e-01 4.676000e-03 2.723280e-01
249 7.222560e-01 4.596000e-03 2.731480e-01
250 7.215000e-01 4.508000e-03 2.739920e-01
251 7.206680e-01 4.520000e-03 2.748120e-01
252 7.199000e-01 4.424000e-03 2.756760e-01
253 7.190640e-01 4.404000e-03 2.765320e-01
254 7.182320e-01 4.480000e-03 2.772880e-01
255 7.175760e-01 4.324000e-03 2.781000e-01
256 7.167840e-01 4.320000e-03 2.788960e-01
257 7.160920e-01 4.188000e-03 2.797200e-01
258 7.153160e-01 4.296000e-03 2.803880e-01
259 7.145120e-01 4.308000e-03 2.811800e-01
260 7.136520e-01 4.468000e-03 2.818800e-01
261 7.128160e-01 4.572000e-03 2.826120e-01
262 7.120880e-01 4.500000e-03 2.834120e-01
263 7.112520e-01 4.496000e-03 2.842520e-01
264 7.104920e-01 4.412000e-03 2.850960e-01
265 7.097800e-01 4.396000e-03 2.858240e-01
266 7.090600e-01 4.380000e-03 2.865600e-01
267 7.083320e-01 4.308000e-03 2.873600e-01
268 7.075480e-01 4.380000e-03 2.880720e-01
269 7.069040e-01 4.292000e-03 2.888040e-01
270 7.063040e-01 4.172000e-03 2.895240e-01
271 7.055400e-01 4.176000e-03 2.902840e-01
272 7.048560e-01 4.108000e-03 2.910360e-01
273 7.042240e-01 3.976000e-03 2.918000e-01
274 7.036640e-01 3.892000e-03 2.924440e-01
275 7.029600e-01 3.860000e-03 2.931800e-01
276 7.023600e-01 3.776000e-03 2.938640e-01
277 7.017680e-01 3.696000e-03 2.945360e-01
278 7.011480e-01 3.680000e-03 2.951720e-01
279 7.005360e-01 3.668000e-03 2.957960e-01
280 7.000040e-01 3.488000e-03 2.965080e-01
281 6.994800e-01 3.408000e-03 2.971120e-01
282 6.989560e-01 3.256000e-03 2.977880e-01
283 6.983760e-01 3.188000e-03 2.984360e-01
284 6.977240e-01 3.244000e-03 2.990320e-01
285 6.971840e-01 3.208000e-03 2.996080e-01
286 6.966760e-01 3.176000e-03 3.001480e-01
287 6.961440e-01 3.132000e-03 3.007240e-01
288 6.956160e-01 3.076000e-03 3.013080e-01
289 6.951320e-01 3.072000e-03 3.017960e-01
290 6.945920e-01 3.076000e-03 3.023320e-01
291 6.941240e-01 3.040000e-03 3.028360e-01
292 6.936760e-01 2.876000e-03 3.034480e-01
293 6.932280e-01 2.844000e-03 3.039280e-01
294 6.928560e-01 2.728000e-03 3.044160e-01
295 6.924080e-01 2.688000e-03 3.049040e-01
296 6.919960e-01 2.624000e-03 3.053800e-01
297 6.915240e-01 2.676000e-03 3.058000e-01
298 6.910600e-01 2.700000e-03 3.062400e-01
299 6.905000e-01 2.808000e-03 3.066920e-01
300 6.899720e-01 2.920000e-03 3.071080e-01
301 6.895280e-01 2.800000e-03 3.076720e-01
302 6.890320e-01 2.808000e-03 3.081600e-01
303 6.885720e-01 2.692000e-03 3.087360e-01
304 6.881240e-01 2.672000e-03 3.092040e-01
305 6.876800e-01 2.672000e-03 3.096480e-01
306 6.872640e-01 2.604000e-03 3.101320e-01
307 6.867840e-01 2.676000e-03 3.105400e-01
308 6.863280e-01 2.604000e-03 3.110680e-01
309 6.858720e-01 2.612000e-03 3.115160e-01
310 6.853880e-01 2.648000e-03 3.119640e-01
311 6.849920e-01 2.628000e-03 3.123800e-01
312 6.845480e-01 2.660000e-03 3.127920e-01
313 6.839920e-01 2.748000e-03 3.132600e-01
314 6.834680e-01 2.816000e-03 3.137160e-01
315 6.829920e-01 2.808000e-03 3.142000e-01
316 6.825280e-01 2.808000e-03 3.146640e-01
317 6.820000e-01 2.868000e-03 3.151320e-01
318 6.815320e-01 2.828000e-03 3.156400e-01
319 6.811320e-01 2.816000e-03 3.160520e-01
320 6.806840e-01 2.744000e-03 3.165720e-01
321 6.803000e-01 2.700000e-03 3.170000e-01
322 6.798600e-01 2.624000e-03 3.175160e-01
323 6.794880e-01 2.552000e-03 3.179600e-01
324 6.791120e-01 2.424000e-03 3.184640e-01
325 6.787480e-01 2.336000e-03 3.189160e-01
326 6.784360e-01 2.280000e-03 3.192840e-01
327 6.780520e-01 2.244000e-03 3.197040e-01
328 6.776640e-01 2.228000e-03 3.201080e-01
329 6.772360e-01 2.248000e-03 3.205160e-01
330 6.768400e-01 2.284000e-03 3.208760e-01
331 6.764720e-01 2.284000e-03 3.212440e-01
332 6.760920e-01 2.256000e-03 3.216520e-01
333 6.757240e-01 2.236000e-03 3.220400e-01
334 6.753880e-01 2.240000e-03 3.223720e-01
335 6.749960e-01 2.228000e-03 3.227760e-01
336 6.746360e-01 2.212000e-03 3.231520e-01
337 6.743280e-01 2.140000e-03 3.235320e-01
338 6.738600e-01 2.260000e-03 3.238800e-01
339 6.733640e-01 2.352000e-03 3.242840e-01
340 6.729560e-01 2.384000e-03 3.246600e-01
341 6.725160e-01 2.504000e-03 3.249800e-01
342 6.720520e-01 2.484000e-03 3.254640e-01
343 6.716120e-01 2.528000e-03 3.258600e-01
344 6.711960e-01 2.480000e-03 3.263240e-01
345 6.707960e-01 2.460000e-03 3.267440e-01
346 6.704800e-01 2.316000e-03 3.272040e-01
347 6.700960e-01 2.236000e-03 3.276680e-01
348 6.696040e-01 2.312000e-03 3.280840e-01
349 6.691960e-01 2.288000e-03 3.285160e-01
350 6.687840e-01 2.320000e-03 3.288960e-01
351 6.684360e-01 2.332000e-03 3.292320e-01
352 6.680560e-01 2.280000e-03 3.296640e-01
353 6.676480e-01 2.312000e-03 3.300400e-01
354 6.671800e-01 2.360000e-03 3.304600e-01
355 6.667520e-01 2.324000e-03 3.309240e-01
356 6.664160e-01 2.256000e-03 3.313280e-01
357 6.659640e-01 2.324000e-03 3.317120e-01
358 6.655080e-01 2.384000e-03 3.321080e-01
359 6.651120e-01 2.376000e-03 3.325120e-01
360 6.647480e-01 2.388000e-03 3.328640e-01
361 6.643480e-01 2.348000e-03 3.333040e-01
362 6.639240e-01 2.348000e-03 3.337280e-01
363 6.635440e-01 2.236000e-03 3.342200e-01
364 6.632280e-01 2.092000e-03 3.346800e-01
365 6.628200e-01 2.092000e-03 3.350880e-01
366 6.625480e-01 1.892000e-03 3.355600e-01
367 6.622400e-01 1.828000e-03 3.359320e-01
368 6.619760e-01 1.760000e-03 3.362640e-01
369 6.616960e-01 1.704000e-03 3.366000e-01
370 6.613320e-01 1.800000e-03 3.368680e-01
371 6.610320e-01 1.760000e-03 3.372080e-01
372 6.607120e-01 1.732000e-03 3.375560e-01
373 6.604360e-01 1.708000e-03 3.378560e-01
374 6.601400e-01 1.696000e-03 3.381640e-01
375 6.598400e-01 1.720000e-03 3.384400e-01
376 6.595120e-01 1.716000e-03 3.387720e-01
377 6.591840e-01 1.732000e-03 3.390840e-01
378 6.589080e-01 1.720000e-03 3.393720e-01
379 6.585360e-01 1.800000e-03 3.396640e-01
380 6.581320e-01 1.876000e-03 3.399920e-01
381 6.577680e-01 1.844000e-03 3.403880e-01
382 6.574760e-01 1.780000e-03 3.407440e-01
383 6.572160e-01 1.704000e-03 3.410800e-01
384 6.569400e-01 1.660000e-03 3.414000e-01
385 6.566880e-01 1.604000e-03 3.417080e-01
386 6.563960e-01 1.608000e-03 3.419960e-01
387 6.561760e-01 1.524000e-03 3.423000e-01
388 6.559360e-01 1.464000e-03 3.426000e-01
389 6.556480e-01 1.468000e-03 3.428840e-01
390 6.553880e-01 1.456000e-03 3.431560e-01
391 6.551000e-01 1.428000e-03 3.434720e-01
392 6.548800e-01 1.368000e-03 3.437520e-01
393 6.546880e-01 1.376000e-03 3.439360e-01
394 6.544320e-01 1.396000e-03 3.441720e-01
395 6.542160e-01 1.376000e-03 3.444080e-01
396 6.539480e-01 1.404000e-03 3.446480e-01
397 6.536400e-01 1.468000e-03 3.448920e-01
398 6.534040e-01 1.484000e-03 3.451120e-01
399 6.531320e-01 1.508000e-03 3.453600e-01
400 6.528800e-01 1.412000e-03 3.457080e-01
401 6.526640e-01 1.368000e-03 3.459680e-01
402 6.524280e-01 1.300000e-03 3.462720e-01
403 6.522080e-01 1.276000e-03 3.465160e-01
404 6.519920e-01 1.284000e-03 3.467240e-01
405 6.517680e-01 1.268000e-03 3.469640e-01
406 6.515320e-01 1.332000e-03 3.471360e-01
407 6.513000e-01 1.316000e-03 3.473840e-01
408 6.510720e-01 1.288000e-03 3.476400e-01
409 6.508000e-01 1.296000e-03 3.479040e-01
410 6.505840e-01 1.336000e-03 3.480800e-01
411 6.504400e-01 1.224000e-03 3.483360e-01
412 6.501960e-01 1.316000e-03 3.484880e-01
413 6.500040e-01 1.272000e-03 3.487240e-01
414 6.498080e-01 1.268000e-03 3.489240e-01
415 6.495840e-01 1.248000e-03 3.491680e-01
416 6.493960e-01 1.284000e-03 3.493200e-01
417 6.491840e-01 1.288000e-03 3.495280e-01
418 6.490240e-01 1.244000e-03 3.497320e-01
419 6.488320e-01 1.216000e-03 3.499520e-01
420 6.486640e-01 1.196000e-03 3.501400e-01
421 6.484800e-01 1.212000e-03 3.503080e-01
422 6.483400e-01 1.176000e-03 3.504840e-01
423 6.481640e-01 1.184000e-03 3.506520e-01
424 6.479840e-01 1.152000e-03 3.508640e-01
425 6.477960e-01 1.124000e-03 3.510800e-01
426 6.476400e-01 1.076000e-03 3.512840e-01
427 6.475160e-01 1.004000e-03 3.514800e-01
428 6.473120e-01 1.008000e-03 3.516800e-01
429 6.471080e-01 1.040000e-03 3.518520e-01
430 6.469320e-01 1.044000e-03 3.520240e-01
431 6.467280e-01 1.072000e-03 3.522000e-01
432 6.465160e-01 1.120000e-03 3.523640e-01
433 6.462960e-01 1.144000e-03 3.525600e-01
434 6.461440e-01 1.060000e-03 3.527960e-01
435 6.459960e-01 1.044000e-03 3.529600e-01
436 6.458080e-01 1.000000e-03 3.531920e-01
437 6.456560e-01 9.520000e-04 3.533920e-01
438 6.454760e-01 9.200000e-04 3.536040e-01
439 6.452720e-01 9.480000e-04 3.537800e-01
440 6.451720e-01 8.880000e-04 3.539400e-01
441 6.449480e-01 9.360000e-04 3.541160e-01
442 6.447920e-01 9.360000e-04 3.542720e-01
443 6.446360e-01 9.200000e-04 3.544440e-01
444 6.445200e-01 8.640000e-04 3.546160e-01
445 6.443800e-01 8.080000e-04 3.548120e-01
446 6.442720e-01 7.720000e-04 3.549560e-01
447 6.441600e-01 7.520000e-04 3.550880e-01
448 6.440520e-01 7.280000e-04 3.552200e-01
449 6.438840e-01 7.880000e-04 3.553280e-01
450 6.437600e-01 7.600000e-04 3.554800e-01
451 6.436120e-01 7.720000e-04 3.556160e-01
452 6.434640e-01 8.200000e-04 3.557160e-01
453 6.433200e-01 8.120000e-04 3.558680e-01
454 6.432360e-01 7.680000e-04 3.559960e-01
455 6.430800e-01 8.080000e-04 3.561120e-01
456 6.429320e-01 7.800000e-04 3.562880e-01
457 6.428160e-01 7.080000e-04 3.564760e-01
458 6.427240e-01 6.880000e-04 3.565880e-01
459 6.426200e-01 6.480000e-04 3.567320e-01
460 6.424400e-01 7.360000e-04 3.568240e-01
461 6.423120e-01 7.360000e-04 3.569520e-01
462 6.421880e-01 7.160000e-04 3.570960e-01
463 6.420520e-01 7.560000e-04 3.571920e-01
464 6.418920e-01 8.080000e-04 3.573000e-01
465 6.417520e-01 8.000000e-04 3.574480e-01
466 6.416320e-01 7.920000e-04 3.575760e-01
467 6.414920e-01 7.840000e-04 3.577240e-01
468 6.413480e-01 7.680000e-04 3.578840e-01
469 6.412080e-01 7.880000e-04 3.580040e-01
470 6.411160e-01 7.120000e-04 3.581720e-01
471 6.409880e-01 7.080000e-04 3.583040e-01
472 6.408760e-01 7.200000e-04 3.584040e-01
473 6.407320e-01 7.240000e-04 3.585440e-01
474 6.406640e-01 6.560000e-04 3.586800e-01
475 6.405760e-01 6.320000e-04 3.587920e-01
476 6.404800e-01 6.240000e-04 3.588960e-01
477 6.403600e-01 5.920000e-04 3.590480e-01
478 6.402840e-01 5.640000e-04 3.591520e-01
479 6.401960e-01 5.440000e-04 3.592600e-01
480 6.400800e-01 5.520000e-04 3.593680e-01
481 6.399880e-01 5.480000e-04 3.594640e-01
482 6.398640e-01 6.080000e-04 3.595280e-01
483 6.397320e-01 6.440000e-04 3.596240e-01
484 6.396040e-01 6.360000e-04 3.597600e-01
485 6.395080e-01 6.160000e-04 3.598760e-01
486 6.393880e-01 6.280000e-04 3.599840e-01
487 6.393000e-01 6.160000e-04 3.600840e-01
488 6.391880e-01 6.080000e-04 3.602040e-01
489 6.390440e-01 6.520000e-04 3.603040e-01
490 6.388800e-01 6.960000e-04 3.604240e-01
491 6.387640e-01 7.080000e-04 3.605280e-01
492 6.386240e-01 7.200000e-04 3.606560e-01
493 6.385080e-01 6.640000e-04 3.608280e-01
494 6.384120e-01 6.560000e-04 3.609320e-01
495 6.383560e-01 5.840000e-04 3.610600e-01
496 6.382840e-01 5.480000e-04 3.611680e-01
497 6.382360e-01 5.040000e-04 3.612600e-01
498 6.381720e-01 4.800000e-04 3.613480e-01
499 6.381200e-01 4.640000e-04 3.614160e-01
500 6.380360e-01 4.680000e-04 3.614960e-01
