1 9.991040e-01 8.120000e-04 8.400000e-05
2 9.984720e-01 1.236000e-03 2.920000e-04
3 9.976800e-01 1.740000e-03 5.800000e-04
4 9.968520e-01 2.180000e-03 9.680000e-04
5 9.960720e-01 2.540000e-03 1.388000e-03
6 9.950640e-01 3.040000e-03 1.896000e-03
7 9.941040e-01 3.388000e-03 2.508000e-03
8 9.931960e-01 3.588000e-03 3.216000e-03
9 9.921240e-01 4.108000e-03 3.768000e-03
10 9.910480e-01 4.432000e-03 4.520000e-03
11 9.899800e-01 4.680000e-03 5.340000e-03
12 9.888720e-01 4.968000e-03 6.160000e-03
13 9.876560e-01 5.280000e-03 7.064000e-03
14 9.863680e-01 5.660000e-03 7.972000e-03
15 9.850600e-01 5.988000e-03 8.952000e-03
16 9.838560e-01 6.112000e-03 1.003200e-02
17 9.826680e-01 6.160000e-03 1.117200e-02
18 9.813200e-01 6.536000e-03 1.214400e-02
19 9.798440e-01 6.764000e-03 1.339200e-02
20 9.785320e-01 6.892000e-03 1.457600e-02
21 9.771320e-01 7.064000e-03 1.580400e-02
22 9.756960e-01 7.180000e-03 1.712400e-02
23 9.742560e-01 7.308000e-03 1.843600e-02
24 9.727240e-01 7.444000e-03 1.983200e-02
25 9.712520e-01 7.732000e-03 2.101600e-02
26 9.697760e-01 7.848000e-03 2.237600e-02
27 9.681640e-01 8.104000e-03 2.373200e-02
28 9.667680e-01 8.020000e-03 2.521200e-02
29 9.653280e-01 8.028000e-03 2.664400e-02
30 9.638400e-01 7.976000e-03 2.818400e-02
31 9.624160e-01 7.936000e-03 2.964800e-02
32 9.609520e-01 8.072000e-03 3.097600e-02
33 9.594520e-01 8.012000e-03 3.253600e-02
34 9.579400e-01 8.140000e-03 3.392000e-02
35 9.563400e-01 8.348000e-03 3.531200e-02
36 9.547960e-01 8.448000e-03 3.675600e-02
37 9.532200e-01 8.472000e-03 3.830800e-02
38 9.516120e-01 8.504000e-03 3.988400e-02
39 9.498480e-01 8.756000e-03 4.139600e-02
40 9.480360e-01 9.024000e-03 4.294000e-02
41 9.462120e-01 9.220000e-03 4.456800e-02
42 9.443960e-01 9.492000e-03 4.611200e-02
43 9.425400e-01 9.600000e-03 4.786000e-02
44 9.406760e-01 9.768000e-03 4.955600e-02
45 9.387880e-01 9.988000e-03 5.122400e-02
46 9.368680e-01 1.013200e-02 5.300000e-02
47 9.350680e-01 1.019200e-02 5.474000e-02
48 9.331840e-01 1.031600e-02 5.650000e-02
49 9.314720e-01 1.026800e-02 5.826000e-02
50 9.296600e-01 1.024000e-02 6.010000e-02
51 9.278160e-01 1.040800e-02 6.177600e-02
52 9.260560e-01 1.035200e-02 6.359200e-02
53 9.243000e-01 1.026800e-02 6.543200e-02
54 9.225240e-01 1.029200e-02 6.718400e-02
55 9.206520e-01 1.030800e-02 6.904000e-02
56 9.187160e-01 1.043200e-02 7.085200e-02
57 9.169080e-01 1.038800e-02 7.270400e-02
58 9.152320e-01 1.031200e-02 7.445600e-02
59 9.134560e-01 1.024800e-02 7.629600e-02
60 9.114920e-01 1.055600e-02 7.795200e-02
61 9.097720e-01 1.029200e-02 7.993600e-02
62 9.079920e-01 1.030800e-02 8.170000e-02
63 9.061240e-01 1.037600e-02 8.350000e-02
64 9.044760e-01 1.021200e-02 8.531200e-02
65 9.027200e-01 1.006800e-02 8.721200e-02
66 9.011000e-01 9.980000e-03 8.892000e-02
67 8.992120e-01 1.004800e-02 9.074000e-02
68 8.974320e-01 1.014400e-02 9.242400e-02
69 8.958320e-01 1.001200e-02 9.415600e-02
70 8.940520e-01 1.001600e-02 9.593200e-02
71 8.922480e-01 9.956000e-03 9.779600e-02
72 8.906240e-01 9.892000e-03 9.948400e-02
73 8.889320e-01 9.856000e-03 1.012120e-01
74 8.872640e-01 9.792000e-03 1.029440e-01
75 8.855480e-01 9.744000e-03 1.047080e-01
76 8.838800e-01 9.704000e-03 1.064160e-01
77 8.822840e-01 9.584000e-03 1.081320e-01
78 8.805800e-01 9.752000e-03 1.096680e-01
79 8.789520e-01 9.744000e-03 1.113040e-01
80 8.773520e-01 9.636000e-03 1.130120e-01
81 8.755040e-01 9.692000e-03 1.148040e-01
82 8.737480e-01 9.784000e-03 1.164680e-01
83 8.719800e-01 9.832000e-03 1.181880e-01
84 8.703800e-01 9.668000e-03 1.199520e-01
85 8.686200e-01 9.752000e-03 1.216280e-01
86 8.670800e-01 9.600000e-03 1.233200e-01
87 8.653680e-01 9.812000e-03 1.248200e-01
88 8.639040e-01 9.616000e-03 1.264800e-01
89 8.622520e-01 9.600000e-03 1.281480e-01
90 8.607400e-01 9.496000e-03 1.297640e-01
91 8.591640e-01 9.556000e-03 1.312800e-01
92 8.573640e-01 9.600000e-03 1.330360e-01
93 8.555400e-01 9.836000e-03 1.346240e-01
94 8.538000e-01 9.836000e-03 1.363640e-01
95 8.519760e-01 9.808000e-03 1.382160e-01
96 8.504000e-01 9.612000e-03 1.399880e-01
97 8.487280e-01 9.648000e-03 1.416240e-01
98 8.469920e-01 9.616000e-03 1.433920e-01
99 8.454520e-01 9.444000e-03 1.451040e-01
100 8.438160e-01 9.464000e-03 1.467200e-01
101 8.421320e-01 9.436000e-03 1.484320e-01
102 8.403720e-01 9.628000e-03 1.500000e-01
103 8.387120e-01 9.632000e-03 1.516560e-01
104 8.371360e-01 9.588000e-03 1.532760e-01
105 8.355800e-01 9.444000e-03 1.549760e-01
106 8.340680e-01 9.304000e-03 1.566280e-01
107 8.323880e-01 9.404000e-03 1.582080e-01
108 8.308200e-01 9.384000e-03 1.597960e-01
109 8.293200e-01 9.312000e-03 1.613680e-01
110 8.275680e-01 9.508000e-03 1.629240e-01
111 8.259320e-01 9.516000e-03 1.645520e-01
112 8.243080e-01 9.580000e-03 1.661120e-01
113 8.226440e-01 9.512000e-03 1.678440e-01
114 8.209760e-01 9.476000e-03 1.695480e-01
115 8.193520e-01 9.428000e-03 1.712200e-01
116 8.177480e-01 9.300000e-03 1.729520e-01
117 8.163360e-01 9.148000e-03 1.745160e-01
118 8.148160e-01 9.064000e-03 1.761200e-01
119 8.133000e-01 8.920000e-03 1.777800e-01
120 8.119080e-01 8.720000e-03 1.793720e-01
121 8.104320e-01 8.656000e-03 1.809120e-01
122 8.090000e-01 8.700000e-03 1.823000e-01
123 8.075400e-01 8.612000e-03 1.838480e-01
124 8.059720e-01 8.472000e-03 1.855560e-01
125 8.044440e-01 8.548000e-03 1.870080e-01
126 8.030000e-01 8.512000e-03 1.884880e-01
127 8.015080e-01 8.384000e-03 1.901080e-01
128 8.000680e-01 8.420000e-03 1.915120e-01
129 7.985560e-01 8.372000e-03 1.930720e-01
130 7.971160e-01 8.392000e-03 1.944920e-01
131 7.956880e-01 8.320000e-03 1.959920e-01
132 7.942040e-01 8.340000e-03 1.974560e-01
133 7.929160e-01 8.212000e-03 1.988720e-01
134 7.915400e-01 8.144000e-03 2.003160e-01
135 7.900320e-01 8.256000e-03 2.017120e-01
136 7.887680e-01 8.060000e-03 2.031720e-01
137 7.874000e-01 7.916000e-03 2.046840e-01
138 7.860280e-01 8.012000e-03 2.059600e-01
139 7.846120e-01 7.984000e-03 2.074040e-01
140 7.831840e-01 7.992000e-03 2.088240e-01
141 7.817680e-01 7.976000e-03 2.102560e-01
142 7.804640e-01 7.972000e-03 2.115640e-01
143 7.790520e-01 7.924000e-03 2.130240e-01
144 7.776600e-01 7.916000e-03 2.144240e-01
145 7.762520e-01 8.076000e-03 2.156720e-01
146 7.748480e-01 8.064000e-03 2.170880e-01
147 7.733760e-01 8.148000e-03 2.184760e-01
148 7.719520e-01 8.140000e-03 2.199080e-01
149 7.704400e-01 8.272000e-03 2.212880e-01
150 7.687760e-01 8.456000e-03 2.227680e-01
151 7.672320e-01 8.476000e-03 2.242920e-01
152 7.657520e-01 8.396000e-03 2.258520e-01
153 7.643840e-01 8.408000e-03 2.272080e-01
154 7.630080e-01 8.228000e-03 2.287640e-01
155 7.615160e-01 8.336000e-03 2.301480e-01
156 7.600200e-01 8.348000e-03 2.316320e-01
157 7.585560e-01 8.560000e-03 2.328840e-01
158 7.571360e-01 8.568000e-03 2.342960e-01
159 7.556120e-01 8.544000e-03 2.358440e-01
160 7.541160e-01 8.392000e-03 2.374920e-01
161 7.526560e-01 8.480000e-03 2.388640e-01
162 7.511680e-01 8.444000e-03 2.403880e-01
163 7.496480e-01 8.472000e-03 2.418800e-01
164 7.481640e-01 8.552000e-03 2.432840e-01
165 7.468120e-01 8.452000e-03 2.447360e-01
166 7.452680e-01 8.516000e-03 2.462160e-01
167 7.438920e-01 8.396000e-03 2.477120e-01
168 7.425960e-01 8.220000e-03 2.491840e-01
169 7.412560e-01 8.144000e-03 2.506000e-01
170 7.399480e-01 8.032000e-03 2.520200e-01
171 7.386200e-01 8.008000e-03 2.533720e-01
172 7.373680e-01 7.940000e-03 2.546920e-01
173 7.360760e-01 7.904000e-03 2.560200e-01
174 7.346760e-01 7.884000e-03 2.574400e-01
175 7.333280e-01 7.928000e-03 2.587440e-01
176 7.320480e-01 7.848000e-03 2.601040e-01
177 7.309080e-01 7.708000e-03 2.613840e-01
178 7.296160e-01 7.704000e-03 2.626800e-01
179 7.283840e-01 7.568000e-03 2.640480e-01
180 7.271960e-01 7.444000e-03 2.653600e-01
181 7.259640e-01 7.272000e-03 2.667640e-01
182 7.246080e-01 7.320000e-03 2.680720e-01
183 7.233760e-01 7.260000e-03 2.693640e-01
184 7.221000e-01 7.352000e-03 2.705480e-01
185 7.208400e-01 7.384000e-03 2.717760e-01
186 7.196560e-01 7.312000e-03 2.730320e-01
187 7.185120e-01 7.136000e-03 2.743520e-01
188 7.172800e-01 7.164000e-03 2.755560e-01
189 7.160960e-01 7.084000e-03 2.768200e-01
190 7.148760e-01 7.068000e-03 2.780560e-01
191 7.136400e-01 7.024000e-03 2.793360e-01
192 7.123960e-01 7.152000e-03 2.804520e-01
193 7.111400e-01 7.180000e-03 2.816800e-01
194 7.099320e-01 7.172000e-03 2.828960e-01
195 7.086200e-01 7.124000e-03 2.842560e-01
196 7.073960e-01 7.188000e-03 2.854160e-01
197 7.060920e-01 7.268000e-03 2.866400e-01
198 7.049160e-01 7.232000e-03 2.878520e-01
199 7.036480e-01 7.324000e-03 2.890280e-01
200 7.024400e-01 7.368000e-03 2.901920e-01
201 7.011440e-01 7.280000e-03 2.915760e-01
202 6.998160e-01 7.304000e-03 2.928800e-01
203 6.985160e-01 7.376000e-03 2.941080e-01
204 6.973040e-01 7.292000e-03 2.954040e-01
205 6.960920e-01 7.300000e-03 2.966080e-01
206 6.947600e-01 7.392000e-03 2.978480e-01
207 6.935000e-01 7.424000e-03 2.990760e-01
208 6.922360e-01 7.372000e-03 3.003920e-01
209 6.910280e-01 7.260000e-03 3.017120e-01
210 6.899080e-01 7.176000e-03 3.029160e-01
211 6.887840e-01 7.156000e-03 3.040600e-01
212 6.875720e-01 7.152000e-03 3.052760e-01
213 6.865200e-01 7.020000e-03 3.064600e-01
214 6.854160e-01 6.948000e-03 3.076360e-01
215 6.842840e-01 7.008000e-03 3.087080e-01
216 6.832600e-01 6.808000e-03 3.099320e-01
217 6.822320e-01 6.616000e-03 3.111520e-01
218 6.812880e-01 6.480000e-03 3.122320e-01
219 6.803040e-01 6.272000e-03 3.134240e-01
220 6.792240e-01 6.144000e-03 3.146320e-01
221 6.783480e-01 6.016000e-03 3.156360e-01
222 6.773880e-01 5.936000e-03 3.166760e-01
223 6.763680e-01 5.972000e-03 3.176600e-01
224 6.754520e-01 5.912000e-03 3.186360e-01
225 6.745600e-01 5.780000e-03 3.196600e-01
226 6.737280e-01 5.576000e-03 3.206960e-01
227 6.728560e-01 5.500000e-03 3.216440e-01
228 6.720560e-01 5.404000e-03 3.225400e-01
229 6.711320e-01 5.380000e-03 3.234880e-01
230 6.701240e-01 5.492000e-03 3.243840e-01
231 6.692400e-01 5.440000e-03 3.253200e-01
232 6.683320e-01 5.332000e-03 3.263360e-01
233 6.675120e-01 5.168000e-03 3.273200e-01
234 6.664920e-01 5.228000e-03 3.282800e-01
235 6.655760e-01 5.176000e-03 3.292480e-01
236 6.647680e-01 5.096000e-03 3.301360e-01
237 6.640280e-01 4.936000e-03 3.310360e-01
238 6.632560e-01 4.816000e-03 3.319280e-01
239 6.624360e-01 4.776000e-03 3.327880e-01
240 6.616440e-01 4.792000e-03 3.335640e-01
241 6.609560e-01 4.568000e-03 3.344760e-01
242 6.602120e-01 4.472000e-03 3.353160e-01
243 6.595120e-01 4.392000e-03 3.360960e-01
244 6.589040e-01 4.224000e-03 3.368720e-01
245 6.582320e-01 4.116000e-03 3.376520e-01
246 6.576080e-01 4.008000e-03 3.383840e-01
247 6.570040e-01 3.924000e-03 3.390720e-01
248 6.562880e-01 3.988000e-03 3.397240e-01
249 6.557400e-01 3.828000e-03 3.404320e-01
250 6.550000e-01 3.900000e-03 3.411000e-01
251 6.544120e-01 3.792000e-03 3.417960e-01
252 6.537240e-01 3.792000e-03 3.424840e-01
253 6.531080e-01 3.700000e-03 3.431920e-01
254 6.525000e-01 3.628000e-03 3.438720e-01
255 6.518720e-01 3.668000e-03 3.444600e-01
256 6.512600e-01 3.556000e-03 3.451840e-01
257 6.507040e-01 3.528000e-03 3.457680e-01
258 6.500960e-01 3.556000e-03 3.463480e-01
259 6.495560e-01 3.432000e-03 3.470120e-01
260 6.489640e-01 3.504000e-03 3.475320e-01
261 6.484320e-01 3.408000e-03 3.481600e-01
262 6.478960e-01 3.376000e-03 3.487280e-01
263 6.474000e-01 3.276000e-03 3.493240e-01
264 6.468600e-01 3.224000e-03 3.499160e-01
265 6.464480e-01 3.032000e-03 3.505200e-01
266 6.460200e-01 2.976000e-03 3.510040e-01
267 6.455400e-01 2.984000e-03 3.514760e-01
268 6.451200e-01 2.792000e-03 3.520880e-01
269 6.446160e-01 2.812000e-03 3.525720e-01
270 6.441280e-01 2.836000e-03 3.530360e-01
271 6.437080e-01 2.764000e-03 3.535280e-01
272 6.432680e-01 2.720000e-03 3.540120e-01
273 6.428960e-01 2.572000e-03 3.545320e-01
274 6.425040e-01 2.544000e-03 3.549520e-01
275 6.420600e-01 2.504000e-03 3.554360e-01
276 6.415920e-01 2.556000e-03 3.558520e-01
277 6.411480e-01 2.596000e-03 3.562560e-01
278 6.406280e-01 2.652000e-03 3.567200e-01
279 6.401680e-01 2.656000e-03 3.571760e-01
280 6.397520e-01 2.648000e-03 3.576000e-01
281 6.393440e-01 2.540000e-03 3.581160e-01
282 6.388840e-01 2.556000e-03 3.585600e-01
283 6.384440e-01 2.516000e-03 3.590400e-01
284 6.380640e-01 2.408000e-03 3.595280e-01
285 6.376760e-01 2.340000e-03 3.599840e-01
286 6.371960e-01 2.436000e-03 3.603680e-01
287 6.366840e-01 2.544000e-03 3.607720e-01
288 6.361680e-01 2.592000e-03 3.612400e-01
289 6.357760e-01 2.536000e-03 3.616880e-01
290 6.352960e-01 2.564000e-03 3.621400e-01
291 6.348320e-01 2.576000e-03 3.625920e-01
292 6.343120e-01 2.588000e-03 3.631000e-01
293 6.339120e-01 2.568000e-03 3.635200e-01
294 6.333840e-01 2.616000e-03 3.640000e-01
295 6.328560e-01 2.692000e-03 3.644520e-01
296 6.323680e-01 2.676000e-03 3.649560e-01
297 6.319440e-01 2.608000e-03 3.654480e-01
298 6.315040e-01 2.552000e-03 3.659440e-01
299 6.310960e-01 2.556000e-03 3.663480e-01
300 6.306680e-01 2.572000e-03 3.667600e-01
301 6.301360e-01 2.680000e-03 3.671840e-01
302 6.296840e-01 2.744000e-03 3.675720e-01
303 6.292440e-01 2.636000e-03 3.681200e-01
304 6.288840e-01 2.496000e-03 3.686200e-01
305 6.285200e-01 2.408000e-03 3.690720e-01
306 6.281720e-01 2.336000e-03 3.694920e-01
307 6.277720e-01 2.360000e-03 3.698680e-01
308 6.274000e-01 2.332000e-03 3.702680e-01
309 6.270720e-01 2.196000e-03 3.707320e-01
310 6.267320e-01 2.188000e-03 3.710800e-01
311 6.262680e-01 2.284000e-03 3.714480e-01
312 6.258720e-01 2.196000e-03 3.719320e-01
313 6.255800e-01 2.148000e-03 3.722720e-01
314 6.252640e-01 2.100000e-03 3.726360e-01
315 6.248520e-01 2.140000e-03 3.730080e-01
316 6.244440e-01 2.184000e-03 3.733720e-01
317 6.240480e-01 2.196000e-03 3.737560e-01
318 6.236800e-01 2.164000e-03 3.741560e-01
319 6.233000e-01 2.216000e-03 3.744840e-01
320 6.229040e-01 2.228000e-03 3.748680e-01
321 6.225000e-01 2.228000e-03 3.752720e-01
322 6.221520e-01 2.204000e-03 3.756440e-01
323 6.217760e-01 2.216000e-03 3.760080e-01
324 6.214400e-01 2.192000e-03 3.763680e-01
325 6.211240e-01 2.112000e-03 3.767640e-01
326 6.207600e-01 2.072000e-03 3.771680e-01
327 6.204000e-01 2.020000e-03 3.775800e-01
328 6.200760e-01 1.984000e-03 3.779400e-01
329 6.197400e-01 1.992000e-03 3.782680e-01
330 6.193360e-01 2.048000e-03 3.786160e-01
331 6.189040e-01 2.188000e-03 3.789080e-01
332 6.184880e-01 2.172000e-03 3.793400e-01
333 6.180040e-01 2.296000e-03 3.797000e-01
334 6.176600e-01 2.244000e-03 3.800960e-01
335 6.172440e-01 2.272000e-03 3.804840e-01
336 6.168800e-01 2.188000e-03 3.809320e-01
337 6.165160e-01 2.176000e-03 3.813080e-01
338 6.161400e-01 2.148000e-03 3.817120e-01
339 6.158200e-01 2.076000e-03 3.821040e-01
340 6.155040e-01 2.048000e-03 3.824480e-01
341 6.152240e-01 1.916000e-03 3.828600e-01
342 6.149520e-01 1.820000e-03 3.832280e-01
343 6.147120e-01 1.724000e-03 3.835640e-01
344 6.144160e-01 1.720000e-03 3.838640e-01
345 6.140920e-01 1.748000e-03 3.841600e-01
346 6.138040e-01 1.752000e-03 3.844440e-01
347 6.135760e-01 1.676000e-03 3.847480e-01
348 6.133800e-01 1.612000e-03 3.850080e-01
349 6.131320e-01 1.580000e-03 3.852880e-01
350 6.128520e-01 1.612000e-03 3.855360e-01
351 6.125280e-01 1.636000e-03 3.858360e-01
352 6.122480e-01 1.608000e-03 3.861440e-01
353 6.119200e-01 1.680000e-03 3.864000e-01
354 6.116560e-01 1.684000e-03 3.866600e-01
355 6.113560e-01 1.668000e-03 3.869760e-01
356 6.110680e-01 1.660000e-03 3.872720e-01
357 6.108120e-01 1.636000e-03 3.875520e-01
358 6.105520e-01 1.624000e-03 3.878240e-01
359 6.102840e-01 1.660000e-03 3.880560e-01
360 6.100360e-01 1.592000e-03 3.883720e-01
361 6.098200e-01 1.580000e-03 3.886000e-01
362 6.096400e-01 1.472000e-03 3.888880e-01
363 6.094120e-01 1.480000e-03 3.891080e-01
364 6.092480e-01 1.384000e-03 3.893680e-01
365 6.090320e-01 1.404000e-03 3.895640e-01
366 6.088480e-01 1.364000e-03 3.897880e-01
367 6.086520e-01 1.360000e-03 3.899880e-01
368 6.084000e-01 1.356000e-03 3.902440e-01
369 6.082360e-01 1.292000e-03 3.904720e-01
370 6.080840e-01 1.144000e-03 3.907720e-01
371 6.079080e-01 1.132000e-03 3.909600e-01
372 6.077120e-01 1.116000e-03 3.911720e-01
373 6.075160e-01 1.148000e-03 3.913360e-01
374 6.073360e-01 1.152000e-03 3.915120e-01
375 6.071840e-01 1.100000e-03 3.917160e-01
376 6.070160e-01 1.072000e-03 3.919120e-01
377 6.068960e-01 1.012000e-03 3.920920e-01
378 6.067280e-01 1.048000e-03 3.922240e-01
379 6.065960e-01 1.000000e-03 3.924040e-01
380 6.064440e-01 9.720000e-04 3.925840e-01
381 6.062760e-01 9.280000e-04 3.927960e-01
382 6.061080e-01 9.080000e-04 3.929840e-01
383 6.059240e-01 9.640000e-04 3.931120e-01
384 6.057640e-01 9.600000e-04 3.932760e-01
385 6.055800e-01 1.028000e-03 3.933920e-01
386 6.054080e-01 1.056000e-03 3.935360e-01
387 6.052400e-01 1.036000e-03 3.937240e-01
388 6.051040e-01 9.680000e-04 3.939280e-01
389 6.049880e-01 9.400000e-04 3.940720e-01
390 6.048160e-01 9.600000e-04 3.942240e-01
391 6.046760e-01 9.040000e-04 3.944200e-01
392 6.045520e-01 9.000000e-04 3.945480e-01
393 6.044360e-01 8.320000e-04 3.947320e-01
394 6.042880e-01 8.480000e-04 3.948640e-01
395 6.041760e-01 7.520000e-04 3.950720e-01
396 6.040760e-01 7.160000e-04 3.952080e-01
397 6.039680e-01 6.920000e-04 3.953400e-01
398 6.038840e-01 6.040000e-04 3.955120e-01
399 6.038160e-01 5.840000e-04 3.956000e-01
400 6.037480e-01 5.240000e-04 3.957280e-01
401 6.037000e-01 4.720000e-04 3.958280e-01
402 6.036600e-01 4.240000e-04 3.959160e-01
403 6.035920e-01 4.080000e-04 3.960000e-01
404 6.035520e-01 3.640000e-04 3.960840e-01
405 6.035240e-01 3.200000e-04 3.961560e-01
406 6.035160e-01 2.720000e-04 3.962120e-01
407 6.034800e-01 2.480000e-04 3.962720e-01
408 6.034480e-01 2.520000e-04 3.963000e-01
409 6.034160e-01 2.360000e-04 3.963480e-01
410 6.033880e-01 2.400000e-04 3.963720e-01
411 6.033240e-01 2.800000e-04 3.963960e-01
412 6.032760e-01 2.640000e-04 3.964600e-01
413 6.032320e-01 2.440000e-04 3.965240e-01
414 6.032160e-01 2.240000e-04 3.965600e-01
415 6.031800e-01 2.080000e-04 3.966120e-01
416 6.031240e-01 2.360000e-04 3.966400e-01
417 6.030760e-01 2.200000e-04 3.967040e-01
418 6.030320e-01 2.400000e-04 3.967280e-01
419 6.030080e-01 2.080000e-04 3.967840e-01
420 6.029760e-01 2.040000e-04 3.968200e-01
421 6.029480e-01 2.160000e-04 3.968360e-01
422 6.028800e-01 2.480000e-04 3.968720e-01
423 6.028360e-01 2.400000e-04 3.969240e-01
424 6.027840e-01 2.400000e-04 3.969760e-01
425 6.027480e-01 2.280000e-04 3.970240e-01
426 6.026840e-01 2.400000e-04 3.970760e-01
427 6.026320e-01 2.600000e-04 3.971080e-01
428 6.025880e-01 2.720000e-04 3.971400e-01
429 6.025360e-01 2.920000e-04 3.971720e-01
430 6.025080e-01 2.800000e-04 3.972120e-01
431 6.024920e-01 2.320000e-04 3.972760e-01
432 6.024400e-01 2.680000e-04 3.972920e-01
433 6.023960e-01 2.680000e-04 3.973360e-01
434 6.023560e-01 2.480000e-04 3.973960e-01
435 6.023080e-01 2.480000e-04 3.974440e-01
436 6.022720e-01 2.440000e-04 3.974840e-01
437 6.022160e-01 2.360000e-04 3.975480e-01
438 6.021880e-01 2.280000e-04 3.975840e-01
439 6.021560e-01 2.120000e-04 3.976320e-01
440 6.021200e-01 2.080000e-04 3.976720e-01
441 6.021000e-01 1.800000e-04 3.977200e-01
442 6.020560e-01 1.960000e-04 3.977480e-01
443 6.020040e-01 2.200000e-04 3.977760e-01
444 6.019680e-01 1.880000e-04 3.978440e-01
445 6.019320e-01 1.840000e-04 3.978840e-01
446 6.018920e-01 2.080000e-04 3.979000e-01
447 6.018440e-01 2.000000e-04 3.979560e-01
448 6.017920e-01 2.240000e-04 3.979840e-01
449 6.017680e-01 2.200000e-04 3.980120e-01
450 6.017080e-01 2.560000e-04 3.980360e-01
451 6.016560e-01 2.720000e-04 3.980720e-01
452 6.016120e-01 2.440000e-04 3.981440e-01
453 6.015720e-01 2.520000e-04 3.981760e-01
454 6.015280e-01 2.600000e-04 3.982120e-01
455 6.014880e-01 2.720000e-04 3.982400e-01
456 6.014600e-01 2.440000e-04 3.982960e-01
457 6.014480e-01 2.040000e-04 3.983480e-01
458 6.014080e-01 2.120000e-04 3.983800e-01
459 6.013480e-01 2.200000e-04 3.984320e-01
460 6.012920e-01 2.360000e-04 3.984720e-01
461 6.012400e-01 2.400000e-04 3.985200e-01
462 6.012120e-01 2.360000e-04 3.985520e-01
463 6.011760e-01 2.120000e-04 3.986120e-01
464 6.011640e-01 1.880000e-04 3.986480e-01
465 6.011480e-01 1.680000e-04 3.986840e-01
466 6.011280e-01 1.720000e-04 3.987000e-01
467 6.011080e-01 1.720000e-04 3.987200e-01
468 6.010840e-01 1.760000e-04 3.987400e-01
469 6.010640e-01 1.680000e-04 3.987680e-01
470 6.010440e-01 1.560000e-04 3.988000e-01
471 6.010280e-01 1.400000e-04 3.988320e-01
472 6.010160e-01 1.280000e-04 3.988560e-01
473 6.009920e-01 1.280000e-04 3.988800e-01
474 6.009760e-01 1.080000e-04 3.989160e-01
475 6.009560e-01 1.080000e-04 3.989360e-01
476 6.009440e-01 1.040000e-04 3.989520e-01
477 6.009360e-01 8.800000e-05 3.989760e-01
478 6.009320e-01 7.200000e-05 3.989960e-01
479 6.009160e-01 7.200000e-05 3.990120e-01
480 6.009160e-01 5.200000e-05 3.990320e-01
481 6.009160e-01 4.000000e-05 3.990440e-01
482 6.009160e-01 3.200000e-05 3.990520e-01
483 6.009160e-01 3.200000e-05 3.990520e-01
484 6.009120e-01 2.400000e-05 3.990640e-01
485 6.009120e-01 1.600000e-05 3.990720e-01
486 6.009120e-01 1.600000e-05 3.990720e-01
487 6.009120e-01 1.600000e-05 3.990720e-01
488 6.009120e-01 1.200000e-05 3.990760e-01
489 6.009120e-01 1.200000e-05 3.990760e-01
490 6.009120e-01 1.200000e-05 3.990760e-01
491 6.009120e-01 1.200000e-05 3.990760e-01
492 6.009120e-01 1.200000e-05 3.990760e-01
493 6.009120e-01 8.000000e-06 3.990800e-01
494 6.009120e-01 4.000000e-06 3.990840e-01
495 6.009120e-01 4.000000e-06 3.990840e-01
496 6.009120e-01 4.000000e-06 3.990840e-01
497 6.009120e-01 0.000000e+00 3.990880e-01
498 6.009120e-01 0.000000e+00 3.990880e-01
499 6.009120e-01 0.000000e+00 3.990880e-01
500 6.009120e-01 0.000000e+00 3.990880e-01
