1 9.991600e-01 7.480000e-04 9.200000e-05
2 9.987200e-01 1.024000e-03 2.560000e-04
3 9.981400e-01 1.416000e-03 4.440000e-04
4 9.974520e-01 1.800000e-03 7.480000e-04
5 9.966800e-01 2.228000e-03 1.092000e-03
6 9.956560e-01 2.788000e-03 1.556000e-03
7 9.946160e-01 3.344000e-03 2.040000e-03
8 9.936480e-01 3.720000e-03 2.632000e-03
9 9.925280e-01 4.164000e-03 3.308000e-03
10 9.913960e-01 4.496000e-03 4.108000e-03
11 9.902200e-01 4.872000e-03 4.908000e-03
12 9.890040e-01 5.272000e-03 5.724000e-03
13 9.878240e-01 5.488000e-03 6.688000e-03
14 9.865480e-01 5.756000e-03 7.696000e-03
15 9.853080e-01 6.060000e-03 8.632000e-03
16 9.841480e-01 5.984000e-03 9.868000e-03
17 9.828040e-01 6.232000e-03 1.096400e-02
18 9.814920e-01 6.556000e-03 1.195200e-02
19 9.800760e-01 6.876000e-03 1.304800e-02
20 9.788080e-01 6.936000e-03 1.425600e-02
21 9.772240e-01 7.216000e-03 1.556000e-02
22 9.757840e-01 7.480000e-03 1.673600e-02
23 9.741600e-01 7.720000e-03 1.812000e-02
24 9.725200e-01 7.920000e-03 1.956000e-02
25 9.708360e-01 8.172000e-03 2.099200e-02
26 9.690920e-01 8.468000e-03 2.244000e-02
27 9.676120e-01 8.496000e-03 2.389200e-02
28 9.660720e-01 8.520000e-03 2.540800e-02
29 9.644600e-01 8.648000e-03 2.689200e-02
30 9.628520e-01 8.840000e-03 2.830800e-02
31 9.611000e-01 9.084000e-03 2.981600e-02
32 9.594680e-01 9.172000e-03 3.136000e-02
33 9.579680e-01 9.004000e-03 3.302800e-02
34 9.563840e-01 9.036000e-03 3.458000e-02
35 9.548480e-01 9.004000e-03 3.614800e-02
36 9.533080e-01 8.964000e-03 3.772800e-02
37 9.517800e-01 9.044000e-03 3.917600e-02
38 9.502040e-01 9.164000e-03 4.063200e-02
39 9.485720e-01 9.116000e-03 4.231200e-02
40 9.469680e-01 9.100000e-03 4.393200e-02
41 9.453600e-01 9.068000e-03 4.557200e-02
42 9.436400e-01 9.192000e-03 4.716800e-02
43 9.420680e-01 9.164000e-03 4.876800e-02
44 9.404000e-01 9.188000e-03 5.041200e-02
45 9.388400e-01 8.968000e-03 5.219200e-02
46 9.371680e-01 9.096000e-03 5.373600e-02
47 9.356080e-01 8.960000e-03 5.543200e-02
48 9.340160e-01 8.904000e-03 5.708000e-02
49 9.323480e-01 8.984000e-03 5.866800e-02
50 9.307200e-01 9.100000e-03 6.018000e-02
51 9.289000e-01 9.380000e-03 6.172000e-02
52 9.271560e-01 9.412000e-03 6.343200e-02
53 9.253800e-01 9.596000e-03 6.502400e-02
54 9.234280e-01 9.888000e-03 6.668400e-02
55 9.215280e-01 1.000000e-02 6.847200e-02
56 9.197080e-01 1.012800e-02 7.016400e-02
57 9.178760e-01 9.944000e-03 7.218000e-02
58 9.161440e-01 9.912000e-03 7.394400e-02
59 9.142760e-01 1.012400e-02 7.560000e-02
60 9.124080e-01 1.014800e-02 7.744400e-02
61 9.105480e-01 1.004800e-02 7.940400e-02
62 9.089240e-01 9.960000e-03 8.111600e-02
63 9.072360e-01 9.880000e-03 8.288400e-02
64 9.055400e-01 9.752000e-03 8.470800e-02
65 9.037440e-01 9.872000e-03 8.638400e-02
66 9.020400e-01 9.844000e-03 8.811600e-02
67 9.002120e-01 9.944000e-03 8.984400e-02
68 8.986040e-01 9.928000e-03 9.146800e-02
69 8.969640e-01 9.844000e-03 9.319200e-02
70 8.953640e-01 9.800000e-03 9.483600e-02
71 8.935320e-01 9.860000e-03 9.660800e-02
72 8.917800e-01 9.820000e-03 9.840000e-02
73 8.901120e-01 9.676000e-03 1.002120e-01
74 8.884440e-01 9.600000e-03 1.019560e-01
75 8.867920e-01 9.700000e-03 1.035080e-01
76 8.851520e-01 9.636000e-03 1.052120e-01
77 8.835040e-01 9.660000e-03 1.068360e-01
78 8.818760e-01 9.560000e-03 1.085640e-01
79 8.801760e-01 9.560000e-03 1.102640e-01
80 8.788000e-01 9.304000e-03 1.118960e-01
81 8.773160e-01 9.244000e-03 1.134400e-01
82 8.756720e-01 9.340000e-03 1.149880e-01
83 8.739400e-01 9.400000e-03 1.166600e-01
84 8.722920e-01 9.220000e-03 1.184880e-01
85 8.707440e-01 9.232000e-03 1.200240e-01
86 8.690440e-01 9.384000e-03 1.215720e-01
87 8.676040e-01 9.344000e-03 1.230520e-01
88 8.659800e-01 9.292000e-03 1.247280e-01
89 8.641880e-01 9.440000e-03 1.263720e-01
90 8.624880e-01 9.652000e-03 1.278600e-01
91 8.608480e-01 9.648000e-03 1.295040e-01
92 8.592880e-01 9.576000e-03 1.311360e-01
93 8.576400e-01 9.548000e-03 1.328120e-01
94 8.560760e-01 9.364000e-03 1.345600e-01
95 8.544120e-01 9.404000e-03 1.361840e-01
96 8.526640e-01 9.532000e-03 1.378040e-01
97 8.510640e-01 9.468000e-03 1.394680e-01
98 8.494240e-01 9.288000e-03 1.412880e-01
99 8.477160e-01 9.548000e-03 1.427360e-01
100 8.459880e-01 9.532000e-03 1.444800e-01
101 8.442440e-01 9.520000e-03 1.462360e-01
102 8.428200e-01 9.416000e-03 1.477640e-01
103 8.409320e-01 9.724000e-03 1.493440e-01
104 8.393280e-01 9.432000e-03 1.512400e-01
105 8.376320e-01 9.504000e-03 1.528640e-01
106 8.360560e-01 9.384000e-03 1.545600e-01
107 8.346760e-01 9.024000e-03 1.563000e-01
108 8.331560e-01 8.960000e-03 1.578840e-01
109 8.316840e-01 8.872000e-03 1.594440e-01
110 8.303040e-01 8.788000e-03 1.609080e-01
111 8.289720e-01 8.576000e-03 1.624520e-01
112 8.277400e-01 8.292000e-03 1.639680e-01
113 8.263760e-01 8.192000e-03 1.654320e-01
114 8.249760e-01 8.208000e-03 1.668160e-01
115 8.236080e-01 8.200000e-03 1.681920e-01
116 8.223280e-01 7.908000e-03 1.697640e-01
117 8.211200e-01 7.812000e-03 1.710680e-01
118 8.198720e-01 7.656000e-03 1.724720e-01
119 8.186000e-01 7.552000e-03 1.738480e-01
120 8.173280e-01 7.444000e-03 1.752280e-01
121 8.160240e-01 7.432000e-03 1.765440e-01
122 8.148480e-01 7.344000e-03 1.778080e-01
123 8.137120e-01 7.144000e-03 1.791440e-01
124 8.124520e-01 7.160000e-03 1.803880e-01
125 8.114120e-01 6.932000e-03 1.816560e-01
126 8.101680e-01 6.976000e-03 1.828560e-01
127 8.090280e-01 6.948000e-03 1.840240e-01
128 8.077920e-01 6.928000e-03 1.852800e-01
129 8.066080e-01 6.936000e-03 1.864560e-01
130 8.055000e-01 6.780000e-03 1.877200e-01
131 8.044760e-01 6.664000e-03 1.888600e-01
132 8.034440e-01 6.460000e-03 1.900960e-01
133 8.023240e-01 6.424000e-03 1.912520e-01
134 8.013080e-01 6.284000e-03 1.924080e-01
135 8.002480e-01 6.280000e-03 1.934720e-01
136 7.991240e-01 6.304000e-03 1.945720e-01
137 7.980080e-01 6.424000e-03 1.955680e-01
138 7.968040e-01 6.496000e-03 1.967000e-01
139 7.957000e-01 6.412000e-03 1.978880e-01
140 7.946160e-01 6.412000e-03 1.989720e-01
141 7.935760e-01 6.440000e-03 1.999840e-01
142 7.924320e-01 6.408000e-03 2.011600e-01
143 7.912840e-01 6.428000e-03 2.022880e-01
144 7.901440e-01 6.328000e-03 2.035280e-01
145 7.890120e-01 6.268000e-03 2.047200e-01
146 7.878880e-01 6.380000e-03 2.057320e-01
147 7.867440e-01 6.428000e-03 2.068280e-01
148 7.856080e-01 6.364000e-03 2.080280e-01
149 7.844000e-01 6.388000e-03 2.092120e-01
150 7.833000e-01 6.408000e-03 2.102920e-01
151 7.821080e-01 6.460000e-03 2.114320e-01
152 7.809080e-01 6.528000e-03 2.125640e-01
153 7.798720e-01 6.532000e-03 2.135960e-01
154 7.788400e-01 6.504000e-03 2.146560e-01
155 7.777640e-01 6.516000e-03 2.157200e-01
156 7.767880e-01 6.364000e-03 2.168480e-01
157 7.758080e-01 6.244000e-03 2.179480e-01
158 7.749280e-01 6.016000e-03 2.190560e-01
159 7.740000e-01 5.812000e-03 2.201880e-01
160 7.731440e-01 5.712000e-03 2.211440e-01
161 7.723400e-01 5.460000e-03 2.222000e-01
162 7.713720e-01 5.488000e-03 2.231400e-01
163 7.704160e-01 5.528000e-03 2.240560e-01
164 7.693720e-01 5.604000e-03 2.250240e-01
165 7.683760e-01 5.712000e-03 2.259120e-01
166 7.673920e-01 5.676000e-03 2.269320e-01
167 7.663200e-01 5.684000e-03 2.279960e-01
168 7.651960e-01 5.796000e-03 2.290080e-01
169 7.641560e-01 5.816000e-03 2.300280e-01
170 7.630480e-01 5.920000e-03 2.310320e-01
171 7.620520e-01 5.872000e-03 2.320760e-01
172 7.610400e-01 5.840000e-03 2.331200e-01
173 7.600040e-01 5.868000e-03 2.341280e-01
174 7.590480e-01 5.872000e-03 2.350800e-01
175 7.581040e-01 5.772000e-03 2.361240e-01
176 7.573000e-01 5.584000e-03 2.371160e-01
177 7.564480e-01 5.408000e-03 2.381440e-01
178 7.555000e-01 5.428000e-03 2.390720e-01
179 7.546040e-01 5.384000e-03 2.400120e-01
180 7.537560e-01 5.332000e-03 2.409120e-01
181 7.528360e-01 5.316000e-03 2.418480e-01
182 7.519520e-01 5.284000e-03 2.427640e-01
183 7.509600e-01 5.244000e-03 2.437960e-01
184 7.499640e-01 5.304000e-03 2.447320e-01
185 7.490360e-01 5.312000e-03 2.456520e-01
186 7.481360e-01 5.288000e-03 2.465760e-01
187 7.472000e-01 5.292000e-03 2.475080e-01
188 7.463360e-01 5.196000e-03 2.484680e-01
189 7.454560e-01 5.196000e-03 2.493480e-01
190 7.444640e-01 5.316000e-03 2.502200e-01
191 7.434560e-01 5.336000e-03 2.512080e-01
192 7.424760e-01 5.364000e-03 2.521600e-01
193 7.415960e-01 5.388000e-03 2.530160e-01
194 7.407400e-01 5.352000e-03 2.539080e-01
195 7.399760e-01 5.180000e-03 2.548440e-01
196 7.390240e-01 5.080000e-03 2.558960e-01
197 7.381840e-01 5.012000e-03 2.568040e-01
198 7.373440e-01 5.036000e-03 2.576200e-01
199 7.364520e-01 5.044000e-03 2.585040e-01
200 7.355760e-01 5.112000e-03 2.593120e-01
201 7.347960e-01 4.868000e-03 2.603360e-01
202 7.339800e-01 4.800000e-03 2.612200e-01
203 7.331800e-01 4.748000e-03 2.620720e-01
204 7.325320e-01 4.464000e-03 2.630040e-01
205 7.318200e-01 4.448000e-03 2.637320e-01
206 7.309760e-01 4.536000e-03 2.644880e-01
207 7.301600e-01 4.572000e-03 2.652680e-01
208 7.293760e-01 4.660000e-03 2.659640e-01
209 7.284840e-01 4.724000e-03 2.667920e-01
210 7.276800e-01 4.672000e-03 2.676480e-01
211 7.268760e-01 4.680000e-03 2.684440e-01
212 7.261160e-01 4.660000e-03 2.692240e-01
213 7.253600e-01 4.580000e-03 2.700600e-01
214 7.245280e-01 4.580000e-03 2.708920e-01
215 7.237680e-01 4.516000e-03 2.717160e-01
216 7.230880e-01 4.416000e-03 2.724960e-01
217 7.223800e-01 4.400000e-03 2.732200e-01
218 7.215480e-01 4.568000e-03 2.738840e-01
219 7.207800e-01 4.564000e-03 2.746560e-01
220 7.199960e-01 4.540000e-03 2.754640e-01
221 7.191760e-01 4.460000e-03 2.763640e-01
222 7.183680e-01 4.440000e-03 2.771920e-01
223 7.175280e-01 4.516000e-03 2.779560e-01
224 7.167360e-01 4.536000e-03 2.787280e-01
225 7.159000e-01 4.584000e-03 2.795160e-01
226 7.150240e-01 4.660000e-03 2.803160e-01
227 7.141520e-01 4.716000e-03 2.811320e-01
228 7.133200e-01 4.772000e-03 2.819080e-01
229 7.123480e-01 4.916000e-03 2.827360e-01
230 7.114160e-01 4.920000e-03 2.836640e-01
231 7.105720e-01 4.908000e-03 2.845200e-01
232 7.097760e-01 4.916000e-03 2.853080e-01
233 7.089120e-01 4.920000e-03 2.861680e-01
234 7.081000e-01 4.980000e-03 2.869200e-01
235 7.073160e-01 4.760000e-03 2.879240e-01
236 7.066040e-01 4.700000e-03 2.886960e-01
237 7.058480e-01 4.712000e-03 2.894400e-01
238 7.050880e-01 4.688000e-03 2.902240e-01
239 7.043120e-01 4.544000e-03 2.911440e-01
240 7.034920e-01 4.504000e-03 2.920040e-01
241 7.026800e-01 4.560000e-03 2.927600e-01
242 7.019040e-01 4.528000e-03 2.935680e-01
243 7.011280e-01 4.428000e-03 2.944440e-01
244 7.003800e-01 4.336000e-03 2.952840e-01
245 6.994840e-01 4.484000e-03 2.960320e-01
246 6.987240e-01 4.556000e-03 2.967200e-01
247 6.978960e-01 4.584000e-03 2.975200e-01
248 6.970720e-01 4.580000e-03 2.983480e-01
249 6.962440e-01 4.608000e-03 2.991480e-01
250 6.953920e-01 4.668000e-03 2.999400e-01
251 6.945560e-01 4.728000e-03 3.007160e-01
252 6.937440e-01 4.732000e-03 3.015240e-01
253 6.929560e-01 4.524000e-03 3.025200e-01
254 6.922040e-01 4.524000e-03 3.032720e-01
255 6.914680e-01 4.480000e-03 3.040520e-01
256 6.906480e-01 4.528000e-03 3.048240e-01
257 6.898400e-01 4.448000e-03 3.057120e-01
258 6.890160e-01 4.536000e-03 3.064480e-01
259 6.881120e-01 4.664000e-03 3.072240e-01
260 6.872520e-01 4.668000e-03 3.080800e-01
261 6.863200e-01 4.776000e-03 3.089040e-01
262 6.853640e-01 4.912000e-03 3.097240e-01
263 6.845440e-01 4.820000e-03 3.106360e-01
264 6.836360e-01 4.812000e-03 3.115520e-01
265 6.829200e-01 4.708000e-03 3.123720e-01
266 6.820080e-01 4.816000e-03 3.131760e-01
267 6.811680e-01 4.732000e-03 3.141000e-01
268 6.803960e-01 4.696000e-03 3.149080e-01
269 6.796160e-01 4.664000e-03 3.157200e-01
270 6.788600e-01 4.616000e-03 3.165240e-01
271 6.781560e-01 4.548000e-03 3.172960e-01
272 6.774720e-01 4.404000e-03 3.181240e-01
273 6.768240e-01 4.276000e-03 3.189000e-01
274 6.760840e-01 4.240000e-03 3.196760e-01
275 6.754000e-01 4.212000e-03 3.203880e-01
276 6.746920e-01 4.248000e-03 3.210600e-01
277 6.740760e-01 4.128000e-03 3.217960e-01
278 6.734120e-01 4.008000e-03 3.225800e-01
279 6.727920e-01 3.948000e-03 3.232600e-01
280 6.721480e-01 3.940000e-03 3.239120e-01
281 6.716360e-01 3.740000e-03 3.246240e-01
282 6.711080e-01 3.600000e-03 3.252920e-01
283 6.705160e-01 3.612000e-03 3.258720e-01
284 6.699880e-01 3.492000e-03 3.265200e-01
285 6.694360e-01 3.456000e-03 3.271080e-01
286 6.687400e-01 3.492000e-03 3.277680e-01
287 6.680840e-01 3.500000e-03 3.284160e-01
288 6.675240e-01 3.384000e-03 3.290920e-01
289 6.669200e-01 3.380000e-03 3.297000e-01
290 6.663400e-01 3.388000e-03 3.302720e-01
291 6.657560e-01 3.360000e-03 3.308840e-01
292 6.652720e-01 3.264000e-03 3.314640e-01
293 6.647840e-01 3.184000e-03 3.320320e-01
294 6.642880e-01 3.072000e-03 3.326400e-01
295 6.638000e-01 3.064000e-03 3.331360e-01
296 6.633320e-01 2.964000e-03 3.337040e-01
297 6.628200e-01 2.964000e-03 3.342160e-01
298 6.622040e-01 3.028000e-03 3.347680e-01
299 6.616040e-01 3.080000e-03 3.353160e-01
300 6.610480e-01 3.100000e-03 3.358520e-01
301 6.604440e-01 3.052000e-03 3.365040e-01
302 6.598760e-01 3.120000e-03 3.370040e-01
303 6.592520e-01 3.176000e-03 3.375720e-01
304 6.586160e-01 3.184000e-03 3.382000e-01
305 6.580520e-01 3.180000e-03 3.387680e-01
306 6.575160e-01 3.104000e-03 3.393800e-01
307 6.569320e-01 3.116000e-03 3.399520e-01
308 6.563000e-01 3.228000e-03 3.404720e-01
309 6.557600e-01 3.216000e-03 3.410240e-01
310 6.551680e-01 3.240000e-03 3.415920e-01
311 6.545800e-01 3.288000e-03 3.421320e-01
312 6.540000e-01 3.296000e-03 3.427040e-01
313 6.534000e-01 3.356000e-03 3.432440e-01
314 6.528960e-01 3.280000e-03 3.438240e-01
315 6.523920e-01 3.264000e-03 3.443440e-01
316 6.518040e-01 3.320000e-03 3.448760e-01
317 6.513120e-01 3.316000e-03 3.453720e-01
318 6.507440e-01 3.304000e-03 3.459520e-01
319 6.502120e-01 3.272000e-03 3.465160e-01
320 6.495600e-01 3.332000e-03 3.471080e-01
321 6.489720e-01 3.304000e-03 3.477240e-01
322 6.484000e-01 3.268000e-03 3.483320e-01
323 6.479440e-01 3.196000e-03 3.488600e-01
324 6.474440e-01 3.112000e-03 3.494440e-01
325 6.469640e-01 3.072000e-03 3.499640e-01
326 6.464680e-01 3.080000e-03 3.504520e-01
327 6.459120e-01 3.112000e-03 3.509760e-01
328 6.454480e-01 3.092000e-03 3.514600e-01
329 6.449520e-01 2.972000e-03 3.520760e-01
330 6.444080e-01 3.016000e-03 3.525760e-01
331 6.438880e-01 2.976000e-03 3.531360e-01
332 6.433880e-01 2.896000e-03 3.537160e-01
333 6.428800e-01 2.880000e-03 3.542400e-01
334 6.425400e-01 2.728000e-03 3.547320e-01
335 6.420760e-01 2.728000e-03 3.551960e-01
336 6.417080e-01 2.580000e-03 3.557120e-01
337 6.413160e-01 2.596000e-03 3.560880e-01
338 6.407920e-01 2.728000e-03 3.564800e-01
339 6.404080e-01 2.632000e-03 3.569600e-01
340 6.400600e-01 2.552000e-03 3.573880e-01
341 6.396680e-01 2.504000e-03 3.578280e-01
342 6.393080e-01 2.496000e-03 3.581960e-01
343 6.388840e-01 2.472000e-03 3.586440e-01
344 6.384080e-01 2.572000e-03 3.590200e-01
345 6.378960e-01 2.648000e-03 3.594560e-01
346 6.374040e-01 2.672000e-03 3.599240e-01
347 6.369000e-01 2.668000e-03 3.604320e-01
348 6.364440e-01 2.688000e-03 3.608680e-01
349 6.360200e-01 2.708000e-03 3.612720e-01
350 6.355240e-01 2.792000e-03 3.616840e-01
351 6.350800e-01 2.760000e-03 3.621600e-01
352 6.346440e-01 2.688000e-03 3.626680e-01
353 6.341880e-01 2.616000e-03 3.631960e-01
354 6.338240e-01 2.516000e-03 3.636600e-01
355 6.334640e-01 2.412000e-03 3.641240e-01
356 6.330680e-01 2.300000e-03 3.646320e-01
357 6.327120e-01 2.280000e-03 3.650080e-01
358 6.321760e-01 2.444000e-03 3.653800e-01
359 6.318080e-01 2.344000e-03 3.658480e-01
360 6.314960e-01 2.180000e-03 3.663240e-01
361 6.311320e-01 2.140000e-03 3.667280e-01
362 6.308160e-01 2.080000e-03 3.671040e-01
363 6.304400e-01 2.036000e-03 3.675240e-01
364 6.301120e-01 1.976000e-03 3.679120e-01
365 6.297640e-01 1.924000e-03 3.683120e-01
366 6.295000e-01 1.792000e-03 3.687080e-01
367 6.291760e-01 1.812000e-03 3.690120e-01
368 6.288280e-01 1.888000e-03 3.692840e-01
369 6.284720e-01 1.928000e-03 3.696000e-01
370 6.281360e-01 1.924000e-03 3.699400e-01
371 6.277880e-01 1.968000e-03 3.702440e-01
372 6.274840e-01 1.928000e-03 3.705880e-01
373 6.271640e-01 1.944000e-03 3.708920e-01
374 6.268280e-01 1.956000e-03 3.712160e-01
375 6.264520e-01 1.948000e-03 3.716000e-01
376 6.260560e-01 1.940000e-03 3.720040e-01
377 6.257240e-01 1.924000e-03 3.723520e-01
378 6.253800e-01 1.908000e-03 3.727120e-01
379 6.250520e-01 1.904000e-03 3.730440e-01
380 6.246800e-01 1.952000e-03 3.733680e-01
381 6.242840e-01 1.984000e-03 3.737320e-01
382 6.239200e-01 2.036000e-03 3.740440e-01
383 6.235920e-01 1.964000e-03 3.744440e-01
384 6.233320e-01 1.868000e-03 3.748000e-01
385 6.230800e-01 1.828000e-03 3.750920e-01
386 6.227600e-01 1.856000e-03 3.753840e-01
387 6.224600e-01 1.816000e-03 3.757240e-01
388 6.221640e-01 1.804000e-03 3.760320e-01
389 6.218280e-01 1.776000e-03 3.763960e-01
390 6.215240e-01 1.772000e-03 3.767040e-01
391 6.211840e-01 1.768000e-03 3.770480e-01
392 6.209280e-01 1.724000e-03 3.773480e-01
393 6.206920e-01 1.652000e-03 3.776560e-01
394 6.204280e-01 1.636000e-03 3.779360e-01
395 6.201880e-01 1.584000e-03 3.782280e-01
396 6.198760e-01 1.588000e-03 3.785360e-01
397 6.195800e-01 1.604000e-03 3.788160e-01
398 6.192840e-01 1.560000e-03 3.791560e-01
399 6.189440e-01 1.620000e-03 3.794360e-01
400 6.187040e-01 1.572000e-03 3.797240e-01
401 6.184400e-01 1.548000e-03 3.800120e-01
402 6.181560e-01 1.536000e-03 3.803080e-01
403 6.178800e-01 1.544000e-03 3.805760e-01
404 6.176440e-01 1.568000e-03 3.807880e-01
405 6.174520e-01 1.528000e-03 3.810200e-01
406 6.171640e-01 1.516000e-03 3.813200e-01
407 6.169080e-01 1.516000e-03 3.815760e-01
408 6.166000e-01 1.616000e-03 3.817840e-01
409 6.163000e-01 1.640000e-03 3.820600e-01
410 6.159720e-01 1.660000e-03 3.823680e-01
411 6.156600e-01 1.700000e-03 3.826400e-01
412 6.153200e-01 1.752000e-03 3.829280e-01
413 6.149840e-01 1.812000e-03 3.832040e-01
414 6.147280e-01 1.692000e-03 3.835800e-01
415 6.145240e-01 1.588000e-03 3.838880e-01
416 6.142720e-01 1.576000e-03 3.841520e-01
417 6.140640e-01 1.520000e-03 3.844160e-01
418 6.138120e-01 1.520000e-03 3.846680e-01
419 6.135520e-01 1.504000e-03 3.849440e-01
420 6.133360e-01 1.456000e-03 3.852080e-01
421 6.131160e-01 1.444000e-03 3.854400e-01
422 6.128880e-01 1.416000e-03 3.856960e-01
423 6.126160e-01 1.472000e-03 3.859120e-01
424 6.123280e-01 1.520000e-03 3.861520e-01
425 6.119840e-01 1.592000e-03 3.864240e-01
426 6.117080e-01 1.596000e-03 3.866960e-01
427 6.114640e-01 1.572000e-03 3.869640e-01
428 6.112360e-01 1.516000e-03 3.872480e-01
429 6.110040e-01 1.528000e-03 3.874680e-01
430 6.107680e-01 1.532000e-03 3.877000e-01
431 6.105360e-01 1.512000e-03 3.879520e-01
432 6.103200e-01 1.464000e-03 3.882160e-01
433 6.101160e-01 1.364000e-03 3.885200e-01
434 6.098520e-01 1.380000e-03 3.887680e-01
435 6.096120e-01 1.348000e-03 3.890400e-01
436 6.093240e-01 1.404000e-03 3.892720e-01
437 6.090440e-01 1.432000e-03 3.895240e-01
438 6.087880e-01 1.404000e-03 3.898080e-01
439 6.085080e-01 1.448000e-03 3.900440e-01
440 6.082880e-01 1.412000e-03 3.903000e-01
441 6.080200e-01 1.452000e-03 3.905280e-01
442 6.077600e-01 1.492000e-03 3.907480e-01
443 6.074560e-01 1.524000e-03 3.910200e-01
444 6.071560e-01 1.568000e-03 3.912760e-01
445 6.068840e-01 1.604000e-03 3.915120e-01
446 6.066520e-01 1.596000e-03 3.917520e-01
447 6.063960e-01 1.504000e-03 3.921000e-01
448 6.060840e-01 1.500000e-03 3.924160e-01
449 6.058480e-01 1.440000e-03 3.927120e-01
450 6.055560e-01 1.496000e-03 3.929480e-01
451 6.052800e-01 1.508000e-03 3.932120e-01
452 6.050520e-01 1.452000e-03 3.934960e-01
453 6.048040e-01 1.416000e-03 3.937800e-01
454 6.045160e-01 1.432000e-03 3.940520e-01
455 6.043000e-01 1.380000e-03 3.943200e-01
456 6.040520e-01 1.296000e-03 3.946520e-01
457 6.038440e-01 1.292000e-03 3.948640e-01
458 6.036520e-01 1.284000e-03 3.950640e-01
459 6.034640e-01 1.248000e-03 3.952880e-01
460 6.032320e-01 1.276000e-03 3.954920e-01
461 6.029440e-01 1.300000e-03 3.957560e-01
462 6.026920e-01 1.316000e-03 3.959920e-01
463 6.024360e-01 1.336000e-03 3.962280e-01
464 6.021960e-01 1.308000e-03 3.964960e-01
465 6.019120e-01 1.336000e-03 3.967520e-01
466 6.016400e-01 1.356000e-03 3.970040e-01
467 6.013840e-01 1.372000e-03 3.972440e-01
468 6.011280e-01 1.352000e-03 3.975200e-01
469 6.008920e-01 1.356000e-03 3.977520e-01
470 6.006240e-01 1.392000e-03 3.979840e-01
471 6.003400e-01 1.376000e-03 3.982840e-01
472 5.999880e-01 1.492000e-03 3.985200e-01
473 5.996160e-01 1.608000e-03 3.987760e-01
474 5.993520e-01 1.640000e-03 3.990080e-01
475 5.990600e-01 1.636000e-03 3.993040e-01
476 5.988040e-01 1.648000e-03 3.995480e-01
477 5.985480e-01 1.600000e-03 3.998520e-01
478 5.982800e-01 1.692000e-03 4.000280e-01
479 5.979800e-01 1.632000e-03 4.003880e-01
480 5.976760e-01 1.636000e-03 4.006880e-01
481 5.973920e-01 1.632000e-03 4.009760e-01
482 5.971440e-01 1.536000e-03 4.013200e-01
483 5.969400e-01 1.480000e-03 4.015800e-01
484 5.967080e-01 1.456000e-03 4.018360e-01
485 5.964520e-01 1.428000e-03 4.021200e-01
486 5.962240e-01 1.468000e-03 4.023080e-01
487 5.959240e-01 1.520000e-03 4.025560e-01
488 5.956640e-01 1.516000e-03 4.028200e-01
489 5.954360e-01 1.484000e-03 4.030800e-01
490 5.951560e-01 1.500000e-03 4.033440e-01
491 5.948720e-01 1.504000e-03 4.036240e-01
492 5.946320e-01 1.440000e-03 4.039280e-01
493 5.943760e-01 1.480000e-03 4.041440e-01
494 5.941280e-01 1.452000e-03 4.044200e-01
495 5.938040e-01 1.496000e-03 4.047000e-01
496 5.935600e-01 1.460000e-03 4.049800e-01
497 5.932720e-01 1.516000e-03 4.052120e-01
498 5.929600e-01 1.548000e-03 4.054920e-01
499 5.927600e-01 1.428000e-03 4.058120e-01
500 5.925800e-01 1.356000e-03 4.060640e-01
