1 9.991760e-01 7.440000e-04 8.000000e-05
2 9.987160e-01 1.056000e-03 2.280000e-04
3 9.980600e-01 1.480000e-03 4.600000e-04
4 9.972600e-01 1.944000e-03 7.960000e-04
5 9.963400e-01 2.488000e-03 1.172000e-03
6 9.953960e-01 3.036000e-03 1.568000e-03
7 9.944080e-01 3.480000e-03 2.112000e-03
8 9.932440e-01 3.916000e-03 2.840000e-03
9 9.921440e-01 4.304000e-03 3.552000e-03
10 9.909880e-01 4.644000e-03 4.368000e-03
11 9.898640e-01 4.972000e-03 5.164000e-03
12 9.885720e-01 5.340000e-03 6.088000e-03
13 9.871320e-01 5.836000e-03 7.032000e-03
14 9.855880e-01 6.356000e-03 8.056000e-03
15 9.841880e-01 6.636000e-03 9.176000e-03
16 9.827640e-01 6.864000e-03 1.037200e-02
17 9.812800e-01 7.196000e-03 1.152400e-02
18 9.798120e-01 7.332000e-03 1.285600e-02
19 9.783840e-01 7.488000e-03 1.412800e-02
20 9.768760e-01 7.756000e-03 1.536800e-02
21 9.752120e-01 8.188000e-03 1.660000e-02
22 9.735680e-01 8.356000e-03 1.807600e-02
23 9.718640e-01 8.428000e-03 1.970800e-02
24 9.702400e-01 8.480000e-03 2.128000e-02
25 9.684120e-01 8.868000e-03 2.272000e-02
26 9.667520e-01 9.100000e-03 2.414800e-02
27 9.650640e-01 9.220000e-03 2.571600e-02
28 9.633800e-01 9.364000e-03 2.725600e-02
29 9.616960e-01 9.404000e-03 2.890000e-02
30 9.599200e-01 9.544000e-03 3.053600e-02
31 9.581240e-01 9.744000e-03 3.213200e-02
32 9.562560e-01 9.948000e-03 3.379600e-02
33 9.545280e-01 9.948000e-03 3.552400e-02
34 9.527760e-01 9.964000e-03 3.726000e-02
35 9.510680e-01 9.908000e-03 3.902400e-02
36 9.491120e-01 1.014000e-02 4.074800e-02
37 9.472200e-01 1.023600e-02 4.254400e-02
38 9.456520e-01 1.012000e-02 4.422800e-02
39 9.440560e-01 9.960000e-03 4.598400e-02
40 9.425840e-01 9.688000e-03 4.772800e-02
41 9.408560e-01 9.712000e-03 4.943200e-02
42 9.392920e-01 9.520000e-03 5.118800e-02
43 9.377240e-01 9.324000e-03 5.295200e-02
44 9.360800e-01 9.392000e-03 5.452800e-02
45 9.344160e-01 9.300000e-03 5.628400e-02
46 9.329240e-01 9.252000e-03 5.782400e-02
47 9.312600e-01 9.244000e-03 5.949600e-02
48 9.295560e-01 9.440000e-03 6.100400e-02
49 9.279360e-01 9.368000e-03 6.269600e-02
50 9.263480e-01 9.256000e-03 6.439600e-02
51 9.247200e-01 9.196000e-03 6.608400e-02
52 9.232360e-01 8.996000e-03 6.776800e-02
53 9.215240e-01 9.144000e-03 6.933200e-02
54 9.199000e-01 9.296000e-03 7.080400e-02
55 9.182280e-01 9.300000e-03 7.247200e-02
56 9.165920e-01 9.264000e-03 7.414400e-02
57 9.148840e-01 9.440000e-03 7.567600e-02
58 9.132480e-01 9.528000e-03 7.722400e-02
59 9.115520e-01 9.600000e-03 7.884800e-02
60 9.097200e-01 9.768000e-03 8.051200e-02
61 9.081720e-01 9.600000e-03 8.222800e-02
62 9.065520e-01 9.560000e-03 8.388800e-02
63 9.048720e-01 9.564000e-03 8.556400e-02
64 9.034320e-01 9.440000e-03 8.712800e-02
65 9.018040e-01 9.580000e-03 8.861600e-02
66 9.002640e-01 9.508000e-03 9.022800e-02
67 8.986880e-01 9.460000e-03 9.185200e-02
68 8.972960e-01 9.256000e-03 9.344800e-02
69 8.958800e-01 9.072000e-03 9.504800e-02
70 8.942400e-01 9.120000e-03 9.664000e-02
71 8.926440e-01 9.024000e-03 9.833200e-02
72 8.910960e-01 8.952000e-03 9.995200e-02
73 8.893800e-01 9.040000e-03 1.015800e-01
74 8.878320e-01 8.980000e-03 1.031880e-01
75 8.863120e-01 9.040000e-03 1.046480e-01
76 8.848280e-01 8.976000e-03 1.061960e-01
77 8.831320e-01 9.088000e-03 1.077800e-01
78 8.816600e-01 8.996000e-03 1.093440e-01
79 8.800880e-01 9.088000e-03 1.108240e-01
80 8.786640e-01 8.968000e-03 1.123680e-01
81 8.771520e-01 8.916000e-03 1.139320e-01
82 8.755480e-01 8.956000e-03 1.154960e-01
83 8.741120e-01 8.804000e-03 1.170840e-01
84 8.725880e-01 8.816000e-03 1.185960e-01
85 8.710520e-01 8.904000e-03 1.200440e-01
86 8.696360e-01 8.928000e-03 1.214360e-01
87 8.680800e-01 8.848000e-03 1.230720e-01
88 8.665040e-01 8.908000e-03 1.245880e-01
89 8.650000e-01 8.796000e-03 1.262040e-01
90 8.633240e-01 8.760000e-03 1.279160e-01
91 8.617800e-01 8.748000e-03 1.294720e-01
92 8.601120e-01 8.872000e-03 1.310160e-01
93 8.584640e-01 8.956000e-03 1.325800e-01
94 8.569960e-01 8.968000e-03 1.340360e-01
95 8.551960e-01 9.152000e-03 1.356520e-01
96 8.536760e-01 9.160000e-03 1.371640e-01
97 8.518640e-01 9.248000e-03 1.388880e-01
98 8.501360e-01 9.308000e-03 1.405560e-01
99 8.484400e-01 9.420000e-03 1.421400e-01
100 8.467440e-01 9.520000e-03 1.437360e-01
101 8.451120e-01 9.484000e-03 1.454040e-01
102 8.435840e-01 9.372000e-03 1.470440e-01
103 8.418600e-01 9.536000e-03 1.486040e-01
104 8.401560e-01 9.632000e-03 1.502120e-01
105 8.384640e-01 9.584000e-03 1.519520e-01
106 8.367560e-01 9.644000e-03 1.536000e-01
107 8.350520e-01 9.632000e-03 1.553160e-01
108 8.336600e-01 9.364000e-03 1.569760e-01
109 8.321640e-01 9.356000e-03 1.584800e-01
110 8.306160e-01 9.304000e-03 1.600800e-01
111 8.291160e-01 9.104000e-03 1.617800e-01
112 8.276520e-01 9.012000e-03 1.633360e-01
113 8.262280e-01 8.936000e-03 1.648360e-01
114 8.245040e-01 9.080000e-03 1.664160e-01
115 8.230480e-01 8.868000e-03 1.680840e-01
116 8.213680e-01 9.140000e-03 1.694920e-01
117 8.197800e-01 9.024000e-03 1.711960e-01
118 8.181680e-01 9.000000e-03 1.728320e-01
119 8.166760e-01 8.944000e-03 1.743800e-01
120 8.152320e-01 8.776000e-03 1.759920e-01
121 8.137920e-01 8.716000e-03 1.774920e-01
122 8.123800e-01 8.592000e-03 1.790280e-01
123 8.108280e-01 8.612000e-03 1.805600e-01
124 8.094600e-01 8.452000e-03 1.820880e-01
125 8.080320e-01 8.384000e-03 1.835840e-01
126 8.067000e-01 8.236000e-03 1.850640e-01
127 8.052480e-01 8.300000e-03 1.864520e-01
128 8.037960e-01 8.392000e-03 1.878120e-01
129 8.021880e-01 8.660000e-03 1.891520e-01
130 8.007200e-01 8.528000e-03 1.907520e-01
131 7.992400e-01 8.532000e-03 1.922280e-01
132 7.977040e-01 8.568000e-03 1.937280e-01
133 7.961480e-01 8.576000e-03 1.952760e-01
134 7.946800e-01 8.472000e-03 1.968480e-01
135 7.933320e-01 8.436000e-03 1.982320e-01
136 7.918800e-01 8.412000e-03 1.997080e-01
137 7.905280e-01 8.168000e-03 2.013040e-01
138 7.891840e-01 8.144000e-03 2.026720e-01
139 7.877960e-01 8.108000e-03 2.040960e-01
140 7.865320e-01 8.104000e-03 2.053640e-01
141 7.851360e-01 8.024000e-03 2.068400e-01
142 7.837960e-01 7.960000e-03 2.082440e-01
143 7.824840e-01 7.820000e-03 2.096960e-01
144 7.810040e-01 7.976000e-03 2.110200e-01
145 7.797600e-01 7.844000e-03 2.123960e-01
146 7.783840e-01 7.864000e-03 2.137520e-01
147 7.770840e-01 7.788000e-03 2.151280e-01
148 7.759080e-01 7.492000e-03 2.166000e-01
149 7.746240e-01 7.504000e-03 2.178720e-01
150 7.734960e-01 7.312000e-03 2.191920e-01
151 7.723400e-01 7.200000e-03 2.204600e-01
152 7.711240e-01 7.136000e-03 2.217400e-01
153 7.698400e-01 7.112000e-03 2.230480e-01
154 7.687000e-01 7.088000e-03 2.242120e-01
155 7.676600e-01 6.980000e-03 2.253600e-01
156 7.665880e-01 6.756000e-03 2.266560e-01
157 7.656440e-01 6.568000e-03 2.277880e-01
158 7.647360e-01 6.424000e-03 2.288400e-01
159 7.637320e-01 6.300000e-03 2.299680e-01
160 7.628360e-01 6.120000e-03 2.310440e-01
161 7.619840e-01 5.892000e-03 2.321240e-01
162 7.611920e-01 5.616000e-03 2.331920e-01
163 7.603680e-01 5.516000e-03 2.341160e-01
164 7.594880e-01 5.464000e-03 2.350480e-01
165 7.587520e-01 5.256000e-03 2.359920e-01
166 7.579920e-01 5.060000e-03 2.369480e-01
167 7.572720e-01 4.864000e-03 2.378640e-01
168 7.566200e-01 4.664000e-03 2.387160e-01
169 7.560200e-01 4.440000e-03 2.395400e-01
170 7.554320e-01 4.272000e-03 2.402960e-01
171 7.547080e-01 4.336000e-03 2.409560e-01
172 7.541360e-01 4.124000e-03 2.417400e-01
173 7.534120e-01 4.084000e-03 2.425040e-01
174 7.528080e-01 4.064000e-03 2.431280e-01
175 7.520400e-01 4.072000e-03 2.438880e-01
176 7.513360e-01 4.036000e-03 2.446280e-01
177 7.506760e-01 4.008000e-03 2.453160e-01
178 7.499920e-01 4.060000e-03 2.459480e-01
179 7.492320e-01 4.032000e-03 2.467360e-01
180 7.485360e-01 4.004000e-03 2.474600e-01
181 7.478440e-01 4.000000e-03 2.481560e-01
182 7.470920e-01 4.128000e-03 2.487800e-01
183 7.463560e-01 4.000000e-03 2.496440e-01
184 7.455480e-01 4.084000e-03 2.503680e-01
185 7.447400e-01 4.224000e-03 2.510360e-01
186 7.440160e-01 4.208000e-03 2.517760e-01
187 7.433200e-01 4.108000e-03 2.525720e-01
188 7.426360e-01 4.100000e-03 2.532640e-01
189 7.420080e-01 3.980000e-03 2.540120e-01
190 7.411920e-01 4.056000e-03 2.547520e-01
191 7.405400e-01 3.984000e-03 2.554760e-01
192 7.398480e-01 3.956000e-03 2.561960e-01
193 7.391840e-01 3.920000e-03 2.568960e-01
194 7.384680e-01 3.932000e-03 2.576000e-01
195 7.377720e-01 4.012000e-03 2.582160e-01
196 7.371360e-01 3.932000e-03 2.589320e-01
197 7.364360e-01 4.040000e-03 2.595240e-01
198 7.357760e-01 4.020000e-03 2.602040e-01
199 7.351560e-01 3.952000e-03 2.608920e-01
200 7.345200e-01 3.940000e-03 2.615400e-01
201 7.338400e-01 3.888000e-03 2.622720e-01
202 7.331520e-01 3.900000e-03 2.629480e-01
203 7.324080e-01 3.952000e-03 2.636400e-01
204 7.317720e-01 3.924000e-03 2.643040e-01
205 7.311440e-01 3.824000e-03 2.650320e-01
206 7.305480e-01 3.808000e-03 2.656440e-01
207 7.298400e-01 3.848000e-03 2.663120e-01
208 7.291520e-01 3.888000e-03 2.669600e-01
209 7.285240e-01 3.804000e-03 2.676720e-01
210 7.279360e-01 3.820000e-03 2.682440e-01
211 7.273040e-01 3.856000e-03 2.688400e-01
212 7.267520e-01 3.736000e-03 2.695120e-01
213 7.262640e-01 3.564000e-03 2.701720e-01
214 7.257600e-01 3.404000e-03 2.708360e-01
215 7.251800e-01 3.388000e-03 2.714320e-01
216 7.246760e-01 3.296000e-03 2.720280e-01
217 7.240840e-01 3.312000e-03 2.726040e-01
218 7.236160e-01 3.240000e-03 2.731440e-01
219 7.230120e-01 3.312000e-03 2.736760e-01
220 7.222760e-01 3.448000e-03 2.742760e-01
221 7.215840e-01 3.572000e-03 2.748440e-01
222 7.209480e-01 3.616000e-03 2.754360e-01
223 7.203800e-01 3.520000e-03 2.761000e-01
224 7.197840e-01 3.484000e-03 2.767320e-01
225 7.191040e-01 3.584000e-03 2.773120e-01
226 7.185320e-01 3.420000e-03 2.780480e-01
227 7.178960e-01 3.428000e-03 2.786760e-01
228 7.172960e-01 3.424000e-03 2.792800e-01
229 7.167280e-01 3.440000e-03 2.798320e-01
230 7.160880e-01 3.468000e-03 2.804440e-01
231 7.155360e-01 3.456000e-03 2.810080e-01
232 7.148360e-01 3.480000e-03 2.816840e-01
233 7.142320e-01 3.492000e-03 2.822760e-01
234 7.135040e-01 3.580000e-03 2.829160e-01
235 7.128880e-01 3.524000e-03 2.835880e-01
236 7.122440e-01 3.536000e-03 2.842200e-01
237 7.116480e-01 3.556000e-03 2.847960e-01
238 7.110840e-01 3.448000e-03 2.854680e-01
239 7.105120e-01 3.380000e-03 2.861080e-01
240 7.099880e-01 3.256000e-03 2.867560e-01
241 7.094560e-01 3.188000e-03 2.873560e-01
242 7.088600e-01 3.264000e-03 2.878760e-01
243 7.083400e-01 3.260000e-03 2.884000e-01
244 7.079000e-01 3.072000e-03 2.890280e-01
245 7.074600e-01 2.948000e-03 2.895920e-01
246 7.069480e-01 2.956000e-03 2.900960e-01
247 7.063960e-01 2.928000e-03 2.906760e-01
248 7.060120e-01 2.828000e-03 2.911600e-01
249 7.054720e-01 2.824000e-03 2.917040e-01
250 7.049800e-01 2.772000e-03 2.922480e-01
251 7.045080e-01 2.800000e-03 2.926920e-01
252 7.040840e-01 2.756000e-03 2.931600e-01
253 7.036000e-01 2.760000e-03 2.936400e-01
254 7.030240e-01 2.784000e-03 2.941920e-01
255 7.024800e-01 2.880000e-03 2.946400e-01
256 7.020240e-01 2.860000e-03 2.951160e-01
257 7.016040e-01 2.760000e-03 2.956360e-01
258 7.010480e-01 2.832000e-03 2.961200e-01
259 7.005360e-01 2.832000e-03 2.966320e-01
260 7.000880e-01 2.760000e-03 2.971520e-01
261 6.996360e-01 2.772000e-03 2.975920e-01
262 6.991600e-01 2.704000e-03 2.981360e-01
263 6.987920e-01 2.656000e-03 2.985520e-01
264 6.983200e-01 2.720000e-03 2.989600e-01
265 6.978880e-01 2.644000e-03 2.994680e-01
266 6.975120e-01 2.560000e-03 2.999280e-01
267 6.970920e-01 2.552000e-03 3.003560e-01
268 6.966480e-01 2.524000e-03 3.008280e-01
269 6.962360e-01 2.528000e-03 3.012360e-01
270 6.958760e-01 2.436000e-03 3.016880e-01
271 6.955680e-01 2.304000e-03 3.021280e-01
272 6.951960e-01 2.296000e-03 3.025080e-01
273 6.948280e-01 2.248000e-03 3.029240e-01
274 6.943160e-01 2.348000e-03 3.033360e-01
275 6.938520e-01 2.388000e-03 3.037600e-01
276 6.934720e-01 2.320000e-03 3.042080e-01
277 6.931320e-01 2.244000e-03 3.046240e-01
278 6.928040e-01 2.264000e-03 3.049320e-01
279 6.923960e-01 2.288000e-03 3.053160e-01
280 6.918880e-01 2.352000e-03 3.057600e-01
281 6.914360e-01 2.436000e-03 3.061280e-01
282 6.909720e-01 2.528000e-03 3.065000e-01
283 6.905360e-01 2.560000e-03 3.069040e-01
284 6.900560e-01 2.584000e-03 3.073600e-01
285 6.896360e-01 2.552000e-03 3.078120e-01
286 6.892520e-01 2.476000e-03 3.082720e-01
287 6.887680e-01 2.520000e-03 3.087120e-01
288 6.883240e-01 2.512000e-03 3.091640e-01
289 6.879240e-01 2.428000e-03 3.096480e-01
290 6.874240e-01 2.432000e-03 3.101440e-01
291 6.870440e-01 2.240000e-03 3.107160e-01
292 6.865680e-01 2.348000e-03 3.110840e-01
293 6.861880e-01 2.388000e-03 3.114240e-01
294 6.858240e-01 2.368000e-03 3.118080e-01
295 6.854920e-01 2.320000e-03 3.121880e-01
296 6.850240e-01 2.384000e-03 3.125920e-01
297 6.846000e-01 2.312000e-03 3.130880e-01
298 6.841960e-01 2.288000e-03 3.135160e-01
299 6.837560e-01 2.388000e-03 3.138560e-01
300 6.833640e-01 2.332000e-03 3.143040e-01
301 6.829080e-01 2.360000e-03 3.147320e-01
302 6.824200e-01 2.444000e-03 3.151360e-01
303 6.819800e-01 2.500000e-03 3.155200e-01
304 6.815480e-01 2.488000e-03 3.159640e-01
305 6.811320e-01 2.528000e-03 3.163400e-01
306 6.806840e-01 2.556000e-03 3.167600e-01
307 6.802840e-01 2.552000e-03 3.171640e-01
308 6.799280e-01 2.504000e-03 3.175680e-01
309 6.796040e-01 2.396000e-03 3.180000e-01
310 6.791360e-01 2.456000e-03 3.184080e-01
311 6.787800e-01 2.336000e-03 3.188840e-01
312 6.783680e-01 2.344000e-03 3.192880e-01
313 6.780120e-01 2.264000e-03 3.197240e-01
314 6.776320e-01 2.272000e-03 3.200960e-01
315 6.772960e-01 2.180000e-03 3.205240e-01
316 6.768960e-01 2.232000e-03 3.208720e-01
317 6.765760e-01 2.116000e-03 3.213080e-01
318 6.762440e-01 2.112000e-03 3.216440e-01
319 6.757920e-01 2.236000e-03 3.219720e-01
320 6.753760e-01 2.228000e-03 3.223960e-01
321 6.749880e-01 2.288000e-03 3.227240e-01
322 6.745560e-01 2.396000e-03 3.230480e-01
323 6.740480e-01 2.508000e-03 3.234440e-01
324 6.736600e-01 2.520000e-03 3.238200e-01
325 6.731920e-01 2.556000e-03 3.242520e-01
326 6.726920e-01 2.600000e-03 3.247080e-01
327 6.722920e-01 2.548000e-03 3.251600e-01
328 6.718040e-01 2.612000e-03 3.255840e-01
329 6.713480e-01 2.652000e-03 3.260000e-01
330 6.709160e-01 2.592000e-03 3.264920e-01
331 6.703120e-01 2.712000e-03 3.269760e-01
332 6.698360e-01 2.712000e-03 3.274520e-01
333 6.693760e-01 2.656000e-03 3.279680e-01
334 6.689040e-01 2.728000e-03 3.283680e-01
335 6.684920e-01 2.716000e-03 3.287920e-01
336 6.679760e-01 2.780000e-03 3.292440e-01
337 6.674640e-01 2.784000e-03 3.297520e-01
338 6.669720e-01 2.772000e-03 3.302560e-01
339 6.664160e-01 2.776000e-03 3.308080e-01
340 6.659680e-01 2.780000e-03 3.312520e-01
341 6.654320e-01 2.756000e-03 3.318120e-01
342 6.648600e-01 2.808000e-03 3.323320e-01
343 6.643800e-01 2.812000e-03 3.328080e-01
344 6.638760e-01 2.920000e-03 3.332040e-01
345 6.633160e-01 2.980000e-03 3.337040e-01
346 6.626960e-01 3.124000e-03 3.341800e-01
347 6.621720e-01 3.068000e-03 3.347600e-01
348 6.615240e-01 3.164000e-03 3.353120e-01
349 6.610000e-01 3.108000e-03 3.358920e-01
350 6.605440e-01 3.072000e-03 3.363840e-01
351 6.600360e-01 3.044000e-03 3.369200e-01
352 6.595360e-01 3.040000e-03 3.374240e-01
353 6.590360e-01 3.000000e-03 3.379640e-01
354 6.585920e-01 2.912000e-03 3.384960e-01
355 6.580200e-01 3.012000e-03 3.389680e-01
356 6.575480e-01 2.928000e-03 3.395240e-01
357 6.569880e-01 2.992000e-03 3.400200e-01
358 6.564760e-01 3.020000e-03 3.405040e-01
359 6.559360e-01 3.016000e-03 3.410480e-01
360 6.553880e-01 3.076000e-03 3.415360e-01
361 6.549120e-01 2.944000e-03 3.421440e-01
362 6.544840e-01 2.884000e-03 3.426320e-01
363 6.539280e-01 2.964000e-03 3.431080e-01
364 6.535120e-01 2.864000e-03 3.436240e-01
365 6.530480e-01 2.796000e-03 3.441560e-01
366 6.525520e-01 2.796000e-03 3.446520e-01
367 6.520280e-01 2.840000e-03 3.451320e-01
368 6.514640e-01 2.972000e-03 3.455640e-01
369 6.509240e-01 3.012000e-03 3.460640e-01
370 6.503880e-01 3.100000e-03 3.465120e-01
371 6.498920e-01 3.012000e-03 3.470960e-01
372 6.494560e-01 2.896000e-03 3.476480e-01
373 6.489560e-01 2.892000e-03 3.481520e-01
374 6.485200e-01 2.792000e-03 3.486880e-01
375 6.480760e-01 2.736000e-03 3.491880e-01
376 6.477320e-01 2.548000e-03 3.497200e-01
377 6.472760e-01 2.572000e-03 3.501520e-01
378 6.469000e-01 2.504000e-03 3.505960e-01
379 6.465640e-01 2.404000e-03 3.510320e-01
380 6.461920e-01 2.380000e-03 3.514280e-01
381 6.458160e-01 2.344000e-03 3.518400e-01
382 6.454600e-01 2.268000e-03 3.522720e-01
383 6.450600e-01 2.272000e-03 3.526680e-01
384 6.447320e-01 2.212000e-03 3.530560e-01
385 6.442760e-01 2.224000e-03 3.535000e-01
386 6.438640e-01 2.216000e-03 3.539200e-01
387 6.434760e-01 2.176000e-03 3.543480e-01
388 6.431560e-01 2.128000e-03 3.547160e-01
389 6.428080e-01 2.168000e-03 3.550240e-01
390 6.424200e-01 2.144000e-03 3.554360e-01
391 6.421240e-01 2.084000e-03 3.557920e-01
392 6.417760e-01 1.984000e-03 3.562400e-01
393 6.414720e-01 1.992000e-03 3.565360e-01
394 6.410840e-01 2.056000e-03 3.568600e-01
395 6.406600e-01 2.092000e-03 3.572480e-01
396 6.402760e-01 2.112000e-03 3.576120e-01
397 6.398240e-01 2.196000e-03 3.579800e-01
398 6.394760e-01 2.200000e-03 3.583240e-01
399 6.392120e-01 2.068000e-03 3.587200e-01
400 6.388640e-01 2.100000e-03 3.590360e-01
401 6.385200e-01 2.092000e-03 3.593880e-01
402 6.381800e-01 2.076000e-03 3.597440e-01
403 6.379040e-01 1.928000e-03 3.601680e-01
404 6.376440e-01 1.800000e-03 3.605560e-01
405 6.374200e-01 1.744000e-03 3.608360e-01
406 6.371400e-01 1.692000e-03 3.611680e-01
407 6.369000e-01 1.616000e-03 3.614840e-01
408 6.367520e-01 1.496000e-03 3.617520e-01
409 6.365800e-01 1.448000e-03 3.619720e-01
410 6.363200e-01 1.464000e-03 3.622160e-01
411 6.361120e-01 1.432000e-03 3.624560e-01
412 6.358200e-01 1.500000e-03 3.626800e-01
413 6.355560e-01 1.492000e-03 3.629520e-01
414 6.353240e-01 1.388000e-03 3.632880e-01
415 6.351480e-01 1.376000e-03 3.634760e-01
416 6.349600e-01 1.328000e-03 3.637120e-01
417 6.347440e-01 1.280000e-03 3.639760e-01
418 6.345880e-01 1.260000e-03 3.641520e-01
419 6.344240e-01 1.180000e-03 3.643960e-01
420 6.342280e-01 1.196000e-03 3.645760e-01
421 6.340560e-01 1.128000e-03 3.648160e-01
422 6.338160e-01 1.156000e-03 3.650280e-01
423 6.336080e-01 1.188000e-03 3.652040e-01
424 6.334000e-01 1.160000e-03 3.654400e-01
425 6.332200e-01 1.164000e-03 3.656160e-01
426 6.330280e-01 1.136000e-03 3.658360e-01
427 6.328880e-01 1.076000e-03 3.660360e-01
428 6.326920e-01 1.104000e-03 3.662040e-01
429 6.325520e-01 1.084000e-03 3.663640e-01
430 6.324440e-01 9.480000e-04 3.666080e-01
431 6.323000e-01 9.080000e-04 3.667920e-01
432 6.321560e-01 9.360000e-04 3.669080e-01
433 6.320200e-01 9.720000e-04 3.670080e-01
434 6.318600e-01 9.680000e-04 3.671720e-01
435 6.316800e-01 9.760000e-04 3.673440e-01
436 6.315320e-01 9.800000e-04 3.674880e-01
437 6.313800e-01 9.480000e-04 3.676720e-01
438 6.311800e-01 9.960000e-04 3.678240e-01
439 6.309800e-01 9.720000e-04 3.680480e-01
440 6.307840e-01 9.760000e-04 3.682400e-01
441 6.306640e-01 9.000000e-04 3.684360e-01
442 6.305720e-01 8.280000e-04 3.686000e-01
443 6.304280e-01 8.520000e-04 3.687200e-01
444 6.302840e-01 8.200000e-04 3.688960e-01
445 6.301160e-01 8.120000e-04 3.690720e-01
446 6.299680e-01 8.000000e-04 3.692320e-01
447 6.299000e-01 6.480000e-04 3.694520e-01
448 6.297960e-01 6.160000e-04 3.695880e-01
449 6.297320e-01 5.800000e-04 3.696880e-01
450 6.296400e-01 5.640000e-04 3.697960e-01
451 6.295640e-01 5.360000e-04 3.699000e-01
452 6.295120e-01 4.720000e-04 3.700160e-01
453 6.294360e-01 4.800000e-04 3.700840e-01
454 6.293560e-01 4.680000e-04 3.701760e-01
455 6.292840e-01 4.160000e-04 3.703000e-01
456 6.292520e-01 3.640000e-04 3.703840e-01
457 6.292280e-01 2.880000e-04 3.704840e-01
458 6.291960e-01 2.600000e-04 3.705440e-01
459 6.291640e-01 2.640000e-04 3.705720e-01
460 6.291320e-01 2.680000e-04 3.706000e-01
461 6.290800e-01 2.640000e-04 3.706560e-01
462 6.290280e-01 2.800000e-04 3.706920e-01
463 6.289600e-01 2.800000e-04 3.707600e-01
464 6.289040e-01 2.960000e-04 3.708000e-01
465 6.288560e-01 3.240000e-04 3.708200e-01
466 6.288160e-01 3.120000e-04 3.708720e-01
467 6.287480e-01 3.200000e-04 3.709320e-01
468 6.286760e-01 3.480000e-04 3.709760e-01
469 6.286320e-01 3.400000e-04 3.710280e-01
470 6.285520e-01 3.280000e-04 3.711200e-01
471 6.284720e-01 3.600000e-04 3.711680e-01
472 6.284200e-01 3.560000e-04 3.712240e-01
473 6.283360e-01 3.880000e-04 3.712760e-01
474 6.282720e-01 3.800000e-04 3.713480e-01
475 6.282120e-01 3.680000e-04 3.714200e-01
476 6.281680e-01 3.600000e-04 3.714720e-01
477 6.280960e-01 3.720000e-04 3.715320e-01
478 6.280640e-01 3.480000e-04 3.715880e-01
479 6.280160e-01 3.200000e-04 3.716640e-01
480 6.279600e-01 3.160000e-04 3.717240e-01
481 6.278960e-01 3.120000e-04 3.717920e-01
482 6.278440e-01 3.000000e-04 3.718560e-01
483 6.277720e-01 3.240000e-04 3.719040e-01
484 6.276760e-01 3.560000e-04 3.719680e-01
485 6.276080e-01 3.800000e-04 3.720120e-01
486 6.275960e-01 2.960000e-04 3.721080e-01
487 6.275440e-01 3.040000e-04 3.721520e-01
488 6.275000e-01 2.720000e-04 3.722280e-01
489 6.274360e-01 2.600000e-04 3.723040e-01
490 6.274040e-01 2.320000e-04 3.723640e-01
491 6.273840e-01 2.280000e-04 3.723880e-01
492 6.273560e-01 2.200000e-04 3.724240e-01
493 6.273320e-01 1.920000e-04 3.724760e-01
494 6.273040e-01 1.880000e-04 3.725080e-01
495 6.272960e-01 1.680000e-04 3.725360e-01
496 6.272880e-01 1.520000e-04 3.725600e-01
497 6.272680e-01 1.520000e-04 3.725800e-01
498 6.272600e-01 1.240000e-04 3.726160e-01
499 6.272400e-01 1.160000e-04 3.726440e-01
500 6.272360e-01 9.600000e-05 3.726680e-01
