1 9.992040e-01 7.000000e-04 9.600000e-05
2 9.986680e-01 1.108000e-03 2.240000e-04
3 9.979680e-01 1.544000e-03 4.880000e-04
4 9.971920e-01 1.980000e-03 8.280000e-04
5 9.963800e-01 2.428000e-03 1.192000e-03
6 9.956000e-01 2.808000e-03 1.592000e-03
7 9.947520e-01 3.076000e-03 2.172000e-03
8 9.936600e-01 3.512000e-03 2.828000e-03
9 9.925920e-01 3.992000e-03 3.416000e-03
10 9.915080e-01 4.380000e-03 4.112000e-03
11 9.903520e-01 4.700000e-03 4.948000e-03
12 9.892400e-01 5.024000e-03 5.736000e-03
13 9.879640e-01 5.388000e-03 6.648000e-03
14 9.868320e-01 5.652000e-03 7.516000e-03
15 9.855160e-01 5.932000e-03 8.552000e-03
16 9.843960e-01 5.948000e-03 9.656000e-03
17 9.831000e-01 6.252000e-03 1.064800e-02
18 9.818640e-01 6.396000e-03 1.174000e-02
19 9.805840e-01 6.528000e-03 1.288800e-02
20 9.791920e-01 6.744000e-03 1.406400e-02
21 9.776840e-01 7.056000e-03 1.526000e-02
22 9.764000e-01 7.112000e-03 1.648800e-02
23 9.748840e-01 7.312000e-03 1.780400e-02
24 9.734520e-01 7.372000e-03 1.917600e-02
25 9.718840e-01 7.660000e-03 2.045600e-02
26 9.703480e-01 7.868000e-03 2.178400e-02
27 9.689040e-01 8.016000e-03 2.308000e-02
28 9.673520e-01 8.172000e-03 2.447600e-02
29 9.657640e-01 8.420000e-03 2.581600e-02
30 9.640560e-01 8.644000e-03 2.730000e-02
31 9.623680e-01 8.708000e-03 2.892400e-02
32 9.607240e-01 8.784000e-03 3.049200e-02
33 9.591880e-01 8.824000e-03 3.198800e-02
34 9.574400e-01 8.888000e-03 3.367200e-02
35 9.558800e-01 8.856000e-03 3.526400e-02
36 9.540160e-01 9.324000e-03 3.666000e-02
37 9.522360e-01 9.380000e-03 3.838400e-02
38 9.506320e-01 9.340000e-03 4.002800e-02
39 9.488920e-01 9.380000e-03 4.172800e-02
40 9.470280e-01 9.428000e-03 4.354400e-02
41 9.453520e-01 9.384000e-03 4.526400e-02
42 9.436320e-01 9.476000e-03 4.689200e-02
43 9.420320e-01 9.488000e-03 4.848000e-02
44 9.404280e-01 9.476000e-03 5.009600e-02
45 9.388240e-01 9.428000e-03 5.174800e-02
46 9.369360e-01 9.744000e-03 5.332000e-02
47 9.350480e-01 1.002000e-02 5.493200e-02
48 9.333360e-01 9.872000e-03 5.679200e-02
49 9.316040e-01 9.868000e-03 5.852800e-02
50 9.298080e-01 9.908000e-03 6.028400e-02
51 9.279680e-01 1.002400e-02 6.200800e-02
52 9.259880e-01 1.034000e-02 6.367200e-02
53 9.240880e-01 1.043200e-02 6.548000e-02
54 9.225120e-01 1.023600e-02 6.725200e-02
55 9.207640e-01 1.013600e-02 6.910000e-02
56 9.190560e-01 1.000000e-02 7.094400e-02
57 9.173200e-01 9.988000e-03 7.269200e-02
58 9.154920e-01 9.908000e-03 7.460000e-02
59 9.138360e-01 9.892000e-03 7.627200e-02
60 9.122240e-01 9.768000e-03 7.800800e-02
61 9.105720e-01 9.716000e-03 7.971200e-02
62 9.090040e-01 9.456000e-03 8.154000e-02
63 9.074960e-01 9.188000e-03 8.331600e-02
64 9.057960e-01 9.252000e-03 8.495200e-02
65 9.043280e-01 9.020000e-03 8.665200e-02
66 9.028160e-01 8.944000e-03 8.824000e-02
67 9.013360e-01 8.792000e-03 8.987200e-02
68 8.998880e-01 8.636000e-03 9.147600e-02
69 8.983800e-01 8.720000e-03 9.290000e-02
70 8.967720e-01 8.708000e-03 9.452000e-02
71 8.953480e-01 8.608000e-03 9.604400e-02
72 8.939400e-01 8.472000e-03 9.758800e-02
73 8.924080e-01 8.640000e-03 9.895200e-02
74 8.908320e-01 8.740000e-03 1.004280e-01
75 8.893720e-01 8.636000e-03 1.019920e-01
76 8.879000e-01 8.572000e-03 1.035280e-01
77 8.864760e-01 8.376000e-03 1.051480e-01
78 8.849520e-01 8.592000e-03 1.064560e-01
79 8.833520e-01 8.580000e-03 1.080680e-01
80 8.817160e-01 8.608000e-03 1.096760e-01
81 8.800840e-01 8.864000e-03 1.110520e-01
82 8.783680e-01 9.024000e-03 1.126080e-01
83 8.768040e-01 9.028000e-03 1.141680e-01
84 8.751680e-01 9.132000e-03 1.157000e-01
85 8.735480e-01 9.256000e-03 1.171960e-01
86 8.718880e-01 9.292000e-03 1.188200e-01
87 8.701040e-01 9.472000e-03 1.204240e-01
88 8.684160e-01 9.604000e-03 1.219800e-01
89 8.667480e-01 9.624000e-03 1.236280e-01
90 8.650760e-01 9.652000e-03 1.252720e-01
91 8.634920e-01 9.488000e-03 1.270200e-01
92 8.620720e-01 9.312000e-03 1.286160e-01
93 8.603280e-01 9.464000e-03 1.302080e-01
94 8.587680e-01 9.492000e-03 1.317400e-01
95 8.572080e-01 9.492000e-03 1.333000e-01
96 8.555640e-01 9.400000e-03 1.350360e-01
97 8.539040e-01 9.444000e-03 1.366520e-01
98 8.522520e-01 9.340000e-03 1.384080e-01
99 8.506200e-01 9.308000e-03 1.400720e-01
100 8.490880e-01 9.208000e-03 1.417040e-01
101 8.474880e-01 9.124000e-03 1.433880e-01
102 8.461560e-01 8.828000e-03 1.450160e-01
103 8.446120e-01 8.832000e-03 1.465560e-01
104 8.430960e-01 8.800000e-03 1.481040e-01
105 8.416240e-01 8.788000e-03 1.495880e-01
106 8.401480e-01 8.796000e-03 1.510560e-01
107 8.387760e-01 8.560000e-03 1.526640e-01
108 8.374000e-01 8.524000e-03 1.540760e-01
109 8.360040e-01 8.440000e-03 1.555560e-01
110 8.345600e-01 8.488000e-03 1.569520e-01
111 8.331640e-01 8.448000e-03 1.583880e-01
112 8.315440e-01 8.548000e-03 1.599080e-01
113 8.300160e-01 8.552000e-03 1.614320e-01
114 8.286080e-01 8.512000e-03 1.628800e-01
115 8.272040e-01 8.436000e-03 1.643600e-01
116 8.257080e-01 8.440000e-03 1.658520e-01
117 8.242280e-01 8.388000e-03 1.673840e-01
118 8.228920e-01 8.224000e-03 1.688840e-01
119 8.215320e-01 8.312000e-03 1.701560e-01
120 8.200600e-01 8.316000e-03 1.716240e-01
121 8.186280e-01 8.216000e-03 1.731560e-01
122 8.171440e-01 8.232000e-03 1.746240e-01
123 8.154760e-01 8.380000e-03 1.761440e-01
124 8.137800e-01 8.584000e-03 1.776360e-01
125 8.120160e-01 8.748000e-03 1.792360e-01
126 8.105120e-01 8.684000e-03 1.808040e-01
127 8.090600e-01 8.628000e-03 1.823120e-01
128 8.075640e-01 8.756000e-03 1.836800e-01
129 8.061880e-01 8.600000e-03 1.852120e-01
130 8.047040e-01 8.588000e-03 1.867080e-01
131 8.032160e-01 8.532000e-03 1.882520e-01
132 8.018200e-01 8.556000e-03 1.896240e-01
133 8.003440e-01 8.560000e-03 1.910960e-01
134 7.988120e-01 8.532000e-03 1.926560e-01
135 7.973920e-01 8.504000e-03 1.941040e-01
136 7.958320e-01 8.520000e-03 1.956480e-01
137 7.944200e-01 8.488000e-03 1.970920e-01
138 7.931080e-01 8.424000e-03 1.984680e-01
139 7.917680e-01 8.172000e-03 2.000600e-01
140 7.902800e-01 8.256000e-03 2.014640e-01
141 7.888280e-01 8.236000e-03 2.029360e-01
142 7.874080e-01 8.236000e-03 2.043560e-01
143 7.859600e-01 8.212000e-03 2.058280e-01
144 7.846120e-01 8.040000e-03 2.073480e-01
145 7.832040e-01 8.116000e-03 2.086800e-01
146 7.820640e-01 7.744000e-03 2.101920e-01
147 7.807680e-01 7.788000e-03 2.114440e-01
148 7.795440e-01 7.568000e-03 2.128880e-01
149 7.783240e-01 7.456000e-03 2.142200e-01
150 7.770680e-01 7.384000e-03 2.155480e-01
151 7.759280e-01 7.208000e-03 2.168640e-01
152 7.748240e-01 7.040000e-03 2.181360e-01
153 7.737000e-01 6.848000e-03 2.194520e-01
154 7.724080e-01 7.012000e-03 2.205800e-01
155 7.710960e-01 7.056000e-03 2.218480e-01
156 7.697120e-01 7.164000e-03 2.231240e-01
157 7.685440e-01 7.184000e-03 2.242720e-01
158 7.673400e-01 6.984000e-03 2.256760e-01
159 7.660920e-01 6.908000e-03 2.270000e-01
160 7.650080e-01 6.848000e-03 2.281440e-01
161 7.638720e-01 6.820000e-03 2.293080e-01
162 7.627760e-01 6.752000e-03 2.304720e-01
163 7.616600e-01 6.700000e-03 2.316400e-01
164 7.605120e-01 6.532000e-03 2.329560e-01
165 7.594400e-01 6.360000e-03 2.342000e-01
166 7.584320e-01 6.188000e-03 2.353800e-01
167 7.575600e-01 6.060000e-03 2.363800e-01
168 7.565600e-01 6.048000e-03 2.373920e-01
169 7.554680e-01 6.144000e-03 2.383880e-01
170 7.544960e-01 6.064000e-03 2.394400e-01
171 7.535080e-01 6.020000e-03 2.404720e-01
172 7.525280e-01 5.948000e-03 2.415240e-01
173 7.515520e-01 5.872000e-03 2.425760e-01
174 7.506600e-01 5.664000e-03 2.436760e-01
175 7.497840e-01 5.624000e-03 2.445920e-01
176 7.490200e-01 5.448000e-03 2.455320e-01
177 7.480320e-01 5.520000e-03 2.464480e-01
178 7.472080e-01 5.304000e-03 2.474880e-01
179 7.463000e-01 5.280000e-03 2.484200e-01
180 7.455080e-01 5.236000e-03 2.492560e-01
181 7.446120e-01 5.232000e-03 2.501560e-01
182 7.436960e-01 5.220000e-03 2.510840e-01
183 7.428400e-01 5.176000e-03 2.519840e-01
184 7.420320e-01 5.132000e-03 2.528360e-01
185 7.412480e-01 5.064000e-03 2.536880e-01
186 7.404720e-01 4.964000e-03 2.545640e-01
187 7.397480e-01 4.788000e-03 2.554640e-01
188 7.389400e-01 4.764000e-03 2.562960e-01
189 7.381120e-01 4.816000e-03 2.570720e-01
190 7.373240e-01 4.696000e-03 2.579800e-01
191 7.365960e-01 4.672000e-03 2.587320e-01
192 7.358600e-01 4.636000e-03 2.595040e-01
193 7.350800e-01 4.652000e-03 2.602680e-01
194 7.343760e-01 4.488000e-03 2.611360e-01
195 7.336320e-01 4.436000e-03 2.619320e-01
196 7.328160e-01 4.548000e-03 2.626360e-01
197 7.319880e-01 4.540000e-03 2.634720e-01
198 7.311760e-01 4.548000e-03 2.642760e-01
199 7.303760e-01 4.548000e-03 2.650760e-01
200 7.294760e-01 4.656000e-03 2.658680e-01
201 7.285880e-01 4.676000e-03 2.667360e-01
202 7.276840e-01 4.840000e-03 2.674760e-01
203 7.267800e-01 4.896000e-03 2.683240e-01
204 7.260200e-01 4.828000e-03 2.691520e-01
205 7.252760e-01 4.768000e-03 2.699560e-01
206 7.244880e-01 4.652000e-03 2.708600e-01
207 7.238120e-01 4.532000e-03 2.716560e-01
208 7.231280e-01 4.372000e-03 2.725000e-01
209 7.224600e-01 4.256000e-03 2.732840e-01
210 7.217800e-01 4.212000e-03 2.740080e-01
211 7.210760e-01 4.192000e-03 2.747320e-01
212 7.203600e-01 4.144000e-03 2.754960e-01
213 7.196280e-01 4.092000e-03 2.762800e-01
214 7.189000e-01 4.012000e-03 2.770880e-01
215 7.181120e-01 4.048000e-03 2.778400e-01
216 7.174400e-01 4.060000e-03 2.785000e-01
217 7.167000e-01 4.160000e-03 2.791400e-01
218 7.160640e-01 4.136000e-03 2.798000e-01
219 7.154320e-01 4.024000e-03 2.805440e-01
220 7.147520e-01 3.924000e-03 2.813240e-01
221 7.140440e-01 3.976000e-03 2.819800e-01
222 7.133480e-01 3.912000e-03 2.827400e-01
223 7.127120e-01 3.824000e-03 2.834640e-01
224 7.121600e-01 3.760000e-03 2.840800e-01
225 7.116920e-01 3.560000e-03 2.847480e-01
226 7.110320e-01 3.600000e-03 2.853680e-01
227 7.104760e-01 3.460000e-03 2.860640e-01
228 7.098080e-01 3.556000e-03 2.866360e-01
229 7.092200e-01 3.476000e-03 2.873040e-01
230 7.086160e-01 3.464000e-03 2.879200e-01
231 7.079640e-01 3.528000e-03 2.885080e-01
232 7.073400e-01 3.664000e-03 2.889960e-01
233 7.065640e-01 3.788000e-03 2.896480e-01
234 7.058840e-01 3.756000e-03 2.903600e-01
235 7.051840e-01 3.772000e-03 2.910440e-01
236 7.045600e-01 3.712000e-03 2.917280e-01
237 7.040040e-01 3.608000e-03 2.923880e-01
238 7.035200e-01 3.452000e-03 2.930280e-01
239 7.031000e-01 3.244000e-03 2.936560e-01
240 7.026280e-01 3.176000e-03 2.941960e-01
241 7.021120e-01 3.128000e-03 2.947600e-01
242 7.015640e-01 3.164000e-03 2.952720e-01
243 7.011040e-01 3.020000e-03 2.958760e-01
244 7.006040e-01 3.032000e-03 2.963640e-01
245 7.001320e-01 2.960000e-03 2.969080e-01
246 6.996960e-01 2.844000e-03 2.974600e-01
247 6.992000e-01 2.820000e-03 2.979800e-01
248 6.986760e-01 2.972000e-03 2.983520e-01
249 6.981240e-01 3.016000e-03 2.988600e-01
250 6.976080e-01 3.012000e-03 2.993800e-01
251 6.970840e-01 2.984000e-03 2.999320e-01
252 6.964280e-01 3.156000e-03 3.004160e-01
253 6.958320e-01 3.212000e-03 3.009560e-01
254 6.952840e-01 3.180000e-03 3.015360e-01
255 6.947560e-01 3.160000e-03 3.020840e-01
256 6.943080e-01 3.104000e-03 3.025880e-01
257 6.937840e-01 3.148000e-03 3.030680e-01
258 6.932920e-01 3.140000e-03 3.035680e-01
259 6.927200e-01 3.156000e-03 3.041240e-01
260 6.923280e-01 2.948000e-03 3.047240e-01
261 6.918080e-01 2.956000e-03 3.052360e-01
262 6.913480e-01 2.944000e-03 3.057080e-01
263 6.909680e-01 2.796000e-03 3.062360e-01
264 6.905560e-01 2.776000e-03 3.066680e-01
265 6.902160e-01 2.672000e-03 3.071120e-01
266 6.897800e-01 2.636000e-03 3.075840e-01
267 6.893800e-01 2.596000e-03 3.080240e-01
268 6.889440e-01 2.528000e-03 3.085280e-01
269 6.885200e-01 2.572000e-03 3.089080e-01
270 6.881400e-01 2.488000e-03 3.093720e-01
271 6.877800e-01 2.444000e-03 3.097760e-01
272 6.873920e-01 2.440000e-03 3.101680e-01
273 6.869360e-01 2.492000e-03 3.105720e-01
274 6.865720e-01 2.380000e-03 3.110480e-01
275 6.861680e-01 2.380000e-03 3.114520e-01
276 6.858600e-01 2.292000e-03 3.118480e-01
277 6.855440e-01 2.236000e-03 3.122200e-01
278 6.852240e-01 2.192000e-03 3.125840e-01
279 6.849000e-01 2.180000e-03 3.129200e-01
280 6.845720e-01 2.120000e-03 3.133080e-01
281 6.841480e-01 2.184000e-03 3.136680e-01
282 6.837280e-01 2.220000e-03 3.140520e-01
283 6.832760e-01 2.268000e-03 3.144560e-01
284 6.829160e-01 2.236000e-03 3.148480e-01
285 6.824960e-01 2.208000e-03 3.152960e-01
286 6.820920e-01 2.176000e-03 3.157320e-01
287 6.816840e-01 2.220000e-03 3.160960e-01
288 6.812000e-01 2.344000e-03 3.164560e-01
289 6.807480e-01 2.440000e-03 3.168120e-01
290 6.803000e-01 2.448000e-03 3.172520e-01
291 6.798480e-01 2.556000e-03 3.175960e-01
292 6.793840e-01 2.568000e-03 3.180480e-01
293 6.790240e-01 2.440000e-03 3.185360e-01
294 6.786360e-01 2.412000e-03 3.189520e-01
295 6.782920e-01 2.332000e-03 3.193760e-01
296 6.779200e-01 2.320000e-03 3.197600e-01
297 6.775800e-01 2.268000e-03 3.201520e-01
298 6.771600e-01 2.332000e-03 3.205080e-01
299 6.767640e-01 2.300000e-03 3.209360e-01
300 6.763160e-01 2.308000e-03 3.213760e-01
301 6.759000e-01 2.248000e-03 3.218520e-01
302 6.755040e-01 2.220000e-03 3.222760e-01
303 6.751400e-01 2.196000e-03 3.226640e-01
304 6.747880e-01 2.188000e-03 3.230240e-01
305 6.744560e-01 2.132000e-03 3.234120e-01
306 6.741280e-01 2.120000e-03 3.237520e-01
307 6.738040e-01 2.064000e-03 3.241320e-01
308 6.734960e-01 1.916000e-03 3.245880e-01
309 6.731560e-01 1.904000e-03 3.249400e-01
310 6.728880e-01 1.852000e-03 3.252600e-01
311 6.725640e-01 1.836000e-03 3.256000e-01
312 6.722160e-01 1.856000e-03 3.259280e-01
313 6.718960e-01 1.872000e-03 3.262320e-01
314 6.715520e-01 1.852000e-03 3.265960e-01
315 6.712720e-01 1.832000e-03 3.268960e-01
316 6.709600e-01 1.792000e-03 3.272480e-01
317 6.707120e-01 1.744000e-03 3.275440e-01
318 6.704160e-01 1.744000e-03 3.278400e-01
319 6.701440e-01 1.696000e-03 3.281600e-01
320 6.697480e-01 1.816000e-03 3.284360e-01
321 6.694280e-01 1.852000e-03 3.287200e-01
322 6.691160e-01 1.800000e-03 3.290840e-01
323 6.687240e-01 1.872000e-03 3.294040e-01
324 6.684480e-01 1.836000e-03 3.297160e-01
325 6.680840e-01 1.832000e-03 3.300840e-01
326 6.677520e-01 1.800000e-03 3.304480e-01
327 6.673560e-01 1.916000e-03 3.307280e-01
328 6.670000e-01 1.916000e-03 3.310840e-01
329 6.666720e-01 1.880000e-03 3.314480e-01
330 6.663360e-01 1.868000e-03 3.317960e-01
331 6.660920e-01 1.792000e-03 3.321160e-01
332 6.658600e-01 1.660000e-03 3.324800e-01
333 6.655840e-01 1.604000e-03 3.328120e-01
334 6.653160e-01 1.620000e-03 3.330640e-01
335 6.650360e-01 1.612000e-03 3.333520e-01
336 6.648120e-01 1.588000e-03 3.336000e-01
337 6.645640e-01 1.552000e-03 3.338840e-01
338 6.643520e-01 1.544000e-03 3.341040e-01
339 6.641080e-01 1.480000e-03 3.344120e-01
340 6.639160e-01 1.404000e-03 3.346800e-01
341 6.636960e-01 1.360000e-03 3.349440e-01
342 6.634240e-01 1.392000e-03 3.351840e-01
343 6.632080e-01 1.368000e-03 3.354240e-01
344 6.629640e-01 1.332000e-03 3.357040e-01
345 6.627760e-01 1.248000e-03 3.359760e-01
346 6.626280e-01 1.160000e-03 3.362120e-01
347 6.624000e-01 1.188000e-03 3.364120e-01
348 6.621920e-01 1.172000e-03 3.366360e-01
349 6.620120e-01 1.164000e-03 3.368240e-01
350 6.618120e-01 1.172000e-03 3.370160e-01
351 6.616160e-01 1.128000e-03 3.372560e-01
352 6.613960e-01 1.160000e-03 3.374440e-01
353 6.612280e-01 1.136000e-03 3.376360e-01
354 6.610040e-01 1.128000e-03 3.378680e-01
355 6.608200e-01 1.104000e-03 3.380760e-01
356 6.606280e-01 1.104000e-03 3.382680e-01
357 6.604840e-01 1.036000e-03 3.384800e-01
358 6.602560e-01 1.112000e-03 3.386320e-01
359 6.599120e-01 1.304000e-03 3.387840e-01
360 6.596600e-01 1.344000e-03 3.389960e-01
361 6.594080e-01 1.368000e-03 3.392240e-01
362 6.591760e-01 1.320000e-03 3.395040e-01
363 6.589960e-01 1.272000e-03 3.397320e-01
364 6.588000e-01 1.272000e-03 3.399280e-01
365 6.585680e-01 1.272000e-03 3.401600e-01
366 6.583800e-01 1.272000e-03 3.403480e-01
367 6.581240e-01 1.340000e-03 3.405360e-01
368 6.579160e-01 1.312000e-03 3.407720e-01
369 6.576840e-01 1.264000e-03 3.410520e-01
370 6.574640e-01 1.260000e-03 3.412760e-01
371 6.572760e-01 1.232000e-03 3.414920e-01
372 6.571000e-01 1.208000e-03 3.416920e-01
373 6.569560e-01 1.124000e-03 3.419200e-01
374 6.567520e-01 1.152000e-03 3.420960e-01
375 6.565640e-01 1.160000e-03 3.422760e-01
376 6.564080e-01 1.148000e-03 3.424440e-01
377 6.562440e-01 1.116000e-03 3.426400e-01
378 6.559960e-01 1.188000e-03 3.428160e-01
379 6.557520e-01 1.224000e-03 3.430240e-01
380 6.555960e-01 1.176000e-03 3.432280e-01
381 6.553800e-01 1.140000e-03 3.434800e-01
382 6.551480e-01 1.176000e-03 3.436760e-01
383 6.549720e-01 1.148000e-03 3.438800e-01
384 6.547520e-01 1.196000e-03 3.440520e-01
385 6.545280e-01 1.212000e-03 3.442600e-01
386 6.542720e-01 1.272000e-03 3.444560e-01
387 6.540640e-01 1.216000e-03 3.447200e-01
388 6.538600e-01 1.224000e-03 3.449160e-01
389 6.536560e-01 1.212000e-03 3.451320e-01
390 6.534920e-01 1.156000e-03 3.453520e-01
391 6.533080e-01 1.132000e-03 3.455600e-01
392 6.530920e-01 1.220000e-03 3.456880e-01
393 6.528880e-01 1.236000e-03 3.458760e-01
394 6.527720e-01 1.152000e-03 3.460760e-01
395 6.526000e-01 1.088000e-03 3.463120e-01
396 6.524480e-01 1.068000e-03 3.464840e-01
397 6.522840e-01 1.012000e-03 3.467040e-01
398 6.521680e-01 9.560000e-04 3.468760e-01
399 6.519920e-01 9.520000e-04 3.470560e-01
400 6.518360e-01 9.360000e-04 3.472280e-01
401 6.516400e-01 9.960000e-04 3.473640e-01
402 6.514720e-01 9.480000e-04 3.475800e-01
403 6.513480e-01 9.440000e-04 3.477080e-01
404 6.511840e-01 9.520000e-04 3.478640e-01
405 6.509520e-01 9.800000e-04 3.480680e-01
406 6.507840e-01 1.016000e-03 3.482000e-01
407 6.505440e-01 1.084000e-03 3.483720e-01
408 6.503520e-01 1.064000e-03 3.485840e-01
409 6.501120e-01 1.092000e-03 3.487960e-01
410 6.499120e-01 1.124000e-03 3.489640e-01
411 6.496960e-01 1.116000e-03 3.491880e-01
412 6.494880e-01 1.120000e-03 3.493920e-01
413 6.492200e-01 1.156000e-03 3.496240e-01
414 6.490120e-01 1.204000e-03 3.497840e-01
415 6.487880e-01 1.220000e-03 3.499920e-01
416 6.486200e-01 1.212000e-03 3.501680e-01
417 6.484080e-01 1.224000e-03 3.503680e-01
418 6.481760e-01 1.276000e-03 3.505480e-01
419 6.479960e-01 1.240000e-03 3.507640e-01
420 6.478080e-01 1.204000e-03 3.509880e-01
421 6.475520e-01 1.240000e-03 3.512080e-01
422 6.473600e-01 1.224000e-03 3.514160e-01
423 6.471560e-01 1.232000e-03 3.516120e-01
424 6.469400e-01 1.260000e-03 3.518000e-01
425 6.467200e-01 1.264000e-03 3.520160e-01
426 6.465040e-01 1.264000e-03 3.522320e-01
427 6.462760e-01 1.268000e-03 3.524560e-01
428 6.460920e-01 1.208000e-03 3.527000e-01
429 6.459480e-01 1.120000e-03 3.529320e-01
430 6.457840e-01 1.080000e-03 3.531360e-01
431 6.456080e-01 1.072000e-03 3.533200e-01
432 6.453880e-01 1.096000e-03 3.535160e-01
433 6.452600e-01 1.044000e-03 3.536960e-01
434 6.451040e-01 1.024000e-03 3.538720e-01
435 6.449840e-01 9.240000e-04 3.540920e-01
436 6.448560e-01 9.000000e-04 3.542440e-01
437 6.447360e-01 8.520000e-04 3.544120e-01
438 6.445920e-01 8.240000e-04 3.545840e-01
439 6.444720e-01 8.000000e-04 3.547280e-01
440 6.443360e-01 8.280000e-04 3.548360e-01
441 6.441840e-01 8.680000e-04 3.549480e-01
442 6.440280e-01 8.760000e-04 3.550960e-01
443 6.438720e-01 8.880000e-04 3.552400e-01
444 6.437320e-01 8.920000e-04 3.553760e-01
445 6.436600e-01 8.080000e-04 3.555320e-01
446 6.435760e-01 7.720000e-04 3.556520e-01
447 6.434840e-01 7.200000e-04 3.557960e-01
448 6.433760e-01 7.000000e-04 3.559240e-01
449 6.432840e-01 6.640000e-04 3.560520e-01
450 6.431720e-01 6.640000e-04 3.561640e-01
451 6.430840e-01 6.360000e-04 3.562800e-01
452 6.429960e-01 6.120000e-04 3.563920e-01
453 6.428640e-01 6.040000e-04 3.565320e-01
454 6.426560e-01 6.960000e-04 3.566480e-01
455 6.425000e-01 7.160000e-04 3.567840e-01
456 6.423800e-01 6.920000e-04 3.569280e-01
457 6.422440e-01 7.040000e-04 3.570520e-01
458 6.421240e-01 6.800000e-04 3.571960e-01
459 6.419640e-01 7.040000e-04 3.573320e-01
460 6.418480e-01 6.760000e-04 3.574760e-01
461 6.417440e-01 6.720000e-04 3.575840e-01
462 6.416720e-01 6.520000e-04 3.576760e-01
463 6.415760e-01 6.120000e-04 3.578120e-01
464 6.415120e-01 5.720000e-04 3.579160e-01
465 6.414000e-01 6.520000e-04 3.579480e-01
466 6.412880e-01 6.360000e-04 3.580760e-01
467 6.411600e-01 6.720000e-04 3.581680e-01
468 6.410600e-01 6.320000e-04 3.583080e-01
469 6.409720e-01 6.160000e-04 3.584120e-01
470 6.408400e-01 6.120000e-04 3.585480e-01
471 6.407400e-01 5.960000e-04 3.586640e-01
472 6.406520e-01 6.000000e-04 3.587480e-01
473 6.405880e-01 5.400000e-04 3.588720e-01
474 6.404760e-01 5.680000e-04 3.589560e-01
475 6.403800e-01 5.600000e-04 3.590600e-01
476 6.402760e-01 5.920000e-04 3.591320e-01
477 6.402200e-01 5.560000e-04 3.592240e-01
478 6.401080e-01 6.080000e-04 3.592840e-01
479 6.400560e-01 5.280000e-04 3.594160e-01
480 6.400040e-01 4.960000e-04 3.595000e-01
481 6.399400e-01 5.000000e-04 3.595600e-01
482 6.398760e-01 5.040000e-04 3.596200e-01
483 6.397880e-01 4.840000e-04 3.597280e-01
484 6.397320e-01 4.640000e-04 3.598040e-01
485 6.396560e-01 4.720000e-04 3.598720e-01
486 6.395280e-01 4.760000e-04 3.599960e-01
487 6.394560e-01 4.680000e-04 3.600760e-01
488 6.393720e-01 4.600000e-04 3.601680e-01
489 6.392880e-01 4.840000e-04 3.602280e-01
490 6.392040e-01 4.760000e-04 3.603200e-01
491 6.391400e-01 4.440000e-04 3.604160e-01
492 6.390520e-01 4.360000e-04 3.605120e-01
493 6.389720e-01 4.560000e-04 3.605720e-01
494 6.389160e-01 4.280000e-04 3.606560e-01
495 6.388360e-01 4.680000e-04 3.606960e-01
496 6.387520e-01 4.840000e-04 3.607640e-01
497 6.386800e-01 4.560000e-04 3.608640e-01
498 6.386120e-01 4.480000e-04 3.609400e-01
499 6.385720e-01 3.880000e-04 3.610400e-01
500 6.385160e-01 3.640000e-04 3.611200e-01
