1 9.991760e-01 7.440000e-04 8.000000e-05
2 9.986880e-01 1.028000e-03 2.840000e-04
3 9.979880e-01 1.524000e-03 4.880000e-04
4 9.972760e-01 1.884000e-03 8.400000e-04
5 9.964960e-01 2.344000e-03 1.160000e-03
6 9.956240e-01 2.772000e-03 1.604000e-03
7 9.947360e-01 3.108000e-03 2.156000e-03
8 9.938960e-01 3.372000e-03 2.732000e-03
9 9.930080e-01 3.536000e-03 3.456000e-03
10 9.921400e-01 3.784000e-03 4.076000e-03
11 9.912320e-01 4.012000e-03 4.756000e-03
12 9.903680e-01 4.172000e-03 5.460000e-03
13 9.893200e-01 4.528000e-03 6.152000e-03
14 9.883360e-01 4.656000e-03 7.008000e-03
15 9.872720e-01 4.908000e-03 7.820000e-03
16 9.862320e-01 5.140000e-03 8.628000e-03
17 9.852440e-01 5.164000e-03 9.592000e-03
18 9.842720e-01 5.164000e-03 1.056400e-02
19 9.832760e-01 5.264000e-03 1.146000e-02
20 9.821920e-01 5.488000e-03 1.232000e-02
21 9.811440e-01 5.584000e-03 1.327200e-02
22 9.800960e-01 5.608000e-03 1.429600e-02
23 9.790720e-01 5.644000e-03 1.528400e-02
24 9.778160e-01 5.872000e-03 1.631200e-02
25 9.767440e-01 5.936000e-03 1.732000e-02
26 9.755720e-01 5.956000e-03 1.847200e-02
27 9.744440e-01 6.048000e-03 1.950800e-02
28 9.734520e-01 5.888000e-03 2.066000e-02
29 9.724280e-01 5.956000e-03 2.161600e-02
30 9.713240e-01 6.096000e-03 2.258000e-02
31 9.703720e-01 6.008000e-03 2.362000e-02
32 9.692680e-01 6.008000e-03 2.472400e-02
33 9.682160e-01 6.024000e-03 2.576000e-02
34 9.671560e-01 6.008000e-03 2.683600e-02
35 9.660320e-01 6.172000e-03 2.779600e-02
36 9.647320e-01 6.348000e-03 2.892000e-02
37 9.634680e-01 6.560000e-03 2.997200e-02
38 9.621440e-01 6.700000e-03 3.115600e-02
39 9.607080e-01 7.004000e-03 3.228800e-02
40 9.594760e-01 7.020000e-03 3.350400e-02
41 9.581520e-01 7.076000e-03 3.477200e-02
42 9.568320e-01 7.304000e-03 3.586400e-02
43 9.555440e-01 7.360000e-03 3.709600e-02
44 9.543160e-01 7.304000e-03 3.838000e-02
45 9.530480e-01 7.244000e-03 3.970800e-02
46 9.516680e-01 7.268000e-03 4.106400e-02
47 9.504880e-01 7.184000e-03 4.232800e-02
48 9.491720e-01 7.228000e-03 4.360000e-02
49 9.480000e-01 7.052000e-03 4.494800e-02
50 9.466720e-01 7.132000e-03 4.619600e-02
51 9.452760e-01 7.304000e-03 4.742000e-02
52 9.438280e-01 7.420000e-03 4.875200e-02
53 9.424520e-01 7.476000e-03 5.007200e-02
54 9.411000e-01 7.472000e-03 5.142800e-02
55 9.394680e-01 7.836000e-03 5.269600e-02
56 9.380160e-01 7.888000e-03 5.409600e-02
57 9.367280e-01 7.788000e-03 5.548400e-02
58 9.354360e-01 7.688000e-03 5.687600e-02
59 9.342040e-01 7.608000e-03 5.818800e-02
60 9.329560e-01 7.560000e-03 5.948400e-02
61 9.316880e-01 7.452000e-03 6.086000e-02
62 9.304640e-01 7.368000e-03 6.216800e-02
63 9.291240e-01 7.440000e-03 6.343600e-02
64 9.277840e-01 7.472000e-03 6.474400e-02
65 9.266160e-01 7.332000e-03 6.605200e-02
66 9.253640e-01 7.256000e-03 6.738000e-02
67 9.241160e-01 7.272000e-03 6.861200e-02
68 9.228440e-01 7.312000e-03 6.984400e-02
69 9.216440e-01 7.260000e-03 7.109600e-02
70 9.204640e-01 7.336000e-03 7.220000e-02
71 9.190960e-01 7.396000e-03 7.350800e-02
72 9.179480e-01 7.136000e-03 7.491600e-02
73 9.167280e-01 7.104000e-03 7.616800e-02
74 9.155040e-01 7.032000e-03 7.746400e-02
75 9.140280e-01 7.292000e-03 7.868000e-02
76 9.126800e-01 7.312000e-03 8.000800e-02
77 9.114200e-01 7.336000e-03 8.124400e-02
78 9.102280e-01 7.284000e-03 8.248800e-02
79 9.089840e-01 7.236000e-03 8.378000e-02
80 9.079240e-01 6.908000e-03 8.516800e-02
81 9.067400e-01 6.784000e-03 8.647600e-02
82 9.057040e-01 6.600000e-03 8.769600e-02
83 9.045720e-01 6.508000e-03 8.892000e-02
84 9.033840e-01 6.476000e-03 9.014000e-02
85 9.020400e-01 6.820000e-03 9.114000e-02
86 9.008960e-01 6.820000e-03 9.228400e-02
87 8.994800e-01 7.104000e-03 9.341600e-02
88 8.981440e-01 7.048000e-03 9.480800e-02
89 8.967920e-01 7.240000e-03 9.596800e-02
90 8.955280e-01 7.312000e-03 9.716000e-02
91 8.941600e-01 7.468000e-03 9.837200e-02
92 8.927400e-01 7.636000e-03 9.962400e-02
93 8.913520e-01 7.612000e-03 1.010360e-01
94 8.898880e-01 7.660000e-03 1.024520e-01
95 8.885040e-01 7.704000e-03 1.037920e-01
96 8.871360e-01 7.776000e-03 1.050880e-01
97 8.858480e-01 7.688000e-03 1.064640e-01
98 8.845280e-01 7.724000e-03 1.077480e-01
99 8.832520e-01 7.596000e-03 1.091520e-01
100 8.819040e-01 7.580000e-03 1.105160e-01
101 8.807200e-01 7.444000e-03 1.118360e-01
102 8.794440e-01 7.508000e-03 1.130480e-01
103 8.783480e-01 7.332000e-03 1.143200e-01
104 8.770960e-01 7.340000e-03 1.155640e-01
105 8.759440e-01 7.132000e-03 1.169240e-01
106 8.747240e-01 7.056000e-03 1.182200e-01
107 8.735520e-01 6.960000e-03 1.194880e-01
108 8.724080e-01 6.812000e-03 1.207800e-01
109 8.712480e-01 6.756000e-03 1.219960e-01
110 8.700560e-01 6.820000e-03 1.231240e-01
111 8.688600e-01 6.868000e-03 1.242720e-01
112 8.678240e-01 6.652000e-03 1.255240e-01
113 8.667320e-01 6.612000e-03 1.266560e-01
114 8.657160e-01 6.500000e-03 1.277840e-01
115 8.646080e-01 6.460000e-03 1.289320e-01
116 8.634520e-01 6.544000e-03 1.300040e-01
117 8.624440e-01 6.516000e-03 1.310400e-01
118 8.614280e-01 6.388000e-03 1.321840e-01
119 8.604240e-01 6.268000e-03 1.333080e-01
120 8.593240e-01 6.348000e-03 1.343280e-01
121 8.583120e-01 6.176000e-03 1.355120e-01
122 8.574080e-01 6.040000e-03 1.365520e-01
123 8.564080e-01 6.104000e-03 1.374880e-01
124 8.554160e-01 5.948000e-03 1.386360e-01
125 8.543800e-01 5.912000e-03 1.397080e-01
126 8.533760e-01 5.992000e-03 1.406320e-01
127 8.522600e-01 6.104000e-03 1.416360e-01
128 8.512400e-01 6.084000e-03 1.426760e-01
129 8.501520e-01 6.148000e-03 1.437000e-01
130 8.490280e-01 6.208000e-03 1.447640e-01
131 8.478480e-01 6.164000e-03 1.459880e-01
132 8.467000e-01 6.248000e-03 1.470520e-01
133 8.455640e-01 6.296000e-03 1.481400e-01
134 8.445280e-01 6.324000e-03 1.491480e-01
135 8.433960e-01 6.388000e-03 1.502160e-01
136 8.423320e-01 6.340000e-03 1.513280e-01
137 8.412480e-01 6.324000e-03 1.524280e-01
138 8.401320e-01 6.356000e-03 1.535120e-01
139 8.392400e-01 6.092000e-03 1.546680e-01
140 8.383600e-01 6.024000e-03 1.556160e-01
141 8.374480e-01 5.864000e-03 1.566880e-01
142 8.366520e-01 5.644000e-03 1.577040e-01
143 8.357640e-01 5.584000e-03 1.586520e-01
144 8.349840e-01 5.316000e-03 1.597000e-01
145 8.341640e-01 5.136000e-03 1.607000e-01
146 8.333480e-01 5.012000e-03 1.616400e-01
147 8.325800e-01 4.892000e-03 1.625280e-01
148 8.317760e-01 4.844000e-03 1.633800e-01
149 8.308960e-01 4.884000e-03 1.642200e-01
150 8.300240e-01 4.820000e-03 1.651560e-01
151 8.290920e-01 4.880000e-03 1.660280e-01
152 8.282480e-01 4.884000e-03 1.668680e-01
153 8.274000e-01 4.864000e-03 1.677360e-01
154 8.265480e-01 4.888000e-03 1.685640e-01
155 8.258560e-01 4.780000e-03 1.693640e-01
156 8.251280e-01 4.620000e-03 1.702520e-01
157 8.244280e-01 4.372000e-03 1.712000e-01
158 8.237320e-01 4.208000e-03 1.720600e-01
159 8.232240e-01 4.052000e-03 1.727240e-01
160 8.225680e-01 3.924000e-03 1.735080e-01
161 8.219640e-01 3.800000e-03 1.742360e-01
162 8.212160e-01 3.876000e-03 1.749080e-01
163 8.204720e-01 3.932000e-03 1.755960e-01
164 8.197960e-01 3.924000e-03 1.762800e-01
165 8.190960e-01 3.952000e-03 1.769520e-01
166 8.183120e-01 4.044000e-03 1.776440e-01
167 8.175920e-01 3.980000e-03 1.784280e-01
168 8.169000e-01 3.952000e-03 1.791480e-01
169 8.163320e-01 3.888000e-03 1.797800e-01
170 8.156760e-01 3.864000e-03 1.804600e-01
171 8.149560e-01 3.920000e-03 1.811240e-01
172 8.143200e-01 3.924000e-03 1.817560e-01
173 8.135800e-01 3.996000e-03 1.824240e-01
174 8.127080e-01 4.164000e-03 1.831280e-01
175 8.119680e-01 4.244000e-03 1.837880e-01
176 8.111600e-01 4.232000e-03 1.846080e-01
177 8.103640e-01 4.328000e-03 1.853080e-01
178 8.094680e-01 4.468000e-03 1.860640e-01
179 8.087000e-01 4.480000e-03 1.868200e-01
180 8.079960e-01 4.416000e-03 1.875880e-01
181 8.073080e-01 4.352000e-03 1.883400e-01
182 8.066160e-01 4.284000e-03 1.891000e-01
183 8.057400e-01 4.456000e-03 1.898040e-01
184 8.050320e-01 4.372000e-03 1.905960e-01
185 8.042440e-01 4.420000e-03 1.913360e-01
186 8.035160e-01 4.340000e-03 1.921440e-01
187 8.027080e-01 4.424000e-03 1.928680e-01
188 8.020280e-01 4.344000e-03 1.936280e-01
189 8.013600e-01 4.284000e-03 1.943560e-01
190 8.005960e-01 4.308000e-03 1.950960e-01
191 7.999400e-01 4.240000e-03 1.958200e-01
192 7.992480e-01 4.248000e-03 1.965040e-01
193 7.985360e-01 4.164000e-03 1.973000e-01
194 7.978440e-01 4.108000e-03 1.980480e-01
195 7.971640e-01 4.080000e-03 1.987560e-01
196 7.965120e-01 3.972000e-03 1.995160e-01
197 7.957280e-01 4.000000e-03 2.002720e-01
198 7.950640e-01 3.988000e-03 2.009480e-01
199 7.942680e-01 4.120000e-03 2.016120e-01
200 7.935720e-01 4.168000e-03 2.022600e-01
201 7.929000e-01 4.200000e-03 2.029000e-01
202 7.921880e-01 4.136000e-03 2.036760e-01
203 7.915320e-01 4.096000e-03 2.043720e-01
204 7.909280e-01 4.020000e-03 2.050520e-01
205 7.902560e-01 3.900000e-03 2.058440e-01
206 7.894880e-01 4.072000e-03 2.064400e-01
207 7.887240e-01 4.128000e-03 2.071480e-01
208 7.880520e-01 4.064000e-03 2.078840e-01
209 7.873080e-01 4.104000e-03 2.085880e-01
210 7.864520e-01 4.232000e-03 2.093160e-01
211 7.858000e-01 4.136000e-03 2.100640e-01
212 7.850760e-01 4.216000e-03 2.107080e-01
213 7.843800e-01 4.136000e-03 2.114840e-01
214 7.836160e-01 4.156000e-03 2.122280e-01
215 7.830360e-01 3.984000e-03 2.129800e-01
216 7.823400e-01 3.948000e-03 2.137120e-01
217 7.816520e-01 3.912000e-03 2.144360e-01
218 7.810000e-01 3.924000e-03 2.150760e-01
219 7.804000e-01 3.808000e-03 2.157920e-01
220 7.797080e-01 3.876000e-03 2.164160e-01
221 7.791000e-01 3.728000e-03 2.171720e-01
222 7.784440e-01 3.756000e-03 2.178000e-01
223 7.778840e-01 3.672000e-03 2.184440e-01
224 7.772840e-01 3.600000e-03 2.191160e-01
225 7.765880e-01 3.708000e-03 2.197040e-01
226 7.759480e-01 3.744000e-03 2.203080e-01
227 7.753240e-01 3.756000e-03 2.209200e-01
228 7.746760e-01 3.732000e-03 2.215920e-01
229 7.740120e-01 3.772000e-03 2.222160e-01
230 7.733560e-01 3.764000e-03 2.228800e-01
231 7.726120e-01 3.892000e-03 2.234960e-01
232 7.719360e-01 3.956000e-03 2.241080e-01
233 7.712640e-01 3.888000e-03 2.248480e-01
234 7.704360e-01 4.024000e-03 2.255400e-01
235 7.697520e-01 3.948000e-03 2.263000e-01
236 7.690920e-01 3.940000e-03 2.269680e-01
237 7.684960e-01 3.884000e-03 2.276200e-01
238 7.678200e-01 3.876000e-03 2.283040e-01
239 7.673080e-01 3.796000e-03 2.288960e-01
240 7.666840e-01 3.792000e-03 2.295240e-01
241 7.661360e-01 3.684000e-03 2.301800e-01
242 7.656080e-01 3.596000e-03 2.307960e-01
243 7.650600e-01 3.504000e-03 2.314360e-01
244 7.644760e-01 3.412000e-03 2.321120e-01
245 7.639640e-01 3.412000e-03 2.326240e-01
246 7.634760e-01 3.348000e-03 2.331760e-01
247 7.628960e-01 3.344000e-03 2.337600e-01
248 7.622880e-01 3.388000e-03 2.343240e-01
249 7.617960e-01 3.268000e-03 2.349360e-01
250 7.613040e-01 3.176000e-03 2.355200e-01
251 7.608400e-01 3.064000e-03 2.360960e-01
252 7.603360e-01 3.004000e-03 2.366600e-01
253 7.598040e-01 3.012000e-03 2.371840e-01
254 7.593200e-01 3.024000e-03 2.376560e-01
255 7.588160e-01 3.044000e-03 2.381400e-01
256 7.583920e-01 2.956000e-03 2.386520e-01
257 7.578320e-01 2.976000e-03 2.391920e-01
258 7.573640e-01 2.956000e-03 2.396800e-01
259 7.569080e-01 2.900000e-03 2.401920e-01
260 7.564240e-01 2.880000e-03 2.406960e-01
261 7.559080e-01 2.940000e-03 2.411520e-01
262 7.554200e-01 2.964000e-03 2.416160e-01
263 7.549720e-01 2.828000e-03 2.422000e-01
264 7.544160e-01 2.932000e-03 2.426520e-01
265 7.538840e-01 2.984000e-03 2.431320e-01
266 7.534080e-01 2.956000e-03 2.436360e-01
267 7.529200e-01 2.892000e-03 2.441880e-01
268 7.524960e-01 2.768000e-03 2.447360e-01
269 7.520720e-01 2.692000e-03 2.452360e-01
270 7.517080e-01 2.556000e-03 2.457360e-01
271 7.513160e-01 2.452000e-03 2.462320e-01
272 7.508800e-01 2.428000e-03 2.466920e-01
273 7.504760e-01 2.444000e-03 2.470800e-01
274 7.500400e-01 2.440000e-03 2.475200e-01
275 7.495840e-01 2.468000e-03 2.479480e-01
276 7.491400e-01 2.512000e-03 2.483480e-01
277 7.487480e-01 2.392000e-03 2.488600e-01
278 7.483280e-01 2.404000e-03 2.492680e-01
279 7.479280e-01 2.380000e-03 2.496920e-01
280 7.475400e-01 2.440000e-03 2.500200e-01
281 7.471920e-01 2.376000e-03 2.504320e-01
282 7.468560e-01 2.268000e-03 2.508760e-01
283 7.465120e-01 2.192000e-03 2.512960e-01
284 7.461280e-01 2.208000e-03 2.516640e-01
285 7.456840e-01 2.304000e-03 2.520120e-01
286 7.453520e-01 2.292000e-03 2.523560e-01
287 7.449200e-01 2.308000e-03 2.527720e-01
288 7.445720e-01 2.284000e-03 2.531440e-01
289 7.442120e-01 2.260000e-03 2.535280e-01
290 7.437720e-01 2.324000e-03 2.539040e-01
291 7.433040e-01 2.384000e-03 2.543120e-01
292 7.428680e-01 2.416000e-03 2.547160e-01
293 7.424560e-01 2.448000e-03 2.550960e-01
294 7.420480e-01 2.412000e-03 2.555400e-01
295 7.416720e-01 2.368000e-03 2.559600e-01
296 7.412920e-01 2.352000e-03 2.563560e-01
297 7.408640e-01 2.364000e-03 2.567720e-01
298 7.403920e-01 2.464000e-03 2.571440e-01
299 7.399480e-01 2.444000e-03 2.576080e-01
300 7.394280e-01 2.504000e-03 2.580680e-01
301 7.389840e-01 2.476000e-03 2.585400e-01
302 7.385400e-01 2.520000e-03 2.589400e-01
303 7.380840e-01 2.540000e-03 2.593760e-01
304 7.376640e-01 2.456000e-03 2.598800e-01
305 7.372120e-01 2.480000e-03 2.603080e-01
306 7.367840e-01 2.560000e-03 2.606560e-01
307 7.362720e-01 2.596000e-03 2.611320e-01
308 7.358200e-01 2.608000e-03 2.615720e-01
309 7.354320e-01 2.468000e-03 2.621000e-01
310 7.350640e-01 2.432000e-03 2.625040e-01
311 7.347200e-01 2.376000e-03 2.629040e-01
312 7.343480e-01 2.336000e-03 2.633160e-01
313 7.339880e-01 2.288000e-03 2.637240e-01
314 7.335840e-01 2.280000e-03 2.641360e-01
315 7.331640e-01 2.256000e-03 2.645800e-01
316 7.327120e-01 2.332000e-03 2.649560e-01
317 7.322720e-01 2.340000e-03 2.653880e-01
318 7.318040e-01 2.368000e-03 2.658280e-01
319 7.313440e-01 2.404000e-03 2.662520e-01
320 7.309680e-01 2.356000e-03 2.666760e-01
321 7.305680e-01 2.336000e-03 2.670960e-01
322 7.301360e-01 2.364000e-03 2.675000e-01
323 7.297640e-01 2.304000e-03 2.679320e-01
324 7.293640e-01 2.340000e-03 2.682960e-01
325 7.289560e-01 2.360000e-03 2.686840e-01
326 7.284720e-01 2.416000e-03 2.691120e-01
327 7.281280e-01 2.328000e-03 2.695440e-01
328 7.276280e-01 2.404000e-03 2.699680e-01
329 7.271800e-01 2.396000e-03 2.704240e-01
330 7.266840e-01 2.476000e-03 2.708400e-01
331 7.262960e-01 2.376000e-03 2.713280e-01
332 7.259240e-01 2.360000e-03 2.717160e-01
333 7.255680e-01 2.284000e-03 2.721480e-01
334 7.252360e-01 2.248000e-03 2.725160e-01
335 7.248880e-01 2.224000e-03 2.728880e-01
336 7.245800e-01 2.148000e-03 2.732720e-01
337 7.242960e-01 2.032000e-03 2.736720e-01
338 7.239960e-01 1.964000e-03 2.740400e-01
339 7.236680e-01 1.896000e-03 2.744360e-01
340 7.233800e-01 1.832000e-03 2.747880e-01
341 7.231280e-01 1.788000e-03 2.750840e-01
342 7.228360e-01 1.724000e-03 2.754400e-01
343 7.225640e-01 1.716000e-03 2.757200e-01
344 7.222400e-01 1.768000e-03 2.759920e-01
345 7.219600e-01 1.684000e-03 2.763560e-01
346 7.216480e-01 1.704000e-03 2.766480e-01
347 7.213480e-01 1.696000e-03 2.769560e-01
348 7.210760e-01 1.632000e-03 2.772920e-01
349 7.208040e-01 1.628000e-03 2.775680e-01
350 7.206320e-01 1.504000e-03 2.778640e-01
351 7.204320e-01 1.388000e-03 2.781800e-01
352 7.202040e-01 1.400000e-03 2.783960e-01
353 7.200360e-01 1.328000e-03 2.786360e-01
354 7.198400e-01 1.324000e-03 2.788360e-01
355 7.196400e-01 1.300000e-03 2.790600e-01
356 7.194560e-01 1.280000e-03 2.792640e-01
357 7.192360e-01 1.264000e-03 2.795000e-01
358 7.190160e-01 1.212000e-03 2.797720e-01
359 7.187800e-01 1.248000e-03 2.799720e-01
360 7.185880e-01 1.204000e-03 2.802080e-01
361 7.183640e-01 1.216000e-03 2.804200e-01
362 7.181400e-01 1.256000e-03 2.806040e-01
363 7.178920e-01 1.332000e-03 2.807760e-01
364 7.175960e-01 1.408000e-03 2.809960e-01
365 7.173120e-01 1.472000e-03 2.812160e-01
366 7.170600e-01 1.484000e-03 2.814560e-01
367 7.168000e-01 1.496000e-03 2.817040e-01
368 7.164760e-01 1.544000e-03 2.819800e-01
369 7.161640e-01 1.552000e-03 2.822840e-01
370 7.159000e-01 1.528000e-03 2.825720e-01
371 7.155600e-01 1.588000e-03 2.828520e-01
372 7.152320e-01 1.608000e-03 2.831600e-01
373 7.149160e-01 1.652000e-03 2.834320e-01
374 7.146680e-01 1.572000e-03 2.837600e-01
375 7.144120e-01 1.568000e-03 2.840200e-01
376 7.141440e-01 1.548000e-03 2.843080e-01
377 7.138640e-01 1.556000e-03 2.845800e-01
378 7.136400e-01 1.540000e-03 2.848200e-01
379 7.133320e-01 1.540000e-03 2.851280e-01
380 7.130040e-01 1.588000e-03 2.854080e-01
381 7.127760e-01 1.524000e-03 2.857000e-01
382 7.125320e-01 1.544000e-03 2.859240e-01
383 7.122680e-01 1.560000e-03 2.861720e-01
384 7.119840e-01 1.592000e-03 2.864240e-01
385 7.117000e-01 1.608000e-03 2.866920e-01
386 7.114440e-01 1.600000e-03 2.869560e-01
387 7.111360e-01 1.616000e-03 2.872480e-01
388 7.108200e-01 1.632000e-03 2.875480e-01
389 7.106000e-01 1.620000e-03 2.877800e-01
390 7.103000e-01 1.672000e-03 2.880280e-01
391 7.100520e-01 1.568000e-03 2.883800e-01
392 7.098120e-01 1.508000e-03 2.886800e-01
393 7.094880e-01 1.592000e-03 2.889200e-01
394 7.092320e-01 1.580000e-03 2.891880e-01
395 7.089160e-01 1.608000e-03 2.894760e-01
396 7.085960e-01 1.620000e-03 2.897840e-01
397 7.082960e-01 1.640000e-03 2.900640e-01
398 7.079600e-01 1.736000e-03 2.903040e-01
399 7.076320e-01 1.808000e-03 2.905600e-01
400 7.073560e-01 1.768000e-03 2.908760e-01
401 7.070560e-01 1.780000e-03 2.911640e-01
402 7.067880e-01 1.752000e-03 2.914600e-01
403 7.064640e-01 1.764000e-03 2.917720e-01
404 7.062440e-01 1.640000e-03 2.921160e-01
405 7.059800e-01 1.556000e-03 2.924640e-01
406 7.057920e-01 1.476000e-03 2.927320e-01
407 7.055520e-01 1.440000e-03 2.930080e-01
408 7.052840e-01 1.504000e-03 2.932120e-01
409 7.050360e-01 1.524000e-03 2.934400e-01
410 7.048160e-01 1.452000e-03 2.937320e-01
411 7.045920e-01 1.444000e-03 2.939640e-01
412 7.044000e-01 1.412000e-03 2.941880e-01
413 7.042000e-01 1.340000e-03 2.944600e-01
414 7.039640e-01 1.308000e-03 2.947280e-01
415 7.037560e-01 1.296000e-03 2.949480e-01
416 7.035960e-01 1.276000e-03 2.951280e-01
417 7.033880e-01 1.228000e-03 2.953840e-01
418 7.031440e-01 1.220000e-03 2.956360e-01
419 7.029120e-01 1.232000e-03 2.958560e-01
420 7.026840e-01 1.272000e-03 2.960440e-01
421 7.024480e-01 1.236000e-03 2.963160e-01
422 7.021520e-01 1.272000e-03 2.965760e-01
423 7.018520e-01 1.308000e-03 2.968400e-01
424 7.015240e-01 1.408000e-03 2.970680e-01
425 7.011960e-01 1.524000e-03 2.972800e-01
426 7.008640e-01 1.560000e-03 2.975760e-01
427 7.005320e-01 1.616000e-03 2.978520e-01
428 7.002240e-01 1.672000e-03 2.981040e-01
429 6.998920e-01 1.716000e-03 2.983920e-01
430 6.995960e-01 1.740000e-03 2.986640e-01
431 6.992360e-01 1.860000e-03 2.989040e-01
432 6.989240e-01 1.848000e-03 2.992280e-01
433 6.986200e-01 1.804000e-03 2.995760e-01
434 6.983200e-01 1.792000e-03 2.998880e-01
435 6.980320e-01 1.808000e-03 3.001600e-01
436 6.977840e-01 1.728000e-03 3.004880e-01
437 6.975440e-01 1.592000e-03 3.008640e-01
438 6.972680e-01 1.592000e-03 3.011400e-01
439 6.970160e-01 1.604000e-03 3.013800e-01
440 6.967640e-01 1.544000e-03 3.016920e-01
441 6.965160e-01 1.520000e-03 3.019640e-01
442 6.962800e-01 1.484000e-03 3.022360e-01
443 6.960880e-01 1.392000e-03 3.025200e-01
444 6.958200e-01 1.396000e-03 3.027840e-01
445 6.955520e-01 1.416000e-03 3.030320e-01
446 6.953360e-01 1.372000e-03 3.032920e-01
447 6.951000e-01 1.356000e-03 3.035440e-01
448 6.948640e-01 1.352000e-03 3.037840e-01
449 6.946120e-01 1.388000e-03 3.040000e-01
450 6.943840e-01 1.324000e-03 3.042920e-01
451 6.940760e-01 1.412000e-03 3.045120e-01
452 6.937920e-01 1.424000e-03 3.047840e-01
453 6.935240e-01 1.484000e-03 3.049920e-01
454 6.932680e-01 1.468000e-03 3.052640e-01
455 6.930160e-01 1.464000e-03 3.055200e-01
456 6.927480e-01 1.512000e-03 3.057400e-01
457 6.924920e-01 1.504000e-03 3.060040e-01
458 6.922520e-01 1.424000e-03 3.063240e-01
459 6.920080e-01 1.412000e-03 3.065800e-01
460 6.917760e-01 1.440000e-03 3.067840e-01
461 6.915520e-01 1.380000e-03 3.070680e-01
462 6.913880e-01 1.248000e-03 3.073640e-01
463 6.911920e-01 1.228000e-03 3.075800e-01
464 6.909880e-01 1.192000e-03 3.078200e-01
465 6.907920e-01 1.192000e-03 3.080160e-01
466 6.906120e-01 1.208000e-03 3.081800e-01
467 6.904120e-01 1.232000e-03 3.083560e-01
468 6.902320e-01 1.204000e-03 3.085640e-01
469 6.900240e-01 1.212000e-03 3.087640e-01
470 6.897400e-01 1.292000e-03 3.089680e-01
471 6.895000e-01 1.284000e-03 3.092160e-01
472 6.892360e-01 1.300000e-03 3.094640e-01
473 6.889800e-01 1.280000e-03 3.097400e-01
474 6.887080e-01 1.300000e-03 3.099920e-01
475 6.885080e-01 1.256000e-03 3.102360e-01
476 6.882720e-01 1.248000e-03 3.104800e-01
477 6.880680e-01 1.212000e-03 3.107200e-01
478 6.878760e-01 1.236000e-03 3.108880e-01
479 6.876640e-01 1.276000e-03 3.110600e-01
480 6.874160e-01 1.276000e-03 3.113080e-01
481 6.872120e-01 1.284000e-03 3.115040e-01
482 6.870240e-01 1.224000e-03 3.117520e-01
483 6.868680e-01 1.124000e-03 3.120080e-01
484 6.867080e-01 1.108000e-03 3.121840e-01
485 6.865600e-01 1.076000e-03 3.123640e-01
486 6.863440e-01 1.120000e-03 3.125360e-01
487 6.861800e-01 1.092000e-03 3.127280e-01
488 6.859560e-01 1.156000e-03 3.128880e-01
489 6.857560e-01 1.156000e-03 3.130880e-01
490 6.855800e-01 1.112000e-03 3.133080e-01
491 6.854640e-01 1.028000e-03 3.135080e-01
492 6.853000e-01 1.024000e-03 3.136760e-01
493 6.851560e-01 9.960000e-04 3.138480e-01
494 6.849720e-01 1.032000e-03 3.139960e-01
495 6.848480e-01 9.960000e-04 3.141560e-01
496 6.847040e-01 9.760000e-04 3.143200e-01
497 6.845360e-01 9.720000e-04 3.144920e-01
498 6.843560e-01 1.000000e-03 3.146440e-01
499 6.841080e-01 1.056000e-03 3.148360e-01
500 6.839240e-01 1.008000e-03 3.150680e-01
