1 9.992560e-01 6.360000e-04 1.080000e-04
2 9.987600e-01 9.720000e-04 2.680000e-04
3 9.981200e-01 1.408000e-03 4.720000e-04
4 9.975040e-01 1.760000e-03 7.360000e-04
5 9.967800e-01 2.152000e-03 1.068000e-03
6 9.960400e-01 2.484000e-03 1.476000e-03
7 9.952000e-01 2.932000e-03 1.868000e-03
8 9.942400e-01 3.340000e-03 2.420000e-03
9 9.932880e-01 3.700000e-03 3.012000e-03
10 9.922320e-01 4.032000e-03 3.736000e-03
11 9.911920e-01 4.444000e-03 4.364000e-03
12 9.902760e-01 4.608000e-03 5.116000e-03
13 9.889880e-01 5.056000e-03 5.956000e-03
14 9.878880e-01 5.316000e-03 6.796000e-03
15 9.867640e-01 5.532000e-03 7.704000e-03
16 9.855720e-01 5.672000e-03 8.756000e-03
17 9.845240e-01 5.716000e-03 9.760000e-03
18 9.832800e-01 6.108000e-03 1.061200e-02
19 9.821240e-01 6.176000e-03 1.170000e-02
20 9.810920e-01 6.112000e-03 1.279600e-02
21 9.798280e-01 6.276000e-03 1.389600e-02
22 9.784960e-01 6.536000e-03 1.496800e-02
23 9.771800e-01 6.620000e-03 1.620000e-02
24 9.759000e-01 6.656000e-03 1.744400e-02
25 9.746280e-01 6.792000e-03 1.858000e-02
26 9.731760e-01 6.912000e-03 1.991200e-02
27 9.718720e-01 7.088000e-03 2.104000e-02
28 9.706280e-01 7.040000e-03 2.233200e-02
29 9.693720e-01 7.108000e-03 2.352000e-02
30 9.682160e-01 6.924000e-03 2.486000e-02
31 9.668760e-01 7.092000e-03 2.603200e-02
32 9.654920e-01 7.208000e-03 2.730000e-02
33 9.642400e-01 7.184000e-03 2.857600e-02
34 9.628960e-01 7.364000e-03 2.974000e-02
35 9.614160e-01 7.576000e-03 3.100800e-02
36 9.600240e-01 7.640000e-03 3.233600e-02
37 9.585760e-01 7.672000e-03 3.375200e-02
38 9.570840e-01 7.900000e-03 3.501600e-02
39 9.555960e-01 8.036000e-03 3.636800e-02
40 9.540440e-01 8.036000e-03 3.792000e-02
41 9.525720e-01 8.108000e-03 3.932000e-02
42 9.508480e-01 8.280000e-03 4.087200e-02
43 9.492160e-01 8.496000e-03 4.228800e-02
44 9.476680e-01 8.572000e-03 4.376000e-02
45 9.460440e-01 8.752000e-03 4.520400e-02
46 9.443600e-01 8.860000e-03 4.678000e-02
47 9.426360e-01 9.032000e-03 4.833200e-02
48 9.409800e-01 9.096000e-03 4.992400e-02
49 9.393720e-01 9.200000e-03 5.142800e-02
50 9.377880e-01 9.160000e-03 5.305200e-02
51 9.360000e-01 9.328000e-03 5.467200e-02
52 9.342600e-01 9.304000e-03 5.643600e-02
53 9.325560e-01 9.244000e-03 5.820000e-02
54 9.308680e-01 9.192000e-03 5.994000e-02
55 9.291520e-01 9.272000e-03 6.157600e-02
56 9.276000e-01 9.064000e-03 6.333600e-02
57 9.259640e-01 9.228000e-03 6.480800e-02
58 9.242720e-01 9.336000e-03 6.639200e-02
59 9.225880e-01 9.400000e-03 6.801200e-02
60 9.208480e-01 9.556000e-03 6.959600e-02
61 9.191280e-01 9.584000e-03 7.128800e-02
62 9.173160e-01 9.648000e-03 7.303600e-02
63 9.156440e-01 9.584000e-03 7.477200e-02
64 9.140080e-01 9.640000e-03 7.635200e-02
65 9.125040e-01 9.404000e-03 7.809200e-02
66 9.109280e-01 9.280000e-03 7.979200e-02
67 9.093240e-01 9.264000e-03 8.141200e-02
68 9.078600e-01 9.084000e-03 8.305600e-02
69 9.064440e-01 8.844000e-03 8.471200e-02
70 9.049240e-01 8.728000e-03 8.634800e-02
71 9.034120e-01 8.684000e-03 8.790400e-02
72 9.020560e-01 8.560000e-03 8.938400e-02
73 9.004080e-01 8.736000e-03 9.085600e-02
74 8.987760e-01 8.932000e-03 9.229200e-02
75 8.971160e-01 8.932000e-03 9.395200e-02
76 8.955160e-01 8.984000e-03 9.550000e-02
77 8.938640e-01 9.084000e-03 9.705200e-02
78 8.923640e-01 8.960000e-03 9.867600e-02
79 8.909080e-01 8.832000e-03 1.002600e-01
80 8.895800e-01 8.596000e-03 1.018240e-01
81 8.881880e-01 8.628000e-03 1.031840e-01
82 8.867880e-01 8.556000e-03 1.046560e-01
83 8.853520e-01 8.508000e-03 1.061400e-01
84 8.839000e-01 8.448000e-03 1.076520e-01
85 8.825400e-01 8.352000e-03 1.091080e-01
86 8.810320e-01 8.364000e-03 1.106040e-01
87 8.794440e-01 8.540000e-03 1.120160e-01
88 8.780200e-01 8.476000e-03 1.135040e-01
89 8.765200e-01 8.408000e-03 1.150720e-01
90 8.751920e-01 8.248000e-03 1.165600e-01
91 8.738560e-01 8.208000e-03 1.179360e-01
92 8.722440e-01 8.328000e-03 1.194280e-01
93 8.706360e-01 8.388000e-03 1.209760e-01
94 8.690160e-01 8.424000e-03 1.225600e-01
95 8.674280e-01 8.604000e-03 1.239680e-01
96 8.658840e-01 8.592000e-03 1.255240e-01
97 8.643120e-01 8.680000e-03 1.270080e-01
98 8.627800e-01 8.776000e-03 1.284440e-01
99 8.612080e-01 8.772000e-03 1.300200e-01
100 8.597600e-01 8.688000e-03 1.315520e-01
101 8.582040e-01 8.812000e-03 1.329840e-01
102 8.568440e-01 8.580000e-03 1.345760e-01
103 8.554480e-01 8.456000e-03 1.360960e-01
104 8.541680e-01 8.268000e-03 1.375640e-01
105 8.528920e-01 8.056000e-03 1.390520e-01
106 8.514600e-01 7.984000e-03 1.405560e-01
107 8.501000e-01 7.948000e-03 1.419520e-01
108 8.486920e-01 7.848000e-03 1.434600e-01
109 8.472360e-01 7.968000e-03 1.447960e-01
110 8.457240e-01 8.124000e-03 1.461520e-01
111 8.440720e-01 8.368000e-03 1.475600e-01
112 8.425400e-01 8.416000e-03 1.490440e-01
113 8.410280e-01 8.516000e-03 1.504560e-01
114 8.394720e-01 8.636000e-03 1.518920e-01
115 8.379480e-01 8.672000e-03 1.533800e-01
116 8.364240e-01 8.448000e-03 1.551280e-01
117 8.350680e-01 8.344000e-03 1.565880e-01
118 8.338520e-01 8.096000e-03 1.580520e-01
119 8.325000e-01 7.936000e-03 1.595640e-01
120 8.312080e-01 7.932000e-03 1.608600e-01
121 8.299320e-01 7.880000e-03 1.621880e-01
122 8.285440e-01 7.868000e-03 1.635880e-01
123 8.273560e-01 7.688000e-03 1.649560e-01
124 8.260200e-01 7.736000e-03 1.662440e-01
125 8.248360e-01 7.608000e-03 1.675560e-01
126 8.234720e-01 7.636000e-03 1.688920e-01
127 8.221120e-01 7.536000e-03 1.703520e-01
128 8.208760e-01 7.456000e-03 1.716680e-01
129 8.198040e-01 7.196000e-03 1.730000e-01
130 8.186680e-01 7.072000e-03 1.742600e-01
131 8.173040e-01 7.172000e-03 1.755240e-01
132 8.161040e-01 7.032000e-03 1.768640e-01
133 8.147760e-01 7.060000e-03 1.781640e-01
134 8.135960e-01 6.964000e-03 1.794400e-01
135 8.123440e-01 7.020000e-03 1.806360e-01
136 8.110160e-01 7.188000e-03 1.817960e-01
137 8.097920e-01 7.052000e-03 1.831560e-01
138 8.085920e-01 7.036000e-03 1.843720e-01
139 8.073800e-01 7.100000e-03 1.855200e-01
140 8.062200e-01 6.996000e-03 1.867840e-01
141 8.048880e-01 7.024000e-03 1.880880e-01
142 8.037400e-01 6.952000e-03 1.893080e-01
143 8.025680e-01 6.928000e-03 1.905040e-01
144 8.012880e-01 7.016000e-03 1.916960e-01
145 8.002080e-01 6.972000e-03 1.928200e-01
146 7.990440e-01 6.924000e-03 1.940320e-01
147 7.979360e-01 6.892000e-03 1.951720e-01
148 7.966920e-01 6.988000e-03 1.963200e-01
149 7.953920e-01 7.116000e-03 1.974920e-01
150 7.942680e-01 6.900000e-03 1.988320e-01
151 7.931320e-01 6.780000e-03 2.000880e-01
152 7.919440e-01 6.920000e-03 2.011360e-01
153 7.906480e-01 7.052000e-03 2.023000e-01
154 7.894560e-01 7.016000e-03 2.035280e-01
155 7.883640e-01 6.880000e-03 2.047560e-01
156 7.872080e-01 6.816000e-03 2.059760e-01
157 7.859560e-01 6.888000e-03 2.071560e-01
158 7.847560e-01 7.032000e-03 2.082120e-01
159 7.836840e-01 6.804000e-03 2.095120e-01
160 7.827120e-01 6.656000e-03 2.106320e-01
161 7.816800e-01 6.628000e-03 2.116920e-01
162 7.805320e-01 6.620000e-03 2.128480e-01
163 7.793680e-01 6.724000e-03 2.139080e-01
164 7.783080e-01 6.704000e-03 2.149880e-01
165 7.772360e-01 6.468000e-03 2.162960e-01
166 7.761400e-01 6.440000e-03 2.174200e-01
167 7.749320e-01 6.624000e-03 2.184440e-01
168 7.736920e-01 6.736000e-03 2.195720e-01
169 7.726680e-01 6.536000e-03 2.207960e-01
170 7.714600e-01 6.520000e-03 2.220200e-01
171 7.703160e-01 6.504000e-03 2.231800e-01
172 7.692080e-01 6.504000e-03 2.242880e-01
173 7.680040e-01 6.528000e-03 2.254680e-01
174 7.669440e-01 6.484000e-03 2.265720e-01
175 7.657120e-01 6.488000e-03 2.278000e-01
176 7.645560e-01 6.384000e-03 2.290600e-01
177 7.635280e-01 6.356000e-03 2.301160e-01
178 7.623640e-01 6.376000e-03 2.312600e-01
179 7.612200e-01 6.416000e-03 2.323640e-01
180 7.600960e-01 6.452000e-03 2.334520e-01
181 7.589000e-01 6.400000e-03 2.347000e-01
182 7.578000e-01 6.336000e-03 2.358640e-01
183 7.567560e-01 6.196000e-03 2.370480e-01
184 7.556200e-01 6.144000e-03 2.382360e-01
185 7.545040e-01 6.308000e-03 2.391880e-01
186 7.534600e-01 6.256000e-03 2.402840e-01
187 7.523680e-01 6.236000e-03 2.413960e-01
188 7.513480e-01 6.184000e-03 2.424680e-01
189 7.503160e-01 6.108000e-03 2.435760e-01
190 7.493200e-01 5.992000e-03 2.446880e-01
191 7.485120e-01 5.676000e-03 2.458120e-01
192 7.476080e-01 5.584000e-03 2.468080e-01
193 7.466880e-01 5.632000e-03 2.476800e-01
194 7.457840e-01 5.612000e-03 2.486040e-01
195 7.450160e-01 5.440000e-03 2.495440e-01
196 7.440840e-01 5.404000e-03 2.505120e-01
197 7.431880e-01 5.404000e-03 2.514080e-01
198 7.422160e-01 5.448000e-03 2.523360e-01
199 7.413080e-01 5.316000e-03 2.533760e-01
200 7.404040e-01 5.308000e-03 2.542880e-01
201 7.393680e-01 5.328000e-03 2.553040e-01
202 7.383760e-01 5.336000e-03 2.562880e-01
203 7.374080e-01 5.360000e-03 2.572320e-01
204 7.364400e-01 5.356000e-03 2.582040e-01
205 7.354800e-01 5.352000e-03 2.591680e-01
206 7.345480e-01 5.400000e-03 2.600520e-01
207 7.335400e-01 5.476000e-03 2.609840e-01
208 7.326160e-01 5.520000e-03 2.618640e-01
209 7.315560e-01 5.612000e-03 2.628320e-01
210 7.305080e-01 5.724000e-03 2.637680e-01
211 7.294640e-01 5.684000e-03 2.648520e-01
212 7.283760e-01 5.728000e-03 2.658960e-01
213 7.271600e-01 5.972000e-03 2.668680e-01
214 7.260920e-01 5.952000e-03 2.679560e-01
215 7.249920e-01 6.076000e-03 2.689320e-01
216 7.240760e-01 5.896000e-03 2.700280e-01
217 7.231080e-01 5.952000e-03 2.709400e-01
218 7.221760e-01 5.920000e-03 2.719040e-01
219 7.212480e-01 5.796000e-03 2.729560e-01
220 7.203360e-01 5.608000e-03 2.740560e-01
221 7.192960e-01 5.604000e-03 2.751000e-01
222 7.183800e-01 5.564000e-03 2.760560e-01
223 7.173400e-01 5.576000e-03 2.770840e-01
224 7.164440e-01 5.400000e-03 2.781560e-01
225 7.155760e-01 5.348000e-03 2.790760e-01
226 7.146800e-01 5.292000e-03 2.800280e-01
227 7.138600e-01 5.184000e-03 2.809560e-01
228 7.130480e-01 5.152000e-03 2.818000e-01
229 7.121920e-01 5.064000e-03 2.827440e-01
230 7.113720e-01 4.972000e-03 2.836560e-01
231 7.105960e-01 4.952000e-03 2.844520e-01
232 7.095720e-01 5.164000e-03 2.852640e-01
233 7.086160e-01 5.164000e-03 2.862200e-01
234 7.077280e-01 5.044000e-03 2.872280e-01
235 7.067720e-01 5.048000e-03 2.881800e-01
236 7.058480e-01 5.176000e-03 2.889760e-01
237 7.049040e-01 5.184000e-03 2.899120e-01
238 7.039880e-01 5.216000e-03 2.907960e-01
239 7.030280e-01 5.296000e-03 2.916760e-01
240 7.020200e-01 5.460000e-03 2.925200e-01
241 7.011720e-01 5.312000e-03 2.935160e-01
242 7.003400e-01 5.208000e-03 2.944520e-01
243 6.996320e-01 4.996000e-03 2.953720e-01
244 6.987400e-01 5.004000e-03 2.962560e-01
245 6.979480e-01 4.896000e-03 2.971560e-01
246 6.971680e-01 4.812000e-03 2.980200e-01
247 6.963920e-01 4.820000e-03 2.987880e-01
248 6.956720e-01 4.672000e-03 2.996560e-01
249 6.948320e-01 4.792000e-03 3.003760e-01
250 6.939960e-01 4.788000e-03 3.012160e-01
251 6.931280e-01 4.896000e-03 3.019760e-01
252 6.922320e-01 4.916000e-03 3.028520e-01
253 6.913480e-01 4.888000e-03 3.037640e-01
254 6.905040e-01 4.932000e-03 3.045640e-01
255 6.897040e-01 4.896000e-03 3.054000e-01
256 6.889600e-01 4.880000e-03 3.061600e-01
257 6.881320e-01 4.840000e-03 3.070280e-01
258 6.873040e-01 4.864000e-03 3.078320e-01
259 6.866240e-01 4.708000e-03 3.086680e-01
260 6.858920e-01 4.584000e-03 3.095240e-01
261 6.851640e-01 4.536000e-03 3.103000e-01
262 6.843680e-01 4.556000e-03 3.110760e-01
263 6.836520e-01 4.420000e-03 3.119280e-01
264 6.829840e-01 4.208000e-03 3.128080e-01
265 6.823640e-01 4.104000e-03 3.135320e-01
266 6.817400e-01 4.068000e-03 3.141920e-01
267 6.811600e-01 3.996000e-03 3.148440e-01
268 6.806080e-01 3.904000e-03 3.154880e-01
269 6.800360e-01 3.808000e-03 3.161560e-01
270 6.795120e-01 3.772000e-03 3.167160e-01
271 6.789000e-01 3.752000e-03 3.173480e-01
272 6.781480e-01 3.836000e-03 3.180160e-01
273 6.775240e-01 3.836000e-03 3.186400e-01
274 6.768320e-01 3.856000e-03 3.193120e-01
275 6.761120e-01 3.888000e-03 3.200000e-01
276 6.754720e-01 3.792000e-03 3.207360e-01
277 6.747360e-01 3.824000e-03 3.214400e-01
278 6.740840e-01 3.788000e-03 3.221280e-01
279 6.733760e-01 3.800000e-03 3.228240e-01
280 6.726520e-01 3.868000e-03 3.234800e-01
281 6.719920e-01 3.868000e-03 3.241400e-01
282 6.713640e-01 3.872000e-03 3.247640e-01
283 6.706840e-01 3.904000e-03 3.254120e-01
284 6.699200e-01 3.956000e-03 3.261240e-01
285 6.692920e-01 3.952000e-03 3.267560e-01
286 6.685920e-01 3.896000e-03 3.275120e-01
287 6.677560e-01 4.044000e-03 3.282000e-01
288 6.670640e-01 4.096000e-03 3.288400e-01
289 6.662960e-01 4.132000e-03 3.295720e-01
290 6.656120e-01 4.088000e-03 3.303000e-01
291 6.648920e-01 4.128000e-03 3.309800e-01
292 6.642640e-01 4.052000e-03 3.316840e-01
293 6.636600e-01 3.944000e-03 3.323960e-01
294 6.630560e-01 3.836000e-03 3.331080e-01
295 6.625560e-01 3.712000e-03 3.337320e-01
296 6.619720e-01 3.632000e-03 3.343960e-01
297 6.613320e-01 3.608000e-03 3.350600e-01
298 6.605600e-01 3.708000e-03 3.357320e-01
299 6.599000e-01 3.776000e-03 3.363240e-01
300 6.593440e-01 3.648000e-03 3.370080e-01
301 6.587640e-01 3.560000e-03 3.376760e-01
302 6.581480e-01 3.568000e-03 3.382840e-01
303 6.575840e-01 3.544000e-03 3.388720e-01
304 6.569960e-01 3.556000e-03 3.394480e-01
305 6.563520e-01 3.492000e-03 3.401560e-01
306 6.556040e-01 3.640000e-03 3.407560e-01
307 6.549720e-01 3.604000e-03 3.414240e-01
308 6.543560e-01 3.500000e-03 3.421440e-01
309 6.537480e-01 3.492000e-03 3.427600e-01
310 6.530960e-01 3.608000e-03 3.432960e-01
311 6.525160e-01 3.540000e-03 3.439440e-01
312 6.519280e-01 3.536000e-03 3.445360e-01
313 6.514160e-01 3.396000e-03 3.451880e-01
314 6.508120e-01 3.392000e-03 3.457960e-01
315 6.502160e-01 3.332000e-03 3.464520e-01
316 6.497000e-01 3.224000e-03 3.470760e-01
317 6.491720e-01 3.200000e-03 3.476280e-01
318 6.485400e-01 3.300000e-03 3.481600e-01
319 6.479320e-01 3.280000e-03 3.487880e-01
320 6.473560e-01 3.200000e-03 3.494440e-01
321 6.468400e-01 3.164000e-03 3.499960e-01
322 6.462480e-01 3.128000e-03 3.506240e-01
323 6.456320e-01 3.228000e-03 3.511400e-01
324 6.449960e-01 3.256000e-03 3.517480e-01
325 6.443720e-01 3.288000e-03 3.523400e-01
326 6.438280e-01 3.200000e-03 3.529720e-01
327 6.433040e-01 3.156000e-03 3.535400e-01
328 6.427680e-01 3.108000e-03 3.541240e-01
329 6.422640e-01 3.068000e-03 3.546680e-01
330 6.418240e-01 2.936000e-03 3.552400e-01
331 6.412960e-01 3.004000e-03 3.557000e-01
332 6.407600e-01 3.044000e-03 3.561960e-01
333 6.402520e-01 3.016000e-03 3.567320e-01
334 6.397000e-01 3.048000e-03 3.572520e-01
335 6.392040e-01 2.980000e-03 3.578160e-01
336 6.386560e-01 2.936000e-03 3.584080e-01
337 6.380760e-01 3.048000e-03 3.588760e-01
338 6.375840e-01 3.004000e-03 3.594120e-01
339 6.371120e-01 3.012000e-03 3.598760e-01
340 6.365560e-01 3.040000e-03 3.604040e-01
341 6.360920e-01 2.952000e-03 3.609560e-01
342 6.356400e-01 2.840000e-03 3.615200e-01
343 6.351640e-01 2.836000e-03 3.620000e-01
344 6.347880e-01 2.680000e-03 3.625320e-01
345 6.343400e-01 2.656000e-03 3.630040e-01
346 6.339360e-01 2.572000e-03 3.634920e-01
347 6.334640e-01 2.624000e-03 3.639120e-01
348 6.330760e-01 2.508000e-03 3.644160e-01
349 6.326640e-01 2.420000e-03 3.649160e-01
350 6.321840e-01 2.492000e-03 3.653240e-01
351 6.318240e-01 2.412000e-03 3.657640e-01
352 6.314000e-01 2.444000e-03 3.661560e-01
353 6.310640e-01 2.392000e-03 3.665440e-01
354 6.306800e-01 2.424000e-03 3.668960e-01
355 6.302440e-01 2.448000e-03 3.673080e-01
356 6.298200e-01 2.472000e-03 3.677080e-01
357 6.294320e-01 2.460000e-03 3.681080e-01
358 6.290160e-01 2.488000e-03 3.684960e-01
359 6.286560e-01 2.440000e-03 3.689040e-01
360 6.282400e-01 2.508000e-03 3.692520e-01
361 6.279560e-01 2.344000e-03 3.697000e-01
362 6.275560e-01 2.372000e-03 3.700720e-01
363 6.271920e-01 2.360000e-03 3.704480e-01
364 6.268240e-01 2.288000e-03 3.708880e-01
365 6.264520e-01 2.264000e-03 3.712840e-01
366 6.261120e-01 2.188000e-03 3.717000e-01
367 6.257760e-01 2.148000e-03 3.720760e-01
368 6.253840e-01 2.156000e-03 3.724600e-01
369 6.250520e-01 2.140000e-03 3.728080e-01
370 6.246440e-01 2.188000e-03 3.731680e-01
371 6.242040e-01 2.288000e-03 3.735080e-01
372 6.238880e-01 2.220000e-03 3.738920e-01
373 6.235200e-01 2.244000e-03 3.742360e-01
374 6.232080e-01 2.204000e-03 3.745880e-01
375 6.228760e-01 2.152000e-03 3.749720e-01
376 6.225240e-01 2.068000e-03 3.754080e-01
377 6.221960e-01 2.004000e-03 3.758000e-01
378 6.218760e-01 2.020000e-03 3.761040e-01
379 6.215760e-01 1.980000e-03 3.764440e-01
380 6.213120e-01 1.828000e-03 3.768600e-01
381 6.209480e-01 1.880000e-03 3.771720e-01
382 6.205960e-01 1.920000e-03 3.774840e-01
383 6.202560e-01 1.912000e-03 3.778320e-01
384 6.199600e-01 1.956000e-03 3.780840e-01
385 6.196640e-01 1.980000e-03 3.783560e-01
386 6.194120e-01 1.908000e-03 3.786800e-01
387 6.191240e-01 1.832000e-03 3.790440e-01
388 6.188200e-01 1.820000e-03 3.793600e-01
389 6.184840e-01 1.884000e-03 3.796320e-01
390 6.182520e-01 1.788000e-03 3.799600e-01
391 6.179520e-01 1.804000e-03 3.802440e-01
392 6.176720e-01 1.788000e-03 3.805400e-01
393 6.173880e-01 1.808000e-03 3.808040e-01
394 6.171560e-01 1.768000e-03 3.810760e-01
395 6.169440e-01 1.628000e-03 3.814280e-01
396 6.167840e-01 1.500000e-03 3.817160e-01
397 6.165320e-01 1.504000e-03 3.819640e-01
398 6.163000e-01 1.524000e-03 3.821760e-01
399 6.160200e-01 1.524000e-03 3.824560e-01
400 6.158040e-01 1.520000e-03 3.826760e-01
401 6.155160e-01 1.596000e-03 3.828880e-01
402 6.152680e-01 1.624000e-03 3.831080e-01
403 6.150120e-01 1.576000e-03 3.834120e-01
404 6.148080e-01 1.504000e-03 3.836880e-01
405 6.145520e-01 1.444000e-03 3.840040e-01
406 6.143240e-01 1.396000e-03 3.842800e-01
407 6.140800e-01 1.432000e-03 3.844880e-01
408 6.138880e-01 1.316000e-03 3.847960e-01
409 6.136640e-01 1.292000e-03 3.850440e-01
410 6.134720e-01 1.276000e-03 3.852520e-01
411 6.131960e-01 1.312000e-03 3.854920e-01
412 6.129240e-01 1.320000e-03 3.857560e-01
413 6.126640e-01 1.364000e-03 3.859720e-01
414 6.124480e-01 1.324000e-03 3.862280e-01
415 6.121920e-01 1.324000e-03 3.864840e-01
416 6.119160e-01 1.448000e-03 3.866360e-01
417 6.116280e-01 1.484000e-03 3.868880e-01
418 6.113680e-01 1.528000e-03 3.871040e-01
419 6.110920e-01 1.532000e-03 3.873760e-01
420 6.108480e-01 1.504000e-03 3.876480e-01
421 6.105920e-01 1.488000e-03 3.879200e-01
422 6.103120e-01 1.564000e-03 3.881240e-01
423 6.099920e-01 1.632000e-03 3.883760e-01
424 6.097200e-01 1.572000e-03 3.887080e-01
425 6.094200e-01 1.644000e-03 3.889360e-01
426 6.091240e-01 1.628000e-03 3.892480e-01
427 6.087800e-01 1.664000e-03 3.895560e-01
428 6.084240e-01 1.644000e-03 3.899320e-01
429 6.081360e-01 1.596000e-03 3.902680e-01
430 6.078440e-01 1.628000e-03 3.905280e-01
431 6.074520e-01 1.724000e-03 3.908240e-01
432 6.070920e-01 1.804000e-03 3.911040e-01
433 6.067400e-01 1.884000e-03 3.913760e-01
434 6.063960e-01 1.856000e-03 3.917480e-01
435 6.060440e-01 1.868000e-03 3.920880e-01
436 6.056440e-01 1.952000e-03 3.924040e-01
437 6.052640e-01 1.944000e-03 3.927920e-01
438 6.049240e-01 1.996000e-03 3.930800e-01
439 6.045840e-01 2.004000e-03 3.934120e-01
440 6.042720e-01 1.952000e-03 3.937760e-01
441 6.039400e-01 1.992000e-03 3.940680e-01
442 6.036560e-01 1.972000e-03 3.943720e-01
443 6.033440e-01 1.964000e-03 3.946920e-01
444 6.030000e-01 1.992000e-03 3.950080e-01
445 6.027360e-01 1.924000e-03 3.953400e-01
446 6.024600e-01 1.892000e-03 3.956480e-01
447 6.021440e-01 1.856000e-03 3.960000e-01
448 6.018800e-01 1.760000e-03 3.963600e-01
449 6.015720e-01 1.724000e-03 3.967040e-01
450 6.012960e-01 1.732000e-03 3.969720e-01
451 6.010320e-01 1.692000e-03 3.972760e-01
452 6.007520e-01 1.680000e-03 3.975680e-01
453 6.004520e-01 1.716000e-03 3.978320e-01
454 6.002200e-01 1.676000e-03 3.981040e-01
455 5.999840e-01 1.580000e-03 3.984360e-01
456 5.997160e-01 1.592000e-03 3.986920e-01
457 5.994080e-01 1.620000e-03 3.989720e-01
458 5.990480e-01 1.688000e-03 3.992640e-01
459 5.987800e-01 1.608000e-03 3.996120e-01
460 5.985000e-01 1.636000e-03 3.998640e-01
461 5.982280e-01 1.572000e-03 4.002000e-01
462 5.979440e-01 1.588000e-03 4.004680e-01
463 5.977880e-01 1.456000e-03 4.007560e-01
464 5.976040e-01 1.364000e-03 4.010320e-01
465 5.973960e-01 1.388000e-03 4.012160e-01
466 5.971200e-01 1.408000e-03 4.014720e-01
467 5.968880e-01 1.368000e-03 4.017440e-01
468 5.966640e-01 1.328000e-03 4.020080e-01
469 5.963720e-01 1.380000e-03 4.022480e-01
470 5.961680e-01 1.404000e-03 4.024280e-01
471 5.959880e-01 1.340000e-03 4.026720e-01
472 5.957680e-01 1.352000e-03 4.028800e-01
473 5.955680e-01 1.344000e-03 4.030880e-01
474 5.953200e-01 1.336000e-03 4.033440e-01
475 5.951520e-01 1.272000e-03 4.035760e-01
476 5.949480e-01 1.240000e-03 4.038120e-01
477 5.946400e-01 1.344000e-03 4.040160e-01
478 5.943760e-01 1.380000e-03 4.042440e-01
479 5.941320e-01 1.384000e-03 4.044840e-01
480 5.938800e-01 1.392000e-03 4.047280e-01
481 5.936240e-01 1.384000e-03 4.049920e-01
482 5.933760e-01 1.396000e-03 4.052280e-01
483 5.931520e-01 1.384000e-03 4.054640e-01
484 5.929600e-01 1.312000e-03 4.057280e-01
485 5.927040e-01 1.356000e-03 4.059400e-01
486 5.924320e-01 1.384000e-03 4.061840e-01
487 5.922160e-01 1.288000e-03 4.064960e-01
488 5.920080e-01 1.228000e-03 4.067640e-01
489 5.918040e-01 1.220000e-03 4.069760e-01
490 5.915800e-01 1.244000e-03 4.071760e-01
491 5.913760e-01 1.244000e-03 4.073800e-01
492 5.911480e-01 1.268000e-03 4.075840e-01
493 5.909360e-01 1.264000e-03 4.078000e-01
494 5.906640e-01 1.332000e-03 4.080040e-01
495 5.905080e-01 1.288000e-03 4.082040e-01
496 5.903440e-01 1.216000e-03 4.084400e-01
497 5.901200e-01 1.220000e-03 4.086600e-01
498 5.899760e-01 1.136000e-03 4.088880e-01
499 5.897800e-01 1.140000e-03 4.090800e-01
500 5.895400e-01 1.180000e-03 4.092800e-01
