1 9.992520e-01 6.560000e-04 9.200000e-05
2 9.987680e-01 9.720000e-04 2.600000e-04
3 9.982600e-01 1.264000e-03 4.760000e-04
4 9.975760e-01 1.688000e-03 7.360000e-04
5 9.968480e-01 2.132000e-03 1.020000e-03
6 9.961640e-01 2.488000e-03 1.348000e-03
7 9.953160e-01 2.932000e-03 1.752000e-03
8 9.943720e-01 3.336000e-03 2.292000e-03
9 9.933440e-01 3.800000e-03 2.856000e-03
10 9.923920e-01 4.084000e-03 3.524000e-03
11 9.913560e-01 4.368000e-03 4.276000e-03
12 9.903400e-01 4.672000e-03 4.988000e-03
13 9.892680e-01 4.960000e-03 5.772000e-03
14 9.881000e-01 5.304000e-03 6.596000e-03
15 9.869920e-01 5.480000e-03 7.528000e-03
16 9.858760e-01 5.584000e-03 8.540000e-03
17 9.846280e-01 5.868000e-03 9.504000e-03
18 9.834080e-01 6.128000e-03 1.046400e-02
19 9.822320e-01 6.216000e-03 1.155200e-02
20 9.809720e-01 6.324000e-03 1.270400e-02
21 9.797400e-01 6.340000e-03 1.392000e-02
22 9.785400e-01 6.428000e-03 1.503200e-02
23 9.772080e-01 6.600000e-03 1.619200e-02
24 9.759120e-01 6.736000e-03 1.735200e-02
25 9.744680e-01 7.048000e-03 1.848400e-02
26 9.729880e-01 7.356000e-03 1.965600e-02
27 9.716080e-01 7.304000e-03 2.108800e-02
28 9.700880e-01 7.528000e-03 2.238400e-02
29 9.687880e-01 7.388000e-03 2.382400e-02
30 9.674080e-01 7.464000e-03 2.512800e-02
31 9.659080e-01 7.800000e-03 2.629200e-02
32 9.641760e-01 8.336000e-03 2.748800e-02
33 9.624040e-01 8.772000e-03 2.882400e-02
34 9.608040e-01 8.936000e-03 3.026000e-02
35 9.591840e-01 8.992000e-03 3.182400e-02
36 9.574040e-01 9.164000e-03 3.343200e-02
37 9.554080e-01 9.596000e-03 3.499600e-02
38 9.536280e-01 9.556000e-03 3.681600e-02
39 9.517520e-01 9.796000e-03 3.845200e-02
40 9.498680e-01 9.864000e-03 4.026800e-02
41 9.482560e-01 9.744000e-03 4.200000e-02
42 9.463560e-01 9.948000e-03 4.369600e-02
43 9.446360e-01 9.944000e-03 4.542000e-02
44 9.429720e-01 9.928000e-03 4.710000e-02
45 9.413160e-01 9.880000e-03 4.880400e-02
46 9.397680e-01 9.620000e-03 5.061200e-02
47 9.381160e-01 9.616000e-03 5.226800e-02
48 9.366200e-01 9.344000e-03 5.403600e-02
49 9.351160e-01 9.256000e-03 5.562800e-02
50 9.334320e-01 9.388000e-03 5.718000e-02
51 9.318880e-01 9.336000e-03 5.877600e-02
52 9.301320e-01 9.556000e-03 6.031200e-02
53 9.283440e-01 9.628000e-03 6.202800e-02
54 9.266480e-01 9.704000e-03 6.364800e-02
55 9.248160e-01 9.896000e-03 6.528800e-02
56 9.229160e-01 1.001600e-02 6.706800e-02
57 9.211040e-01 1.010400e-02 6.879200e-02
58 9.193360e-01 1.020000e-02 7.046400e-02
59 9.174960e-01 1.011200e-02 7.239200e-02
60 9.157720e-01 9.948000e-03 7.428000e-02
61 9.139040e-01 1.016800e-02 7.592800e-02
62 9.117760e-01 1.048800e-02 7.773600e-02
63 9.097680e-01 1.073200e-02 7.950000e-02
64 9.078240e-01 1.094800e-02 8.122800e-02
65 9.057920e-01 1.117200e-02 8.303600e-02
66 9.039880e-01 1.096800e-02 8.504400e-02
67 9.021960e-01 1.088800e-02 8.691600e-02
68 9.001640e-01 1.100000e-02 8.883600e-02
69 8.982040e-01 1.110000e-02 9.069600e-02
70 8.962080e-01 1.119200e-02 9.260000e-02
71 8.941400e-01 1.134800e-02 9.451200e-02
72 8.922840e-01 1.120000e-02 9.651600e-02
73 8.904000e-01 1.109600e-02 9.850400e-02
74 8.885520e-01 1.092000e-02 1.005280e-01
75 8.867480e-01 1.081600e-02 1.024360e-01
76 8.847400e-01 1.102800e-02 1.042320e-01
77 8.828720e-01 1.082000e-02 1.063080e-01
78 8.810640e-01 1.065200e-02 1.082840e-01
79 8.792800e-01 1.049600e-02 1.102240e-01
80 8.774200e-01 1.046400e-02 1.121160e-01
81 8.756000e-01 1.042000e-02 1.139800e-01
82 8.739280e-01 1.031200e-02 1.157600e-01
83 8.719360e-01 1.054800e-02 1.175160e-01
84 8.701360e-01 1.046000e-02 1.194040e-01
85 8.683800e-01 1.035600e-02 1.212640e-01
86 8.665480e-01 1.048400e-02 1.229680e-01
87 8.649520e-01 1.020000e-02 1.248480e-01
88 8.632200e-01 1.022800e-02 1.265520e-01
89 8.615320e-01 1.022800e-02 1.282400e-01
90 8.598840e-01 9.900000e-03 1.302160e-01
91 8.581280e-01 1.004400e-02 1.318280e-01
92 8.563840e-01 9.948000e-03 1.336680e-01
93 8.547080e-01 9.840000e-03 1.354520e-01
94 8.530960e-01 9.720000e-03 1.371840e-01
95 8.514160e-01 9.748000e-03 1.388360e-01
96 8.496320e-01 9.872000e-03 1.404960e-01
97 8.480200e-01 9.776000e-03 1.422040e-01
98 8.462960e-01 9.760000e-03 1.439440e-01
99 8.445040e-01 9.820000e-03 1.456760e-01
100 8.428080e-01 9.772000e-03 1.474200e-01
101 8.411640e-01 9.696000e-03 1.491400e-01
102 8.395800e-01 9.576000e-03 1.508440e-01
103 8.379560e-01 9.620000e-03 1.524240e-01
104 8.363600e-01 9.396000e-03 1.542440e-01
105 8.347640e-01 9.492000e-03 1.557440e-01
106 8.332600e-01 9.304000e-03 1.574360e-01
107 8.318120e-01 9.068000e-03 1.591200e-01
108 8.303160e-01 8.828000e-03 1.608560e-01
109 8.288200e-01 8.720000e-03 1.624600e-01
110 8.273600e-01 8.564000e-03 1.640760e-01
111 8.256760e-01 8.800000e-03 1.655240e-01
112 8.243880e-01 8.584000e-03 1.670280e-01
113 8.229000e-01 8.584000e-03 1.685160e-01
114 8.215920e-01 8.388000e-03 1.700200e-01
115 8.203480e-01 8.144000e-03 1.715080e-01
116 8.192120e-01 7.812000e-03 1.729760e-01
117 8.180480e-01 7.664000e-03 1.742880e-01
118 8.167920e-01 7.508000e-03 1.757000e-01
119 8.157480e-01 7.168000e-03 1.770840e-01
120 8.146800e-01 6.960000e-03 1.783600e-01
121 8.136680e-01 6.760000e-03 1.795720e-01
122 8.125240e-01 6.784000e-03 1.806920e-01
123 8.112880e-01 6.864000e-03 1.818480e-01
124 8.100560e-01 7.004000e-03 1.829400e-01
125 8.089080e-01 6.956000e-03 1.841360e-01
126 8.076720e-01 6.908000e-03 1.854200e-01
127 8.063960e-01 7.016000e-03 1.865880e-01
128 8.051680e-01 7.052000e-03 1.877800e-01
129 8.039760e-01 6.964000e-03 1.890600e-01
130 8.027120e-01 7.008000e-03 1.902800e-01
131 8.013480e-01 7.116000e-03 1.915360e-01
132 8.000800e-01 6.920000e-03 1.930000e-01
133 7.989160e-01 6.788000e-03 1.942960e-01
134 7.977040e-01 6.952000e-03 1.953440e-01
135 7.964960e-01 6.948000e-03 1.965560e-01
136 7.953280e-01 6.920000e-03 1.977520e-01
137 7.941840e-01 6.904000e-03 1.989120e-01
138 7.929760e-01 6.864000e-03 2.001600e-01
139 7.917960e-01 6.804000e-03 2.014000e-01
140 7.907200e-01 6.760000e-03 2.025200e-01
141 7.896440e-01 6.644000e-03 2.037120e-01
142 7.886000e-01 6.544000e-03 2.048560e-01
143 7.876680e-01 6.276000e-03 2.060560e-01
144 7.865800e-01 6.232000e-03 2.071880e-01
145 7.855040e-01 6.072000e-03 2.084240e-01
146 7.845400e-01 5.816000e-03 2.096440e-01
147 7.835560e-01 5.704000e-03 2.107400e-01
148 7.825240e-01 5.704000e-03 2.117720e-01
149 7.814720e-01 5.824000e-03 2.127040e-01
150 7.804000e-01 5.824000e-03 2.137760e-01
151 7.794320e-01 5.772000e-03 2.147960e-01
152 7.784760e-01 5.820000e-03 2.157040e-01
153 7.776240e-01 5.588000e-03 2.167880e-01
154 7.764920e-01 5.820000e-03 2.176880e-01
155 7.754600e-01 5.928000e-03 2.186120e-01
156 7.745400e-01 5.792000e-03 2.196680e-01
157 7.735960e-01 5.692000e-03 2.207120e-01
158 7.726400e-01 5.640000e-03 2.217200e-01
159 7.718080e-01 5.500000e-03 2.226920e-01
160 7.708200e-01 5.416000e-03 2.237640e-01
161 7.699480e-01 5.380000e-03 2.246720e-01
162 7.689280e-01 5.504000e-03 2.255680e-01
163 7.680600e-01 5.408000e-03 2.265320e-01
164 7.672560e-01 5.300000e-03 2.274440e-01
165 7.663720e-01 5.256000e-03 2.283720e-01
166 7.653680e-01 5.304000e-03 2.293280e-01
167 7.644400e-01 5.328000e-03 2.302320e-01
168 7.634920e-01 5.376000e-03 2.311320e-01
169 7.626240e-01 5.320000e-03 2.320560e-01
170 7.617840e-01 5.220000e-03 2.329960e-01
171 7.609160e-01 5.176000e-03 2.339080e-01
172 7.601520e-01 5.052000e-03 2.347960e-01
173 7.592520e-01 5.032000e-03 2.357160e-01
174 7.584000e-01 4.896000e-03 2.367040e-01
175 7.575840e-01 4.868000e-03 2.375480e-01
176 7.568600e-01 4.800000e-03 2.383400e-01
177 7.561920e-01 4.684000e-03 2.391240e-01
178 7.555200e-01 4.648000e-03 2.398320e-01
179 7.547920e-01 4.704000e-03 2.405040e-01
180 7.540240e-01 4.640000e-03 2.413360e-01
181 7.532040e-01 4.596000e-03 2.422000e-01
182 7.525120e-01 4.484000e-03 2.430040e-01
183 7.517760e-01 4.456000e-03 2.437680e-01
184 7.510040e-01 4.456000e-03 2.445400e-01
185 7.502040e-01 4.436000e-03 2.453600e-01
186 7.494840e-01 4.456000e-03 2.460600e-01
187 7.487120e-01 4.500000e-03 2.467880e-01
188 7.479480e-01 4.464000e-03 2.475880e-01
189 7.470200e-01 4.676000e-03 2.483040e-01
190 7.462480e-01 4.684000e-03 2.490680e-01
191 7.454520e-01 4.616000e-03 2.499320e-01
192 7.446960e-01 4.572000e-03 2.507320e-01
193 7.439440e-01 4.532000e-03 2.515240e-01
194 7.431400e-01 4.532000e-03 2.523280e-01
195 7.424120e-01 4.452000e-03 2.531360e-01
196 7.416960e-01 4.488000e-03 2.538160e-01
197 7.409160e-01 4.564000e-03 2.545200e-01
198 7.401960e-01 4.556000e-03 2.552480e-01
199 7.393240e-01 4.628000e-03 2.560480e-01
200 7.386920e-01 4.468000e-03 2.568400e-01
201 7.379800e-01 4.412000e-03 2.576080e-01
202 7.372320e-01 4.428000e-03 2.583400e-01
203 7.365120e-01 4.312000e-03 2.591760e-01
204 7.358120e-01 4.324000e-03 2.598640e-01
205 7.351240e-01 4.360000e-03 2.605160e-01
206 7.344800e-01 4.228000e-03 2.612920e-01
207 7.338160e-01 4.112000e-03 2.620720e-01
208 7.331680e-01 4.024000e-03 2.628080e-01
209 7.326080e-01 3.784000e-03 2.636080e-01
210 7.319760e-01 3.860000e-03 2.641640e-01
211 7.313480e-01 3.768000e-03 2.648840e-01
212 7.308120e-01 3.640000e-03 2.655480e-01
213 7.300600e-01 3.756000e-03 2.661840e-01
214 7.294600e-01 3.728000e-03 2.668120e-01
215 7.289480e-01 3.512000e-03 2.675400e-01
216 7.284600e-01 3.304000e-03 2.682360e-01
217 7.279920e-01 3.188000e-03 2.688200e-01
218 7.274760e-01 3.188000e-03 2.693360e-01
219 7.269360e-01 3.272000e-03 2.697920e-01
220 7.263080e-01 3.236000e-03 2.704560e-01
221 7.257440e-01 3.264000e-03 2.709920e-01
222 7.253080e-01 3.156000e-03 2.715360e-01
223 7.248040e-01 3.136000e-03 2.720600e-01
224 7.242360e-01 3.172000e-03 2.725920e-01
225 7.236960e-01 3.156000e-03 2.731480e-01
226 7.231160e-01 3.200000e-03 2.736840e-01
227 7.225960e-01 3.164000e-03 2.742400e-01
228 7.220560e-01 3.104000e-03 2.748400e-01
229 7.214960e-01 3.048000e-03 2.754560e-01
230 7.210400e-01 2.976000e-03 2.759840e-01
231 7.205640e-01 2.836000e-03 2.766000e-01
232 7.201600e-01 2.716000e-03 2.771240e-01
233 7.197280e-01 2.648000e-03 2.776240e-01
234 7.192560e-01 2.664000e-03 2.780800e-01
235 7.188200e-01 2.624000e-03 2.785560e-01
236 7.183840e-01 2.652000e-03 2.789640e-01
237 7.178360e-01 2.680000e-03 2.794840e-01
238 7.174080e-01 2.676000e-03 2.799160e-01
239 7.169400e-01 2.624000e-03 2.804360e-01
240 7.164120e-01 2.700000e-03 2.808880e-01
241 7.159440e-01 2.660000e-03 2.813960e-01
242 7.153600e-01 2.792000e-03 2.818480e-01
243 7.148680e-01 2.780000e-03 2.823520e-01
244 7.144120e-01 2.768000e-03 2.828200e-01
245 7.139480e-01 2.756000e-03 2.832960e-01
246 7.134560e-01 2.728000e-03 2.838160e-01
247 7.128600e-01 2.832000e-03 2.843080e-01
248 7.123600e-01 2.772000e-03 2.848680e-01
249 7.118600e-01 2.812000e-03 2.853280e-01
250 7.113640e-01 2.712000e-03 2.859240e-01
251 7.108760e-01 2.664000e-03 2.864600e-01
252 7.104080e-01 2.724000e-03 2.868680e-01
253 7.099520e-01 2.732000e-03 2.873160e-01
254 7.094200e-01 2.816000e-03 2.877640e-01
255 7.089760e-01 2.724000e-03 2.883000e-01
256 7.084640e-01 2.664000e-03 2.888720e-01
257 7.080000e-01 2.604000e-03 2.893960e-01
258 7.075360e-01 2.560000e-03 2.899040e-01
259 7.070160e-01 2.668000e-03 2.903160e-01
260 7.065800e-01 2.676000e-03 2.907440e-01
261 7.060280e-01 2.812000e-03 2.911600e-01
262 7.054960e-01 2.784000e-03 2.917200e-01
263 7.049680e-01 2.832000e-03 2.922000e-01
264 7.045440e-01 2.780000e-03 2.926760e-01
265 7.040560e-01 2.860000e-03 2.930840e-01
266 7.036000e-01 2.848000e-03 2.935520e-01
267 7.031200e-01 2.880000e-03 2.940000e-01
268 7.026680e-01 2.792000e-03 2.945400e-01
269 7.021760e-01 2.736000e-03 2.950880e-01
270 7.018480e-01 2.588000e-03 2.955640e-01
271 7.014760e-01 2.432000e-03 2.960920e-01
272 7.011160e-01 2.392000e-03 2.964920e-01
273 7.007520e-01 2.320000e-03 2.969280e-01
274 7.003440e-01 2.308000e-03 2.973480e-01
275 6.999280e-01 2.312000e-03 2.977600e-01
276 6.995000e-01 2.344000e-03 2.981560e-01
277 6.990000e-01 2.428000e-03 2.985720e-01
278 6.985560e-01 2.488000e-03 2.989560e-01
279 6.979840e-01 2.608000e-03 2.994080e-01
280 6.975680e-01 2.588000e-03 2.998440e-01
281 6.970920e-01 2.680000e-03 3.002280e-01
282 6.965720e-01 2.764000e-03 3.006640e-01
283 6.961200e-01 2.720000e-03 3.011600e-01
284 6.956360e-01 2.712000e-03 3.016520e-01
285 6.951560e-01 2.716000e-03 3.021280e-01
286 6.947880e-01 2.592000e-03 3.026200e-01
287 6.942600e-01 2.684000e-03 3.030560e-01
288 6.938040e-01 2.628000e-03 3.035680e-01
289 6.933280e-01 2.632000e-03 3.040400e-01
290 6.928840e-01 2.720000e-03 3.043960e-01
291 6.924120e-01 2.716000e-03 3.048720e-01
292 6.920480e-01 2.640000e-03 3.053120e-01
293 6.915920e-01 2.676000e-03 3.057320e-01
294 6.911480e-01 2.616000e-03 3.062360e-01
295 6.907600e-01 2.560000e-03 3.066800e-01
296 6.903800e-01 2.548000e-03 3.070720e-01
297 6.898560e-01 2.600000e-03 3.075440e-01
298 6.893840e-01 2.604000e-03 3.080120e-01
299 6.888920e-01 2.652000e-03 3.084560e-01
300 6.884440e-01 2.620000e-03 3.089360e-01
301 6.880920e-01 2.580000e-03 3.093280e-01
302 6.876200e-01 2.580000e-03 3.098000e-01
303 6.871800e-01 2.592000e-03 3.102280e-01
304 6.865880e-01 2.776000e-03 3.106360e-01
305 6.859760e-01 2.916000e-03 3.111080e-01
306 6.854040e-01 2.980000e-03 3.116160e-01
307 6.848520e-01 3.012000e-03 3.121360e-01
308 6.842000e-01 3.144000e-03 3.126560e-01
309 6.836880e-01 3.220000e-03 3.130920e-01
310 6.831120e-01 3.232000e-03 3.136560e-01
311 6.826000e-01 3.124000e-03 3.142760e-01
312 6.820680e-01 3.092000e-03 3.148400e-01
313 6.815000e-01 3.076000e-03 3.154240e-01
314 6.809680e-01 3.060000e-03 3.159720e-01
315 6.805680e-01 2.884000e-03 3.165480e-01
316 6.801400e-01 2.772000e-03 3.170880e-01
317 6.796600e-01 2.708000e-03 3.176320e-01
318 6.792160e-01 2.684000e-03 3.181000e-01
319 6.788640e-01 2.536000e-03 3.186000e-01
320 6.785120e-01 2.440000e-03 3.190480e-01
321 6.781560e-01 2.452000e-03 3.193920e-01
322 6.778200e-01 2.332000e-03 3.198480e-01
323 6.774240e-01 2.284000e-03 3.202920e-01
324 6.770280e-01 2.260000e-03 3.207120e-01
325 6.766440e-01 2.252000e-03 3.211040e-01
326 6.763320e-01 2.188000e-03 3.214800e-01
327 6.759120e-01 2.296000e-03 3.217920e-01
328 6.755280e-01 2.300000e-03 3.221720e-01
329 6.751600e-01 2.276000e-03 3.225640e-01
330 6.748080e-01 2.180000e-03 3.230120e-01
331 6.743640e-01 2.184000e-03 3.234520e-01
332 6.740000e-01 2.232000e-03 3.237680e-01
333 6.736040e-01 2.224000e-03 3.241720e-01
334 6.731960e-01 2.216000e-03 3.245880e-01
335 6.728400e-01 2.256000e-03 3.249040e-01
336 6.724000e-01 2.280000e-03 3.253200e-01
337 6.720080e-01 2.240000e-03 3.257520e-01
338 6.716760e-01 2.136000e-03 3.261880e-01
339 6.713280e-01 2.060000e-03 3.266120e-01
340 6.709160e-01 2.092000e-03 3.269920e-01
341 6.705600e-01 2.072000e-03 3.273680e-01
342 6.702400e-01 2.028000e-03 3.277320e-01
343 6.698960e-01 2.016000e-03 3.280880e-01
344 6.694760e-01 2.048000e-03 3.284760e-01
345 6.691280e-01 2.036000e-03 3.288360e-01
346 6.687480e-01 2.092000e-03 3.291600e-01
347 6.683680e-01 2.176000e-03 3.294560e-01
348 6.679520e-01 2.244000e-03 3.298040e-01
349 6.675160e-01 2.252000e-03 3.302320e-01
350 6.671200e-01 2.268000e-03 3.306120e-01
351 6.667640e-01 2.292000e-03 3.309440e-01
352 6.663040e-01 2.312000e-03 3.313840e-01
353 6.658520e-01 2.388000e-03 3.317600e-01
354 6.653760e-01 2.412000e-03 3.322120e-01
355 6.649600e-01 2.392000e-03 3.326480e-01
356 6.646360e-01 2.288000e-03 3.330760e-01
357 6.642280e-01 2.224000e-03 3.335480e-01
358 6.638040e-01 2.296000e-03 3.339000e-01
359 6.634320e-01 2.320000e-03 3.342480e-01
360 6.631000e-01 2.240000e-03 3.346600e-01
361 6.627840e-01 2.180000e-03 3.350360e-01
362 6.624800e-01 2.096000e-03 3.354240e-01
363 6.621440e-01 2.060000e-03 3.357960e-01
364 6.617760e-01 2.088000e-03 3.361360e-01
365 6.614800e-01 2.068000e-03 3.364520e-01
366 6.611800e-01 2.080000e-03 3.367400e-01
367 6.609320e-01 2.012000e-03 3.370560e-01
368 6.606360e-01 1.948000e-03 3.374160e-01
369 6.602880e-01 1.968000e-03 3.377440e-01
370 6.599600e-01 1.968000e-03 3.380720e-01
371 6.596520e-01 1.924000e-03 3.384240e-01
372 6.593480e-01 1.884000e-03 3.387680e-01
373 6.590480e-01 1.880000e-03 3.390720e-01
374 6.587400e-01 1.844000e-03 3.394160e-01
375 6.583600e-01 1.936000e-03 3.397040e-01
376 6.579840e-01 2.004000e-03 3.400120e-01
377 6.576880e-01 1.996000e-03 3.403160e-01
378 6.573880e-01 1.972000e-03 3.406400e-01
379 6.570640e-01 1.980000e-03 3.409560e-01
380 6.568120e-01 1.964000e-03 3.412240e-01
381 6.565200e-01 1.932000e-03 3.415480e-01
382 6.561640e-01 1.952000e-03 3.418840e-01
383 6.558560e-01 1.916000e-03 3.422280e-01
384 6.554760e-01 1.912000e-03 3.426120e-01
385 6.551600e-01 1.884000e-03 3.429560e-01
386 6.548120e-01 1.912000e-03 3.432760e-01
387 6.544440e-01 1.940000e-03 3.436160e-01
388 6.540560e-01 2.024000e-03 3.439200e-01
389 6.536880e-01 2.020000e-03 3.442920e-01
390 6.533080e-01 2.028000e-03 3.446640e-01
391 6.529760e-01 1.980000e-03 3.450440e-01
392 6.527280e-01 1.872000e-03 3.454000e-01
393 6.524080e-01 1.880000e-03 3.457120e-01
394 6.520920e-01 1.836000e-03 3.460720e-01
395 6.517680e-01 1.912000e-03 3.463200e-01
396 6.514920e-01 1.860000e-03 3.466480e-01
397 6.512800e-01 1.772000e-03 3.469480e-01
398 6.510240e-01 1.720000e-03 3.472560e-01
399 6.507440e-01 1.744000e-03 3.475120e-01
400 6.504920e-01 1.672000e-03 3.478360e-01
401 6.502560e-01 1.628000e-03 3.481160e-01
402 6.500360e-01 1.540000e-03 3.484240e-01
403 6.497880e-01 1.540000e-03 3.486720e-01
404 6.495960e-01 1.456000e-03 3.489480e-01
405 6.493680e-01 1.456000e-03 3.491760e-01
406 6.491440e-01 1.472000e-03 3.493840e-01
407 6.489160e-01 1.484000e-03 3.496000e-01
408 6.486200e-01 1.524000e-03 3.498560e-01
409 6.483800e-01 1.468000e-03 3.501520e-01
410 6.482360e-01 1.312000e-03 3.504520e-01
411 6.480680e-01 1.268000e-03 3.506640e-01
412 6.478520e-01 1.284000e-03 3.508640e-01
413 6.475400e-01 1.312000e-03 3.511480e-01
414 6.472440e-01 1.364000e-03 3.513920e-01
415 6.470160e-01 1.352000e-03 3.516320e-01
416 6.467800e-01 1.324000e-03 3.518960e-01
417 6.465520e-01 1.284000e-03 3.521640e-01
418 6.463720e-01 1.252000e-03 3.523760e-01
419 6.461760e-01 1.192000e-03 3.526320e-01
420 6.459680e-01 1.240000e-03 3.527920e-01
421 6.458120e-01 1.188000e-03 3.530000e-01
422 6.456280e-01 1.172000e-03 3.532000e-01
423 6.454400e-01 1.136000e-03 3.534240e-01
424 6.452360e-01 1.172000e-03 3.535920e-01
425 6.450400e-01 1.184000e-03 3.537760e-01
426 6.448600e-01 1.148000e-03 3.539920e-01
427 6.447120e-01 1.132000e-03 3.541560e-01
428 6.445160e-01 1.124000e-03 3.543600e-01
429 6.443040e-01 1.152000e-03 3.545440e-01
430 6.440520e-01 1.244000e-03 3.547040e-01
431 6.437800e-01 1.336000e-03 3.548840e-01
432 6.435720e-01 1.320000e-03 3.551080e-01
433 6.433680e-01 1.300000e-03 3.553320e-01
434 6.432280e-01 1.216000e-03 3.555560e-01
435 6.430800e-01 1.180000e-03 3.557400e-01
436 6.429400e-01 1.136000e-03 3.559240e-01
437 6.427520e-01 1.092000e-03 3.561560e-01
438 6.425880e-01 1.036000e-03 3.563760e-01
439 6.423960e-01 1.016000e-03 3.565880e-01
440 6.422480e-01 9.360000e-04 3.568160e-01
441 6.421200e-01 8.160000e-04 3.570640e-01
442 6.419480e-01 8.760000e-04 3.571760e-01
443 6.418120e-01 8.280000e-04 3.573600e-01
444 6.416520e-01 8.240000e-04 3.575240e-01
445 6.414840e-01 8.640000e-04 3.576520e-01
446 6.413480e-01 8.360000e-04 3.578160e-01
447 6.412360e-01 8.200000e-04 3.579440e-01
448 6.411360e-01 7.760000e-04 3.580880e-01
449 6.409640e-01 8.120000e-04 3.582240e-01
450 6.409000e-01 7.640000e-04 3.583360e-01
451 6.407920e-01 7.480000e-04 3.584600e-01
452 6.406800e-01 7.440000e-04 3.585760e-01
453 6.405440e-01 7.240000e-04 3.587320e-01
454 6.404120e-01 6.960000e-04 3.588920e-01
455 6.402720e-01 7.240000e-04 3.590040e-01
456 6.401360e-01 7.360000e-04 3.591280e-01
457 6.400440e-01 7.040000e-04 3.592520e-01
458 6.399440e-01 6.760000e-04 3.593800e-01
459 6.398360e-01 6.520000e-04 3.595120e-01
460 6.397360e-01 6.520000e-04 3.596120e-01
461 6.396240e-01 6.640000e-04 3.597120e-01
462 6.395120e-01 6.520000e-04 3.598360e-01
463 6.393800e-01 6.800000e-04 3.599400e-01
464 6.392320e-01 6.920000e-04 3.600760e-01
465 6.391640e-01 6.480000e-04 3.601880e-01
466 6.390800e-01 5.840000e-04 3.603360e-01
467 6.389920e-01 5.760000e-04 3.604320e-01
468 6.388800e-01 5.960000e-04 3.605240e-01
469 6.387600e-01 6.000000e-04 3.606400e-01
470 6.386640e-01 6.040000e-04 3.607320e-01
471 6.385280e-01 6.440000e-04 3.608280e-01
472 6.384160e-01 6.160000e-04 3.609680e-01
473 6.383480e-01 5.560000e-04 3.610960e-01
474 6.381960e-01 6.160000e-04 3.611880e-01
475 6.381040e-01 6.080000e-04 3.612880e-01
476 6.379840e-01 6.200000e-04 3.613960e-01
477 6.378280e-01 6.520000e-04 3.615200e-01
478 6.376960e-01 6.920000e-04 3.616120e-01
479 6.375800e-01 6.600000e-04 3.617600e-01
480 6.374280e-01 6.640000e-04 3.619080e-01
481 6.372840e-01 7.200000e-04 3.619960e-01
482 6.371240e-01 7.600000e-04 3.621160e-01
483 6.369880e-01 7.640000e-04 3.622480e-01
484 6.368640e-01 7.240000e-04 3.624120e-01
485 6.367560e-01 7.160000e-04 3.625280e-01
486 6.366280e-01 7.000000e-04 3.626720e-01
487 6.364840e-01 7.280000e-04 3.627880e-01
488 6.364080e-01 7.080000e-04 3.628840e-01
489 6.362920e-01 7.120000e-04 3.629960e-01
490 6.361960e-01 6.920000e-04 3.631120e-01
491 6.361200e-01 6.280000e-04 3.632520e-01
492 6.360440e-01 5.760000e-04 3.633800e-01
493 6.359600e-01 5.600000e-04 3.634800e-01
494 6.358400e-01 6.120000e-04 3.635480e-01
495 6.357160e-01 6.360000e-04 3.636480e-01
496 6.356440e-01 6.080000e-04 3.637480e-01
497 6.355400e-01 6.320000e-04 3.638280e-01
498 6.354480e-01 6.120000e-04 3.639400e-01
499 6.353400e-01 6.200000e-04 3.640400e-01
500 6.352280e-01 6.360000e-04 3.641360e-01
