1 9.992880e-01 6.200000e-04 9.200000e-05
2 9.987800e-01 1.012000e-03 2.080000e-04
3 9.980800e-01 1.476000e-03 4.440000e-04
4 9.972920e-01 1.948000e-03 7.600000e-04
5 9.963920e-01 2.456000e-03 1.152000e-03
6 9.954280e-01 2.956000e-03 1.616000e-03
7 9.945040e-01 3.340000e-03 2.156000e-03
8 9.933960e-01 3.844000e-03 2.760000e-03
9 9.922320e-01 4.304000e-03 3.464000e-03
10 9.909920e-01 4.752000e-03 4.256000e-03
11 9.899080e-01 5.060000e-03 5.032000e-03
12 9.887160e-01 5.356000e-03 5.928000e-03
13 9.875960e-01 5.500000e-03 6.904000e-03
14 9.864280e-01 5.608000e-03 7.964000e-03
15 9.852720e-01 5.788000e-03 8.940000e-03
16 9.839600e-01 6.084000e-03 9.956000e-03
17 9.827640e-01 6.188000e-03 1.104800e-02
18 9.814720e-01 6.244000e-03 1.228400e-02
19 9.803320e-01 6.348000e-03 1.332000e-02
20 9.791360e-01 6.436000e-03 1.442800e-02
21 9.778400e-01 6.612000e-03 1.554800e-02
22 9.764160e-01 6.912000e-03 1.667200e-02
23 9.750600e-01 6.988000e-03 1.795200e-02
24 9.735480e-01 7.236000e-03 1.921600e-02
25 9.721280e-01 7.388000e-03 2.048400e-02
26 9.706040e-01 7.604000e-03 2.179200e-02
27 9.691240e-01 7.760000e-03 2.311600e-02
28 9.676400e-01 7.868000e-03 2.449200e-02
29 9.662360e-01 8.036000e-03 2.572800e-02
30 9.647120e-01 8.224000e-03 2.706400e-02
31 9.633240e-01 8.204000e-03 2.847200e-02
32 9.617960e-01 8.328000e-03 2.987600e-02
33 9.604320e-01 8.208000e-03 3.136000e-02
34 9.590480e-01 8.172000e-03 3.278000e-02
35 9.576240e-01 8.148000e-03 3.422800e-02
36 9.561880e-01 8.208000e-03 3.560400e-02
37 9.545240e-01 8.516000e-03 3.696000e-02
38 9.529400e-01 8.508000e-03 3.855200e-02
39 9.513560e-01 8.556000e-03 4.008800e-02
40 9.497840e-01 8.604000e-03 4.161200e-02
41 9.483000e-01 8.504000e-03 4.319600e-02
42 9.468320e-01 8.400000e-03 4.476800e-02
43 9.451680e-01 8.644000e-03 4.618800e-02
44 9.435760e-01 8.652000e-03 4.777200e-02
45 9.420000e-01 8.764000e-03 4.923600e-02
46 9.405160e-01 8.668000e-03 5.081600e-02
47 9.389360e-01 8.672000e-03 5.239200e-02
48 9.374040e-01 8.644000e-03 5.395200e-02
49 9.356720e-01 8.884000e-03 5.544400e-02
50 9.341680e-01 8.912000e-03 5.692000e-02
51 9.327600e-01 8.816000e-03 5.842400e-02
52 9.312960e-01 8.688000e-03 6.001600e-02
53 9.298760e-01 8.588000e-03 6.153600e-02
54 9.284880e-01 8.536000e-03 6.297600e-02
55 9.269320e-01 8.588000e-03 6.448000e-02
56 9.253400e-01 8.788000e-03 6.587200e-02
57 9.237480e-01 8.872000e-03 6.738000e-02
58 9.223240e-01 8.752000e-03 6.892400e-02
59 9.208680e-01 8.800000e-03 7.033200e-02
60 9.191680e-01 9.036000e-03 7.179600e-02
61 9.175840e-01 9.088000e-03 7.332800e-02
62 9.161320e-01 8.876000e-03 7.499200e-02
63 9.145640e-01 8.740000e-03 7.669600e-02
64 9.130440e-01 8.672000e-03 7.828400e-02
65 9.115880e-01 8.592000e-03 7.982000e-02
66 9.101320e-01 8.608000e-03 8.126000e-02
67 9.087120e-01 8.572000e-03 8.271600e-02
68 9.072280e-01 8.584000e-03 8.418800e-02
69 9.055000e-01 8.800000e-03 8.570000e-02
70 9.039440e-01 8.748000e-03 8.730800e-02
71 9.023120e-01 8.708000e-03 8.898000e-02
72 9.007920e-01 8.644000e-03 9.056400e-02
73 8.992000e-01 8.812000e-03 9.198800e-02
74 8.975360e-01 8.884000e-03 9.358000e-02
75 8.960040e-01 8.820000e-03 9.517600e-02
76 8.942520e-01 9.148000e-03 9.660000e-02
77 8.927240e-01 8.984000e-03 9.829200e-02
78 8.909760e-01 9.188000e-03 9.983600e-02
79 8.893000e-01 9.192000e-03 1.015080e-01
80 8.877840e-01 8.992000e-03 1.032240e-01
81 8.859560e-01 9.228000e-03 1.048160e-01
82 8.841360e-01 9.408000e-03 1.064560e-01
83 8.822880e-01 9.584000e-03 1.081280e-01
84 8.806800e-01 9.380000e-03 1.099400e-01
85 8.789400e-01 9.396000e-03 1.116640e-01
86 8.772400e-01 9.452000e-03 1.133080e-01
87 8.757200e-01 9.228000e-03 1.150520e-01
88 8.740280e-01 9.380000e-03 1.165920e-01
89 8.723600e-01 9.436000e-03 1.182040e-01
90 8.706400e-01 9.452000e-03 1.199080e-01
91 8.690440e-01 9.480000e-03 1.214760e-01
92 8.672040e-01 9.828000e-03 1.229680e-01
93 8.655120e-01 9.760000e-03 1.247280e-01
94 8.637880e-01 9.880000e-03 1.263320e-01
95 8.621840e-01 9.740000e-03 1.280760e-01
96 8.606120e-01 9.596000e-03 1.297920e-01
97 8.590960e-01 9.512000e-03 1.313920e-01
98 8.575840e-01 9.324000e-03 1.330920e-01
99 8.558760e-01 9.328000e-03 1.347960e-01
100 8.542200e-01 9.444000e-03 1.363360e-01
101 8.527840e-01 9.208000e-03 1.380080e-01
102 8.510400e-01 9.280000e-03 1.396800e-01
103 8.493880e-01 9.232000e-03 1.413800e-01
104 8.477280e-01 9.360000e-03 1.429120e-01
105 8.461320e-01 9.304000e-03 1.445640e-01
106 8.445800e-01 9.260000e-03 1.461600e-01
107 8.429840e-01 9.240000e-03 1.477760e-01
108 8.412120e-01 9.392000e-03 1.493960e-01
109 8.395360e-01 9.468000e-03 1.509960e-01
110 8.379440e-01 9.436000e-03 1.526200e-01
111 8.363640e-01 9.312000e-03 1.543240e-01
112 8.348360e-01 9.156000e-03 1.560080e-01
113 8.330640e-01 9.272000e-03 1.576640e-01
114 8.314000e-01 9.428000e-03 1.591720e-01
115 8.298440e-01 9.316000e-03 1.608400e-01
116 8.280840e-01 9.412000e-03 1.625040e-01
117 8.263640e-01 9.476000e-03 1.641600e-01
118 8.245480e-01 9.656000e-03 1.657960e-01
119 8.228640e-01 9.744000e-03 1.673920e-01
120 8.210920e-01 9.824000e-03 1.690840e-01
121 8.193000e-01 9.884000e-03 1.708160e-01
122 8.174520e-01 9.972000e-03 1.725760e-01
123 8.157320e-01 9.864000e-03 1.744040e-01
124 8.140880e-01 9.708000e-03 1.762040e-01
125 8.123160e-01 9.832000e-03 1.778520e-01
126 8.107400e-01 9.688000e-03 1.795720e-01
127 8.092040e-01 9.600000e-03 1.811960e-01
128 8.076400e-01 9.400000e-03 1.829600e-01
129 8.062520e-01 9.088000e-03 1.846600e-01
130 8.047840e-01 9.012000e-03 1.862040e-01
131 8.031320e-01 9.068000e-03 1.878000e-01
132 8.016200e-01 9.124000e-03 1.892560e-01
133 8.000120e-01 9.200000e-03 1.907880e-01
134 7.983320e-01 9.304000e-03 1.923640e-01
135 7.966040e-01 9.472000e-03 1.939240e-01
136 7.948640e-01 9.372000e-03 1.957640e-01
137 7.932680e-01 9.296000e-03 1.974360e-01
138 7.917960e-01 9.088000e-03 1.991160e-01
139 7.901520e-01 9.108000e-03 2.007400e-01
140 7.886000e-01 9.080000e-03 2.023200e-01
141 7.871240e-01 9.016000e-03 2.038600e-01
142 7.854760e-01 9.108000e-03 2.054160e-01
143 7.839120e-01 9.056000e-03 2.070320e-01
144 7.822680e-01 9.176000e-03 2.085560e-01
145 7.808160e-01 9.148000e-03 2.100360e-01
146 7.792560e-01 9.080000e-03 2.116640e-01
147 7.776520e-01 9.104000e-03 2.132440e-01
148 7.761040e-01 9.160000e-03 2.147360e-01
149 7.747360e-01 8.964000e-03 2.163000e-01
150 7.731760e-01 8.980000e-03 2.178440e-01
151 7.716320e-01 9.080000e-03 2.192880e-01
152 7.702160e-01 8.912000e-03 2.208720e-01
153 7.687000e-01 9.004000e-03 2.222960e-01
154 7.672120e-01 8.916000e-03 2.238720e-01
155 7.656320e-01 8.936000e-03 2.254320e-01
156 7.641640e-01 8.920000e-03 2.269160e-01
157 7.625160e-01 8.888000e-03 2.285960e-01
158 7.611480e-01 8.748000e-03 2.301040e-01
159 7.597840e-01 8.676000e-03 2.315400e-01
160 7.583640e-01 8.616000e-03 2.330200e-01
161 7.569040e-01 8.608000e-03 2.344880e-01
162 7.554280e-01 8.428000e-03 2.361440e-01
163 7.540480e-01 8.332000e-03 2.376200e-01
164 7.528000e-01 8.204000e-03 2.389960e-01
165 7.515960e-01 8.096000e-03 2.403080e-01
166 7.503560e-01 7.912000e-03 2.417320e-01
167 7.491240e-01 7.788000e-03 2.430880e-01
168 7.477640e-01 7.908000e-03 2.443280e-01
169 7.464520e-01 7.912000e-03 2.456360e-01
170 7.451800e-01 7.752000e-03 2.470680e-01
171 7.440440e-01 7.460000e-03 2.484960e-01
172 7.427400e-01 7.456000e-03 2.498040e-01
173 7.413560e-01 7.648000e-03 2.509960e-01
174 7.400720e-01 7.520000e-03 2.524080e-01
175 7.388000e-01 7.440000e-03 2.537600e-01
176 7.375280e-01 7.436000e-03 2.550360e-01
177 7.364600e-01 7.284000e-03 2.562560e-01
178 7.353160e-01 7.232000e-03 2.574520e-01
179 7.340320e-01 7.212000e-03 2.587560e-01
180 7.327160e-01 7.224000e-03 2.600600e-01
181 7.316360e-01 7.152000e-03 2.612120e-01
182 7.303640e-01 7.108000e-03 2.625280e-01
183 7.293040e-01 6.844000e-03 2.638520e-01
184 7.281400e-01 6.856000e-03 2.650040e-01
185 7.269600e-01 6.772000e-03 2.662680e-01
186 7.258840e-01 6.592000e-03 2.675240e-01
187 7.248560e-01 6.484000e-03 2.686600e-01
188 7.238920e-01 6.264000e-03 2.698440e-01
189 7.228400e-01 6.180000e-03 2.709800e-01
190 7.217920e-01 6.196000e-03 2.720120e-01
191 7.208720e-01 6.124000e-03 2.730040e-01
192 7.198880e-01 6.048000e-03 2.740640e-01
193 7.189840e-01 5.884000e-03 2.751320e-01
194 7.180320e-01 5.756000e-03 2.762120e-01
195 7.170240e-01 5.796000e-03 2.771800e-01
196 7.159360e-01 5.828000e-03 2.782360e-01
197 7.149680e-01 5.724000e-03 2.793080e-01
198 7.140120e-01 5.744000e-03 2.802440e-01
199 7.129800e-01 5.784000e-03 2.812360e-01
200 7.120200e-01 5.728000e-03 2.822520e-01
201 7.111240e-01 5.652000e-03 2.832240e-01
202 7.100680e-01 5.696000e-03 2.842360e-01
203 7.090120e-01 5.904000e-03 2.850840e-01
204 7.079880e-01 5.876000e-03 2.861360e-01
205 7.070360e-01 5.776000e-03 2.871880e-01
206 7.062200e-01 5.556000e-03 2.882240e-01
207 7.053080e-01 5.484000e-03 2.892080e-01
208 7.044400e-01 5.432000e-03 2.901280e-01
209 7.036360e-01 5.348000e-03 2.910160e-01
210 7.026120e-01 5.448000e-03 2.919400e-01
211 7.016960e-01 5.400000e-03 2.929040e-01
212 7.008400e-01 5.288000e-03 2.938720e-01
213 7.000680e-01 5.204000e-03 2.947280e-01
214 6.991520e-01 5.176000e-03 2.956720e-01
215 6.983760e-01 5.032000e-03 2.965920e-01
216 6.974520e-01 5.040000e-03 2.975080e-01
217 6.966280e-01 4.900000e-03 2.984720e-01
218 6.959600e-01 4.728000e-03 2.993120e-01
219 6.952440e-01 4.588000e-03 3.001680e-01
220 6.945800e-01 4.444000e-03 3.009760e-01
221 6.938800e-01 4.340000e-03 3.017800e-01
222 6.931120e-01 4.284000e-03 3.026040e-01
223 6.923760e-01 4.304000e-03 3.033200e-01
224 6.915960e-01 4.360000e-03 3.040440e-01
225 6.909040e-01 4.304000e-03 3.047920e-01
226 6.900600e-01 4.376000e-03 3.055640e-01
227 6.892480e-01 4.372000e-03 3.063800e-01
228 6.882640e-01 4.612000e-03 3.071240e-01
229 6.873120e-01 4.716000e-03 3.079720e-01
230 6.864240e-01 4.716000e-03 3.088600e-01
231 6.856320e-01 4.712000e-03 3.096560e-01
232 6.847080e-01 4.864000e-03 3.104280e-01
233 6.836960e-01 5.004000e-03 3.113000e-01
234 6.828640e-01 5.088000e-03 3.120480e-01
235 6.820040e-01 5.044000e-03 3.129520e-01
236 6.811840e-01 5.000000e-03 3.138160e-01
237 6.803760e-01 4.916000e-03 3.147080e-01
238 6.796080e-01 4.804000e-03 3.155880e-01
239 6.786600e-01 4.888000e-03 3.164520e-01
240 6.778880e-01 4.820000e-03 3.172920e-01
241 6.771320e-01 4.736000e-03 3.181320e-01
242 6.763320e-01 4.684000e-03 3.189840e-01
243 6.755680e-01 4.752000e-03 3.196800e-01
244 6.748520e-01 4.620000e-03 3.205280e-01
245 6.741800e-01 4.448000e-03 3.213720e-01
246 6.735920e-01 4.272000e-03 3.221360e-01
247 6.729120e-01 4.280000e-03 3.228080e-01
248 6.722400e-01 4.248000e-03 3.235120e-01
249 6.715480e-01 4.120000e-03 3.243320e-01
250 6.708960e-01 4.060000e-03 3.250440e-01
251 6.703000e-01 3.928000e-03 3.257720e-01
252 6.696560e-01 3.972000e-03 3.263720e-01
253 6.689880e-01 4.000000e-03 3.270120e-01
254 6.683880e-01 3.940000e-03 3.276720e-01
255 6.678520e-01 3.800000e-03 3.283480e-01
256 6.672600e-01 3.716000e-03 3.290240e-01
257 6.667280e-01 3.680000e-03 3.295920e-01
258 6.661480e-01 3.628000e-03 3.302240e-01
259 6.655680e-01 3.560000e-03 3.308720e-01
260 6.650280e-01 3.524000e-03 3.314480e-01
261 6.645200e-01 3.420000e-03 3.320600e-01
262 6.639320e-01 3.396000e-03 3.326720e-01
263 6.633120e-01 3.424000e-03 3.332640e-01
264 6.626600e-01 3.476000e-03 3.338640e-01
265 6.621240e-01 3.400000e-03 3.344760e-01
266 6.615240e-01 3.468000e-03 3.350080e-01
267 6.609200e-01 3.448000e-03 3.356320e-01
268 6.603120e-01 3.448000e-03 3.362400e-01
269 6.597000e-01 3.480000e-03 3.368200e-01
270 6.590640e-01 3.528000e-03 3.374080e-01
271 6.585240e-01 3.464000e-03 3.380120e-01
272 6.580120e-01 3.388000e-03 3.386000e-01
273 6.575320e-01 3.224000e-03 3.392440e-01
274 6.570040e-01 3.120000e-03 3.398760e-01
275 6.564600e-01 3.184000e-03 3.403560e-01
276 6.559800e-01 3.008000e-03 3.410120e-01
277 6.554720e-01 2.996000e-03 3.415320e-01
278 6.549000e-01 2.968000e-03 3.421320e-01
279 6.543440e-01 2.996000e-03 3.426600e-01
280 6.537760e-01 3.004000e-03 3.432200e-01
281 6.532560e-01 3.052000e-03 3.436920e-01
282 6.526240e-01 3.092000e-03 3.442840e-01
283 6.520920e-01 3.048000e-03 3.448600e-01
284 6.515880e-01 2.900000e-03 3.455120e-01
285 6.510600e-01 2.876000e-03 3.460640e-01
286 6.505480e-01 2.924000e-03 3.465280e-01
287 6.499720e-01 3.008000e-03 3.470200e-01
288 6.494240e-01 2.988000e-03 3.475880e-01
289 6.488200e-01 3.084000e-03 3.480960e-01
290 6.482680e-01 3.092000e-03 3.486400e-01
291 6.476920e-01 3.084000e-03 3.492240e-01
292 6.471480e-01 3.048000e-03 3.498040e-01
293 6.466200e-01 3.080000e-03 3.503000e-01
294 6.460880e-01 3.088000e-03 3.508240e-01
295 6.455200e-01 3.080000e-03 3.514000e-01
296 6.450040e-01 3.048000e-03 3.519480e-01
297 6.444160e-01 3.120000e-03 3.524640e-01
298 6.438280e-01 3.212000e-03 3.529600e-01
299 6.432840e-01 3.188000e-03 3.535280e-01
300 6.428000e-01 3.084000e-03 3.541160e-01
301 6.423160e-01 3.056000e-03 3.546280e-01
302 6.418280e-01 3.008000e-03 3.551640e-01
303 6.413720e-01 2.900000e-03 3.557280e-01
304 6.409920e-01 2.792000e-03 3.562160e-01
305 6.405800e-01 2.784000e-03 3.566360e-01
306 6.401520e-01 2.772000e-03 3.570760e-01
307 6.397120e-01 2.708000e-03 3.575800e-01
308 6.391560e-01 2.792000e-03 3.580520e-01
309 6.387720e-01 2.652000e-03 3.585760e-01
310 6.383760e-01 2.600000e-03 3.590240e-01
311 6.379480e-01 2.616000e-03 3.594360e-01
312 6.375520e-01 2.588000e-03 3.598600e-01
313 6.371520e-01 2.544000e-03 3.603040e-01
314 6.367680e-01 2.492000e-03 3.607400e-01
315 6.364200e-01 2.392000e-03 3.611880e-01
316 6.360600e-01 2.372000e-03 3.615680e-01
317 6.356120e-01 2.408000e-03 3.619800e-01
318 6.352040e-01 2.364000e-03 3.624320e-01
319 6.348560e-01 2.260000e-03 3.628840e-01
320 6.345160e-01 2.180000e-03 3.633040e-01
321 6.341520e-01 2.152000e-03 3.636960e-01
322 6.338080e-01 2.136000e-03 3.640560e-01
323 6.334440e-01 2.156000e-03 3.644000e-01
324 6.329600e-01 2.232000e-03 3.648080e-01
325 6.325960e-01 2.256000e-03 3.651480e-01
326 6.321760e-01 2.196000e-03 3.656280e-01
327 6.317320e-01 2.224000e-03 3.660440e-01
328 6.313320e-01 2.192000e-03 3.664760e-01
329 6.310360e-01 2.056000e-03 3.669080e-01
330 6.306840e-01 2.052000e-03 3.672640e-01
331 6.302960e-01 2.104000e-03 3.676000e-01
332 6.298560e-01 2.216000e-03 3.679280e-01
333 6.295440e-01 2.156000e-03 3.683000e-01
334 6.292040e-01 2.080000e-03 3.687160e-01
335 6.288640e-01 2.072000e-03 3.690640e-01
336 6.285160e-01 2.072000e-03 3.694120e-01
337 6.281640e-01 2.016000e-03 3.698200e-01
338 6.277560e-01 2.104000e-03 3.701400e-01
339 6.273400e-01 2.108000e-03 3.705520e-01
340 6.269440e-01 2.072000e-03 3.709840e-01
341 6.265720e-01 2.048000e-03 3.713800e-01
342 6.261600e-01 2.056000e-03 3.717840e-01
343 6.256880e-01 2.136000e-03 3.721760e-01
344 6.252920e-01 2.216000e-03 3.724920e-01
345 6.248560e-01 2.292000e-03 3.728520e-01
346 6.244160e-01 2.332000e-03 3.732520e-01
347 6.239160e-01 2.372000e-03 3.737120e-01
348 6.233840e-01 2.508000e-03 3.741080e-01
349 6.229720e-01 2.528000e-03 3.745000e-01
350 6.225120e-01 2.568000e-03 3.749200e-01
351 6.220320e-01 2.620000e-03 3.753480e-01
352 6.216080e-01 2.620000e-03 3.757720e-01
353 6.211880e-01 2.608000e-03 3.762040e-01
354 6.208240e-01 2.560000e-03 3.766160e-01
355 6.205040e-01 2.444000e-03 3.770520e-01
356 6.202320e-01 2.336000e-03 3.774320e-01
357 6.198600e-01 2.336000e-03 3.778040e-01
358 6.195600e-01 2.228000e-03 3.782120e-01
359 6.192600e-01 2.180000e-03 3.785600e-01
360 6.189960e-01 2.096000e-03 3.789080e-01
361 6.187280e-01 1.984000e-03 3.792880e-01
362 6.184960e-01 1.916000e-03 3.795880e-01
363 6.182240e-01 1.812000e-03 3.799640e-01
364 6.179760e-01 1.808000e-03 3.802160e-01
365 6.177320e-01 1.716000e-03 3.805520e-01
366 6.174640e-01 1.700000e-03 3.808360e-01
367 6.171760e-01 1.656000e-03 3.811680e-01
368 6.169040e-01 1.684000e-03 3.814120e-01
369 6.166840e-01 1.604000e-03 3.817120e-01
370 6.164720e-01 1.524000e-03 3.820040e-01
371 6.162360e-01 1.500000e-03 3.822640e-01
372 6.158920e-01 1.592000e-03 3.825160e-01
373 6.156040e-01 1.596000e-03 3.828000e-01
374 6.153920e-01 1.560000e-03 3.830480e-01
375 6.151160e-01 1.588000e-03 3.832960e-01
376 6.148200e-01 1.684000e-03 3.834960e-01
377 6.144680e-01 1.752000e-03 3.837800e-01
378 6.142200e-01 1.668000e-03 3.841120e-01
379 6.139400e-01 1.640000e-03 3.844200e-01
380 6.136440e-01 1.668000e-03 3.846880e-01
381 6.133200e-01 1.712000e-03 3.849680e-01
382 6.130080e-01 1.704000e-03 3.852880e-01
383 6.127680e-01 1.660000e-03 3.855720e-01
384 6.124920e-01 1.692000e-03 3.858160e-01
385 6.122680e-01 1.656000e-03 3.860760e-01
386 6.119880e-01 1.656000e-03 3.863560e-01
387 6.117040e-01 1.668000e-03 3.866280e-01
388 6.114480e-01 1.636000e-03 3.869160e-01
389 6.112400e-01 1.568000e-03 3.871920e-01
390 6.110120e-01 1.548000e-03 3.874400e-01
391 6.108280e-01 1.504000e-03 3.876680e-01
392 6.106320e-01 1.404000e-03 3.879640e-01
393 6.103840e-01 1.412000e-03 3.882040e-01
394 6.102240e-01 1.304000e-03 3.884720e-01
395 6.099560e-01 1.320000e-03 3.887240e-01
396 6.097360e-01 1.332000e-03 3.889320e-01
397 6.095080e-01 1.352000e-03 3.891400e-01
398 6.092560e-01 1.388000e-03 3.893560e-01
399 6.090120e-01 1.436000e-03 3.895520e-01
400 6.087800e-01 1.376000e-03 3.898440e-01
401 6.085840e-01 1.352000e-03 3.900640e-01
402 6.083680e-01 1.400000e-03 3.902320e-01
403 6.081200e-01 1.372000e-03 3.905080e-01
404 6.079160e-01 1.304000e-03 3.907800e-01
405 6.077080e-01 1.288000e-03 3.910040e-01
406 6.074880e-01 1.284000e-03 3.912280e-01
407 6.072600e-01 1.300000e-03 3.914400e-01
408 6.070440e-01 1.280000e-03 3.916760e-01
409 6.068520e-01 1.260000e-03 3.918880e-01
410 6.066120e-01 1.232000e-03 3.921560e-01
411 6.063960e-01 1.212000e-03 3.923920e-01
412 6.061480e-01 1.272000e-03 3.925800e-01
413 6.059680e-01 1.216000e-03 3.928160e-01
414 6.057560e-01 1.184000e-03 3.930600e-01
415 6.056080e-01 1.116000e-03 3.932760e-01
416 6.054560e-01 1.088000e-03 3.934560e-01
417 6.053000e-01 1.060000e-03 3.936400e-01
418 6.051920e-01 1.004000e-03 3.938040e-01
419 6.050320e-01 9.560000e-04 3.940120e-01
420 6.048560e-01 1.004000e-03 3.941400e-01
421 6.047080e-01 9.520000e-04 3.943400e-01
422 6.045480e-01 9.240000e-04 3.945280e-01
423 6.043880e-01 9.200000e-04 3.946920e-01
424 6.042560e-01 8.960000e-04 3.948480e-01
425 6.041120e-01 8.920000e-04 3.949960e-01
426 6.039760e-01 8.560000e-04 3.951680e-01
427 6.038560e-01 7.880000e-04 3.953560e-01
428 6.037080e-01 7.920000e-04 3.955000e-01
429 6.035880e-01 7.760000e-04 3.956360e-01
430 6.034840e-01 7.360000e-04 3.957800e-01
431 6.033480e-01 7.360000e-04 3.959160e-01
432 6.032320e-01 7.160000e-04 3.960520e-01
433 6.031000e-01 7.120000e-04 3.961880e-01
434 6.029920e-01 6.840000e-04 3.963240e-01
435 6.028560e-01 7.240000e-04 3.964200e-01
436 6.026800e-01 7.440000e-04 3.965760e-01
437 6.025280e-01 7.720000e-04 3.967000e-01
438 6.024040e-01 7.480000e-04 3.968480e-01
439 6.022520e-01 7.880000e-04 3.969600e-01
440 6.021200e-01 7.800000e-04 3.971000e-01
441 6.019840e-01 7.840000e-04 3.972320e-01
442 6.018320e-01 8.400000e-04 3.973280e-01
443 6.016920e-01 8.560000e-04 3.974520e-01
444 6.015560e-01 8.080000e-04 3.976360e-01
445 6.014200e-01 8.200000e-04 3.977600e-01
446 6.012800e-01 7.960000e-04 3.979240e-01
447 6.011440e-01 7.480000e-04 3.981080e-01
448 6.010400e-01 7.120000e-04 3.982480e-01
449 6.009440e-01 7.120000e-04 3.983440e-01
450 6.008480e-01 6.800000e-04 3.984720e-01
451 6.007680e-01 6.640000e-04 3.985680e-01
452 6.006880e-01 6.040000e-04 3.987080e-01
453 6.006000e-01 5.960000e-04 3.988040e-01
454 6.005520e-01 5.400000e-04 3.989080e-01
455 6.005160e-01 5.080000e-04 3.989760e-01
456 6.004120e-01 5.360000e-04 3.990520e-01
457 6.003400e-01 5.280000e-04 3.991320e-01
458 6.002480e-01 5.320000e-04 3.992200e-01
459 6.001400e-01 5.360000e-04 3.993240e-01
460 6.000720e-01 5.280000e-04 3.994000e-01
461 5.999640e-01 5.320000e-04 3.995040e-01
462 5.998880e-01 5.000000e-04 3.996120e-01
463 5.998280e-01 4.680000e-04 3.997040e-01
464 5.997600e-01 4.320000e-04 3.998080e-01
465 5.996920e-01 4.400000e-04 3.998680e-01
466 5.996120e-01 4.640000e-04 3.999240e-01
467 5.995160e-01 4.920000e-04 3.999920e-01
468 5.994560e-01 4.600000e-04 4.000840e-01
469 5.993960e-01 4.040000e-04 4.002000e-01
470 5.993120e-01 4.120000e-04 4.002760e-01
471 5.992440e-01 3.960000e-04 4.003600e-01
472 5.991520e-01 4.360000e-04 4.004120e-01
473 5.991000e-01 4.200000e-04 4.004800e-01
474 5.990160e-01 4.440000e-04 4.005400e-01
475 5.989440e-01 4.560000e-04 4.006000e-01
476 5.988680e-01 4.720000e-04 4.006600e-01
477 5.987840e-01 4.880000e-04 4.007280e-01
478 5.987240e-01 4.920000e-04 4.007840e-01
479 5.986720e-01 4.520000e-04 4.008760e-01
480 5.986200e-01 4.240000e-04 4.009560e-01
481 5.985600e-01 4.000000e-04 4.010400e-01
482 5.985120e-01 4.000000e-04 4.010880e-01
483 5.984440e-01 4.080000e-04 4.011480e-01
484 5.983800e-01 3.960000e-04 4.012240e-01
485 5.983280e-01 3.760000e-04 4.012960e-01
486 5.982960e-01 3.640000e-04 4.013400e-01
487 5.982440e-01 3.800000e-04 4.013760e-01
488 5.981720e-01 3.800000e-04 4.014480e-01
489 5.981040e-01 3.840000e-04 4.015120e-01
490 5.980360e-01 3.720000e-04 4.015920e-01
491 5.979840e-01 3.520000e-04 4.016640e-01
492 5.978880e-01 3.760000e-04 4.017360e-01
493 5.977880e-01 4.080000e-04 4.018040e-01
494 5.977080e-01 4.240000e-04 4.018680e-01
495 5.976120e-01 4.760000e-04 4.019120e-01
496 5.975320e-01 4.800000e-04 4.019880e-01
497 5.974520e-01 5.080000e-04 4.020400e-01
498 5.973800e-01 4.640000e-04 4.021560e-01
499 5.972600e-01 5.240000e-04 4.022160e-01
500 5.971840e-01 4.960000e-04 4.023200e-01
