1 9.992080e-01 6.840000e-04 1.080000e-04
2 9.987160e-01 1.004000e-03 2.800000e-04
3 9.980280e-01 1.496000e-03 4.760000e-04
4 9.971840e-01 2.068000e-03 7.480000e-04
5 9.963400e-01 2.480000e-03 1.180000e-03
6 9.955080e-01 2.896000e-03 1.596000e-03
7 9.946840e-01 3.156000e-03 2.160000e-03
8 9.937080e-01 3.584000e-03 2.708000e-03
9 9.927400e-01 3.936000e-03 3.324000e-03
10 9.917560e-01 4.204000e-03 4.040000e-03
11 9.907560e-01 4.428000e-03 4.816000e-03
12 9.897160e-01 4.692000e-03 5.592000e-03
13 9.885560e-01 4.984000e-03 6.460000e-03
14 9.873720e-01 5.252000e-03 7.376000e-03
15 9.861880e-01 5.508000e-03 8.304000e-03
16 9.850600e-01 5.588000e-03 9.352000e-03
17 9.837120e-01 6.008000e-03 1.028000e-02
18 9.824800e-01 6.144000e-03 1.137600e-02
19 9.811880e-01 6.332000e-03 1.248000e-02
20 9.799640e-01 6.484000e-03 1.355200e-02
21 9.787440e-01 6.620000e-03 1.463600e-02
22 9.774920e-01 6.768000e-03 1.574000e-02
23 9.763480e-01 6.732000e-03 1.692000e-02
24 9.750320e-01 6.808000e-03 1.816000e-02
25 9.737360e-01 6.896000e-03 1.936800e-02
26 9.723320e-01 7.048000e-03 2.062000e-02
27 9.711560e-01 6.908000e-03 2.193600e-02
28 9.698600e-01 7.016000e-03 2.312400e-02
29 9.684040e-01 7.132000e-03 2.446400e-02
30 9.670640e-01 7.120000e-03 2.581600e-02
31 9.657920e-01 7.020000e-03 2.718800e-02
32 9.641120e-01 7.380000e-03 2.850800e-02
33 9.627000e-01 7.492000e-03 2.980800e-02
34 9.612160e-01 7.608000e-03 3.117600e-02
35 9.598040e-01 7.632000e-03 3.256400e-02
36 9.582440e-01 7.808000e-03 3.394800e-02
37 9.567800e-01 7.980000e-03 3.524000e-02
38 9.554480e-01 7.980000e-03 3.657200e-02
39 9.540400e-01 7.896000e-03 3.806400e-02
40 9.525640e-01 8.000000e-03 3.943600e-02
41 9.512280e-01 7.908000e-03 4.086400e-02
42 9.497400e-01 7.976000e-03 4.228400e-02
43 9.484000e-01 7.992000e-03 4.360800e-02
44 9.470040e-01 7.984000e-03 4.501200e-02
45 9.455960e-01 8.032000e-03 4.637200e-02
46 9.442080e-01 7.916000e-03 4.787600e-02
47 9.427680e-01 7.948000e-03 4.928400e-02
48 9.413440e-01 8.076000e-03 5.058000e-02
49 9.401040e-01 7.908000e-03 5.198800e-02
50 9.386080e-01 7.904000e-03 5.348800e-02
51 9.371640e-01 7.932000e-03 5.490400e-02
52 9.358920e-01 7.868000e-03 5.624000e-02
53 9.346000e-01 7.864000e-03 5.753600e-02
54 9.332400e-01 7.836000e-03 5.892400e-02
55 9.318640e-01 7.768000e-03 6.036800e-02
56 9.304600e-01 7.824000e-03 6.171600e-02
57 9.291600e-01 7.660000e-03 6.318000e-02
58 9.279320e-01 7.492000e-03 6.457600e-02
59 9.266600e-01 7.432000e-03 6.590800e-02
60 9.252200e-01 7.604000e-03 6.717600e-02
61 9.239400e-01 7.592000e-03 6.846800e-02
62 9.225760e-01 7.708000e-03 6.971600e-02
63 9.211120e-01 7.972000e-03 7.091600e-02
64 9.198160e-01 7.936000e-03 7.224800e-02
65 9.183680e-01 8.152000e-03 7.348000e-02
66 9.169040e-01 8.132000e-03 7.496400e-02
67 9.154720e-01 8.272000e-03 7.625600e-02
68 9.139800e-01 8.204000e-03 7.781600e-02
69 9.125560e-01 8.256000e-03 7.918800e-02
70 9.110560e-01 8.260000e-03 8.068400e-02
71 9.095040e-01 8.400000e-03 8.209600e-02
72 9.080720e-01 8.384000e-03 8.354400e-02
73 9.065880e-01 8.332000e-03 8.508000e-02
74 9.051280e-01 8.388000e-03 8.648400e-02
75 9.036560e-01 8.400000e-03 8.794400e-02
76 9.020160e-01 8.308000e-03 8.967600e-02
77 9.005440e-01 8.376000e-03 9.108000e-02
78 8.990640e-01 8.400000e-03 9.253600e-02
79 8.975720e-01 8.536000e-03 9.389200e-02
80 8.959920e-01 8.668000e-03 9.534000e-02
81 8.945240e-01 8.536000e-03 9.694000e-02
82 8.930520e-01 8.652000e-03 9.829600e-02
83 8.914800e-01 8.636000e-03 9.988400e-02
84 8.900800e-01 8.552000e-03 1.013680e-01
85 8.886600e-01 8.588000e-03 1.027520e-01
86 8.872800e-01 8.548000e-03 1.041720e-01
87 8.856600e-01 8.628000e-03 1.057120e-01
88 8.841400e-01 8.536000e-03 1.073240e-01
89 8.826080e-01 8.604000e-03 1.087880e-01
90 8.811800e-01 8.588000e-03 1.102320e-01
91 8.797840e-01 8.604000e-03 1.116120e-01
92 8.784400e-01 8.404000e-03 1.131560e-01
93 8.769280e-01 8.328000e-03 1.147440e-01
94 8.756520e-01 8.148000e-03 1.162000e-01
95 8.742160e-01 8.132000e-03 1.176520e-01
96 8.729400e-01 7.968000e-03 1.190920e-01
97 8.716240e-01 7.904000e-03 1.204720e-01
98 8.701280e-01 8.004000e-03 1.218680e-01
99 8.688440e-01 7.900000e-03 1.232560e-01
100 8.673320e-01 8.044000e-03 1.246240e-01
101 8.659120e-01 8.032000e-03 1.260560e-01
102 8.646120e-01 7.900000e-03 1.274880e-01
103 8.632400e-01 7.964000e-03 1.287960e-01
104 8.618840e-01 8.140000e-03 1.299760e-01
105 8.604920e-01 8.092000e-03 1.314160e-01
106 8.590120e-01 8.264000e-03 1.327240e-01
107 8.576600e-01 8.196000e-03 1.341440e-01
108 8.564640e-01 7.960000e-03 1.355760e-01
109 8.553120e-01 7.756000e-03 1.369320e-01
110 8.541920e-01 7.416000e-03 1.383920e-01
111 8.530200e-01 7.236000e-03 1.397440e-01
112 8.519000e-01 7.100000e-03 1.410000e-01
113 8.506280e-01 7.120000e-03 1.422520e-01
114 8.495680e-01 6.960000e-03 1.434720e-01
115 8.484400e-01 6.880000e-03 1.446800e-01
116 8.473400e-01 6.864000e-03 1.457960e-01
117 8.461120e-01 6.868000e-03 1.470200e-01
118 8.448800e-01 6.944000e-03 1.481760e-01
119 8.436520e-01 6.904000e-03 1.494440e-01
120 8.424320e-01 6.936000e-03 1.506320e-01
121 8.412560e-01 6.968000e-03 1.517760e-01
122 8.400920e-01 6.884000e-03 1.530240e-01
123 8.389920e-01 6.840000e-03 1.541680e-01
124 8.378160e-01 6.820000e-03 1.553640e-01
125 8.366160e-01 6.860000e-03 1.565240e-01
126 8.353480e-01 6.916000e-03 1.577360e-01
127 8.340080e-01 6.952000e-03 1.590400e-01
128 8.327280e-01 7.100000e-03 1.601720e-01
129 8.314080e-01 7.112000e-03 1.614800e-01
130 8.302320e-01 7.160000e-03 1.626080e-01
131 8.291000e-01 7.016000e-03 1.638840e-01
132 8.278360e-01 7.108000e-03 1.650560e-01
133 8.265880e-01 7.092000e-03 1.663200e-01
134 8.254080e-01 7.096000e-03 1.674960e-01
135 8.241600e-01 7.160000e-03 1.686800e-01
136 8.229160e-01 7.100000e-03 1.699840e-01
137 8.216920e-01 7.160000e-03 1.711480e-01
138 8.205360e-01 7.088000e-03 1.723760e-01
139 8.194320e-01 6.996000e-03 1.735720e-01
140 8.182360e-01 6.924000e-03 1.748400e-01
141 8.169480e-01 6.940000e-03 1.761120e-01
142 8.158920e-01 6.772000e-03 1.773360e-01
143 8.148240e-01 6.696000e-03 1.784800e-01
144 8.137840e-01 6.544000e-03 1.796720e-01
145 8.127240e-01 6.408000e-03 1.808680e-01
146 8.115880e-01 6.388000e-03 1.820240e-01
147 8.105400e-01 6.328000e-03 1.831320e-01
148 8.094760e-01 6.204000e-03 1.843200e-01
149 8.084880e-01 6.140000e-03 1.853720e-01
150 8.074200e-01 6.000000e-03 1.865800e-01
151 8.064320e-01 5.968000e-03 1.876000e-01
152 8.053040e-01 6.016000e-03 1.886800e-01
153 8.042080e-01 5.988000e-03 1.898040e-01
154 8.030880e-01 5.980000e-03 1.909320e-01
155 8.020280e-01 6.028000e-03 1.919440e-01
156 8.008920e-01 6.056000e-03 1.930520e-01
157 7.998440e-01 6.040000e-03 1.941160e-01
158 7.988120e-01 6.080000e-03 1.951080e-01
159 7.975600e-01 6.196000e-03 1.962440e-01
160 7.964880e-01 6.220000e-03 1.972920e-01
161 7.954120e-01 6.232000e-03 1.983560e-01
162 7.942680e-01 6.380000e-03 1.993520e-01
163 7.932000e-01 6.280000e-03 2.005200e-01
164 7.919800e-01 6.488000e-03 2.015320e-01
165 7.909160e-01 6.448000e-03 2.026360e-01
166 7.897640e-01 6.548000e-03 2.036880e-01
167 7.887120e-01 6.476000e-03 2.048120e-01
168 7.875640e-01 6.576000e-03 2.058600e-01
169 7.865680e-01 6.384000e-03 2.070480e-01
170 7.855720e-01 6.240000e-03 2.081880e-01
171 7.845960e-01 6.048000e-03 2.093560e-01
172 7.834920e-01 5.992000e-03 2.105160e-01
173 7.825280e-01 5.892000e-03 2.115800e-01
174 7.816240e-01 5.776000e-03 2.126000e-01
175 7.807120e-01 5.628000e-03 2.136600e-01
176 7.797360e-01 5.636000e-03 2.146280e-01
177 7.786400e-01 5.716000e-03 2.156440e-01
178 7.777240e-01 5.752000e-03 2.165240e-01
179 7.767920e-01 5.668000e-03 2.175400e-01
180 7.759240e-01 5.600000e-03 2.184760e-01
181 7.750120e-01 5.572000e-03 2.194160e-01
182 7.741440e-01 5.416000e-03 2.204400e-01
183 7.732120e-01 5.420000e-03 2.213680e-01
184 7.723120e-01 5.412000e-03 2.222760e-01
185 7.713240e-01 5.512000e-03 2.231640e-01
186 7.704240e-01 5.300000e-03 2.242760e-01
187 7.696040e-01 5.172000e-03 2.252240e-01
188 7.687600e-01 5.136000e-03 2.261040e-01
189 7.679320e-01 5.116000e-03 2.269520e-01
190 7.671120e-01 5.088000e-03 2.278000e-01
191 7.663960e-01 4.912000e-03 2.286920e-01
192 7.656040e-01 4.772000e-03 2.296240e-01
193 7.649200e-01 4.532000e-03 2.305480e-01
194 7.641120e-01 4.488000e-03 2.314000e-01
195 7.634560e-01 4.396000e-03 2.321480e-01
196 7.628160e-01 4.372000e-03 2.328120e-01
197 7.620640e-01 4.356000e-03 2.335800e-01
198 7.613520e-01 4.280000e-03 2.343680e-01
199 7.607520e-01 4.164000e-03 2.350840e-01
200 7.600960e-01 4.192000e-03 2.357120e-01
201 7.594320e-01 4.080000e-03 2.364880e-01
202 7.588200e-01 3.984000e-03 2.371960e-01
203 7.580880e-01 4.064000e-03 2.378480e-01
204 7.573960e-01 4.032000e-03 2.385720e-01
205 7.566360e-01 4.120000e-03 2.392440e-01
206 7.559720e-01 3.976000e-03 2.400520e-01
207 7.552800e-01 3.968000e-03 2.407520e-01
208 7.546520e-01 3.848000e-03 2.415000e-01
209 7.539360e-01 3.820000e-03 2.422440e-01
210 7.532240e-01 3.896000e-03 2.428800e-01
211 7.525760e-01 3.788000e-03 2.436360e-01
212 7.519320e-01 3.772000e-03 2.442960e-01
213 7.513280e-01 3.756000e-03 2.449160e-01
214 7.508040e-01 3.668000e-03 2.455280e-01
215 7.502000e-01 3.536000e-03 2.462640e-01
216 7.496160e-01 3.488000e-03 2.468960e-01
217 7.490960e-01 3.340000e-03 2.475640e-01
218 7.485880e-01 3.336000e-03 2.480760e-01
219 7.480840e-01 3.124000e-03 2.487920e-01
220 7.475520e-01 3.116000e-03 2.493320e-01
221 7.469680e-01 3.168000e-03 2.498640e-01
222 7.463960e-01 3.268000e-03 2.503360e-01
223 7.458400e-01 3.252000e-03 2.509080e-01
224 7.453160e-01 3.208000e-03 2.514760e-01
225 7.448840e-01 2.996000e-03 2.521200e-01
226 7.443800e-01 2.944000e-03 2.526760e-01
227 7.438360e-01 2.908000e-03 2.532560e-01
228 7.433320e-01 2.944000e-03 2.537240e-01
229 7.427960e-01 2.944000e-03 2.542600e-01
230 7.423440e-01 2.928000e-03 2.547280e-01
231 7.418560e-01 2.864000e-03 2.552800e-01
232 7.413840e-01 2.796000e-03 2.558200e-01
233 7.409520e-01 2.748000e-03 2.563000e-01
234 7.404600e-01 2.728000e-03 2.568120e-01
235 7.400320e-01 2.636000e-03 2.573320e-01
236 7.395440e-01 2.680000e-03 2.577760e-01
237 7.391040e-01 2.640000e-03 2.582560e-01
238 7.387280e-01 2.540000e-03 2.587320e-01
239 7.382480e-01 2.564000e-03 2.591880e-01
240 7.378320e-01 2.576000e-03 2.595920e-01
241 7.372680e-01 2.724000e-03 2.600080e-01
242 7.367400e-01 2.788000e-03 2.604720e-01
243 7.363080e-01 2.752000e-03 2.609400e-01
244 7.357000e-01 2.820000e-03 2.614800e-01
245 7.351720e-01 2.768000e-03 2.620600e-01
246 7.346840e-01 2.788000e-03 2.625280e-01
247 7.341040e-01 2.880000e-03 2.630160e-01
248 7.335200e-01 2.968000e-03 2.635120e-01
249 7.328960e-01 3.032000e-03 2.640720e-01
250 7.323280e-01 3.028000e-03 2.646440e-01
251 7.317000e-01 3.152000e-03 2.651480e-01
252 7.311480e-01 3.140000e-03 2.657120e-01
253 7.306800e-01 3.060000e-03 2.662600e-01
254 7.301280e-01 3.028000e-03 2.668440e-01
255 7.295560e-01 3.088000e-03 2.673560e-01
256 7.289960e-01 3.052000e-03 2.679520e-01
257 7.285680e-01 2.912000e-03 2.685200e-01
258 7.281120e-01 2.864000e-03 2.690240e-01
259 7.275920e-01 2.920000e-03 2.694880e-01
260 7.271200e-01 2.884000e-03 2.699960e-01
261 7.266320e-01 2.892000e-03 2.704760e-01
262 7.260800e-01 3.024000e-03 2.708960e-01
263 7.256160e-01 3.004000e-03 2.713800e-01
264 7.251200e-01 3.028000e-03 2.718520e-01
265 7.246400e-01 3.016000e-03 2.723440e-01
266 7.240640e-01 3.116000e-03 2.728200e-01
267 7.234840e-01 3.096000e-03 2.734200e-01
268 7.228760e-01 3.104000e-03 2.740200e-01
269 7.223880e-01 2.956000e-03 2.746560e-01
270 7.218000e-01 3.084000e-03 2.751160e-01
271 7.212040e-01 3.184000e-03 2.756120e-01
272 7.205440e-01 3.264000e-03 2.761920e-01
273 7.199280e-01 3.328000e-03 2.767440e-01
274 7.194120e-01 3.320000e-03 2.772680e-01
275 7.189240e-01 3.208000e-03 2.778680e-01
276 7.184000e-01 3.164000e-03 2.784360e-01
277 7.179120e-01 3.136000e-03 2.789520e-01
278 7.174400e-01 3.048000e-03 2.795120e-01
279 7.170080e-01 2.924000e-03 2.800680e-01
280 7.166400e-01 2.720000e-03 2.806400e-01
281 7.162520e-01 2.624000e-03 2.811240e-01
282 7.158000e-01 2.548000e-03 2.816520e-01
283 7.153560e-01 2.596000e-03 2.820480e-01
284 7.148480e-01 2.644000e-03 2.825080e-01
285 7.144560e-01 2.616000e-03 2.829280e-01
286 7.141000e-01 2.456000e-03 2.834440e-01
287 7.137040e-01 2.460000e-03 2.838360e-01
288 7.133720e-01 2.356000e-03 2.842720e-01
289 7.129880e-01 2.304000e-03 2.847080e-01
290 7.126520e-01 2.188000e-03 2.851600e-01
291 7.123080e-01 2.144000e-03 2.855480e-01
292 7.119920e-01 2.080000e-03 2.859280e-01
293 7.116760e-01 2.036000e-03 2.862880e-01
294 7.113840e-01 1.968000e-03 2.866480e-01
295 7.110840e-01 1.888000e-03 2.870280e-01
296 7.107840e-01 1.820000e-03 2.873960e-01
297 7.105000e-01 1.752000e-03 2.877480e-01
298 7.101880e-01 1.760000e-03 2.880520e-01
299 7.098480e-01 1.828000e-03 2.883240e-01
300 7.094760e-01 1.876000e-03 2.886480e-01
301 7.091400e-01 1.808000e-03 2.890520e-01
302 7.088360e-01 1.856000e-03 2.893080e-01
303 7.084960e-01 1.828000e-03 2.896760e-01
304 7.082240e-01 1.804000e-03 2.899720e-01
305 7.079160e-01 1.848000e-03 2.902360e-01
306 7.076320e-01 1.840000e-03 2.905280e-01
307 7.072840e-01 1.908000e-03 2.908080e-01
308 7.069360e-01 1.900000e-03 2.911640e-01
309 7.066520e-01 1.932000e-03 2.914160e-01
310 7.063160e-01 1.880000e-03 2.918040e-01
311 7.060120e-01 1.816000e-03 2.921720e-01
312 7.056760e-01 1.884000e-03 2.924400e-01
313 7.054040e-01 1.780000e-03 2.928160e-01
314 7.051200e-01 1.744000e-03 2.931360e-01
315 7.049000e-01 1.680000e-03 2.934200e-01
316 7.045760e-01 1.656000e-03 2.937680e-01
317 7.043120e-01 1.640000e-03 2.940480e-01
318 7.039240e-01 1.760000e-03 2.943160e-01
319 7.036320e-01 1.744000e-03 2.946240e-01
320 7.033200e-01 1.760000e-03 2.949200e-01
321 7.030040e-01 1.832000e-03 2.951640e-01
322 7.026560e-01 1.904000e-03 2.954400e-01
323 7.023360e-01 1.912000e-03 2.957520e-01
324 7.020040e-01 1.900000e-03 2.960960e-01
325 7.016560e-01 1.912000e-03 2.964320e-01
326 7.013440e-01 1.932000e-03 2.967240e-01
327 7.010320e-01 1.892000e-03 2.970760e-01
328 7.007560e-01 1.884000e-03 2.973600e-01
329 7.004120e-01 1.864000e-03 2.977240e-01
330 7.001400e-01 1.844000e-03 2.980160e-01
331 6.998640e-01 1.708000e-03 2.984280e-01
332 6.996080e-01 1.664000e-03 2.987280e-01
333 6.993400e-01 1.644000e-03 2.990160e-01
334 6.990680e-01 1.604000e-03 2.993280e-01
335 6.987920e-01 1.632000e-03 2.995760e-01
336 6.985360e-01 1.620000e-03 2.998440e-01
337 6.983120e-01 1.592000e-03 3.000960e-01
338 6.979400e-01 1.664000e-03 3.003960e-01
339 6.977200e-01 1.536000e-03 3.007440e-01
340 6.974120e-01 1.560000e-03 3.010280e-01
341 6.971360e-01 1.568000e-03 3.012960e-01
342 6.969000e-01 1.508000e-03 3.015920e-01
343 6.966440e-01 1.512000e-03 3.018440e-01
344 6.964240e-01 1.480000e-03 3.020960e-01
345 6.961640e-01 1.480000e-03 3.023560e-01
346 6.959280e-01 1.488000e-03 3.025840e-01
347 6.957280e-01 1.400000e-03 3.028720e-01
348 6.954760e-01 1.440000e-03 3.030840e-01
349 6.952520e-01 1.412000e-03 3.033360e-01
350 6.949920e-01 1.352000e-03 3.036560e-01
351 6.947240e-01 1.328000e-03 3.039480e-01
352 6.944560e-01 1.400000e-03 3.041440e-01
353 6.941720e-01 1.468000e-03 3.043600e-01
354 6.939200e-01 1.488000e-03 3.045920e-01
355 6.936200e-01 1.528000e-03 3.048520e-01
356 6.933400e-01 1.528000e-03 3.051320e-01
357 6.930280e-01 1.548000e-03 3.054240e-01
358 6.927240e-01 1.608000e-03 3.056680e-01
359 6.923920e-01 1.660000e-03 3.059480e-01
360 6.920320e-01 1.708000e-03 3.062600e-01
361 6.916880e-01 1.764000e-03 3.065480e-01
362 6.913160e-01 1.828000e-03 3.068560e-01
363 6.910120e-01 1.824000e-03 3.071640e-01
364 6.906840e-01 1.876000e-03 3.074400e-01
365 6.903880e-01 1.912000e-03 3.077000e-01
366 6.901040e-01 1.912000e-03 3.079840e-01
367 6.898160e-01 1.876000e-03 3.083080e-01
368 6.895360e-01 1.832000e-03 3.086320e-01
369 6.892440e-01 1.832000e-03 3.089240e-01
370 6.890240e-01 1.764000e-03 3.092120e-01
371 6.887080e-01 1.808000e-03 3.094840e-01
372 6.884400e-01 1.792000e-03 3.097680e-01
373 6.881240e-01 1.760000e-03 3.101160e-01
374 6.878560e-01 1.716000e-03 3.104280e-01
375 6.875400e-01 1.728000e-03 3.107320e-01
376 6.872720e-01 1.680000e-03 3.110480e-01
377 6.869760e-01 1.704000e-03 3.113200e-01
378 6.866280e-01 1.744000e-03 3.116280e-01
379 6.862280e-01 1.848000e-03 3.119240e-01
380 6.858400e-01 1.880000e-03 3.122800e-01
381 6.855440e-01 1.804000e-03 3.126520e-01
382 6.852200e-01 1.784000e-03 3.129960e-01
383 6.849400e-01 1.764000e-03 3.132960e-01
384 6.846760e-01 1.732000e-03 3.135920e-01
385 6.844120e-01 1.688000e-03 3.139000e-01
386 6.841480e-01 1.672000e-03 3.141800e-01
387 6.838560e-01 1.652000e-03 3.144920e-01
388 6.835640e-01 1.700000e-03 3.147360e-01
389 6.832400e-01 1.748000e-03 3.150120e-01
390 6.829000e-01 1.760000e-03 3.153400e-01
391 6.825680e-01 1.796000e-03 3.156360e-01
392 6.822320e-01 1.808000e-03 3.159600e-01
393 6.819760e-01 1.748000e-03 3.162760e-01
394 6.816480e-01 1.808000e-03 3.165440e-01
395 6.813400e-01 1.860000e-03 3.168000e-01
396 6.810360e-01 1.832000e-03 3.171320e-01
397 6.807840e-01 1.788000e-03 3.174280e-01
398 6.803800e-01 1.856000e-03 3.177640e-01
399 6.800760e-01 1.824000e-03 3.181000e-01
400 6.797280e-01 1.840000e-03 3.184320e-01
401 6.794080e-01 1.864000e-03 3.187280e-01
402 6.790680e-01 1.904000e-03 3.190280e-01
403 6.787160e-01 1.940000e-03 3.193440e-01
404 6.784000e-01 1.864000e-03 3.197360e-01
405 6.780880e-01 1.808000e-03 3.201040e-01
406 6.777440e-01 1.820000e-03 3.204360e-01
407 6.773680e-01 1.828000e-03 3.208040e-01
408 6.770120e-01 1.896000e-03 3.210920e-01
409 6.766840e-01 1.924000e-03 3.213920e-01
410 6.763160e-01 1.984000e-03 3.217000e-01
411 6.760440e-01 1.936000e-03 3.220200e-01
412 6.756920e-01 1.932000e-03 3.223760e-01
413 6.753760e-01 1.896000e-03 3.227280e-01
414 6.750960e-01 1.856000e-03 3.230480e-01
415 6.747400e-01 1.904000e-03 3.233560e-01
416 6.745240e-01 1.744000e-03 3.237320e-01
417 6.742160e-01 1.744000e-03 3.240400e-01
418 6.739560e-01 1.696000e-03 3.243480e-01
419 6.737160e-01 1.624000e-03 3.246600e-01
420 6.734880e-01 1.568000e-03 3.249440e-01
421 6.733040e-01 1.488000e-03 3.252080e-01
422 6.730800e-01 1.480000e-03 3.254400e-01
423 6.728960e-01 1.368000e-03 3.257360e-01
424 6.726560e-01 1.356000e-03 3.259880e-01
425 6.724960e-01 1.276000e-03 3.262280e-01
426 6.722640e-01 1.320000e-03 3.264160e-01
427 6.720360e-01 1.324000e-03 3.266400e-01
428 6.718240e-01 1.324000e-03 3.268520e-01
429 6.716120e-01 1.292000e-03 3.270960e-01
430 6.713680e-01 1.260000e-03 3.273720e-01
431 6.711640e-01 1.244000e-03 3.275920e-01
432 6.709440e-01 1.228000e-03 3.278280e-01
433 6.707520e-01 1.280000e-03 3.279680e-01
434 6.705640e-01 1.288000e-03 3.281480e-01
435 6.703320e-01 1.248000e-03 3.284200e-01
436 6.701040e-01 1.256000e-03 3.286400e-01
437 6.698120e-01 1.348000e-03 3.288400e-01
438 6.695800e-01 1.340000e-03 3.290800e-01
439 6.693640e-01 1.344000e-03 3.292920e-01
440 6.691720e-01 1.336000e-03 3.294920e-01
441 6.689040e-01 1.352000e-03 3.297440e-01
442 6.686600e-01 1.300000e-03 3.300400e-01
443 6.684200e-01 1.276000e-03 3.303040e-01
444 6.682000e-01 1.272000e-03 3.305280e-01
445 6.680280e-01 1.244000e-03 3.307280e-01
446 6.678400e-01 1.216000e-03 3.309440e-01
447 6.676560e-01 1.244000e-03 3.311000e-01
448 6.674120e-01 1.312000e-03 3.312760e-01
449 6.671360e-01 1.396000e-03 3.314680e-01
450 6.668800e-01 1.408000e-03 3.317120e-01
451 6.666760e-01 1.400000e-03 3.319240e-01
452 6.664800e-01 1.328000e-03 3.321920e-01
453 6.663040e-01 1.272000e-03 3.324240e-01
454 6.661240e-01 1.224000e-03 3.326520e-01
455 6.659640e-01 1.196000e-03 3.328400e-01
456 6.657720e-01 1.224000e-03 3.330040e-01
457 6.655520e-01 1.260000e-03 3.331880e-01
458 6.653720e-01 1.164000e-03 3.334640e-01
459 6.651800e-01 1.220000e-03 3.336000e-01
460 6.649960e-01 1.192000e-03 3.338120e-01
461 6.648360e-01 1.156000e-03 3.340080e-01
462 6.646240e-01 1.196000e-03 3.341800e-01
463 6.643400e-01 1.248000e-03 3.344120e-01
464 6.640840e-01 1.256000e-03 3.346600e-01
465 6.639320e-01 1.172000e-03 3.348960e-01
466 6.637000e-01 1.200000e-03 3.351000e-01
467 6.635400e-01 1.164000e-03 3.352960e-01
468 6.633280e-01 1.168000e-03 3.355040e-01
469 6.631080e-01 1.188000e-03 3.357040e-01
470 6.628760e-01 1.212000e-03 3.359120e-01
471 6.626440e-01 1.240000e-03 3.361160e-01
472 6.623360e-01 1.320000e-03 3.363440e-01
473 6.620920e-01 1.280000e-03 3.366280e-01
474 6.619040e-01 1.248000e-03 3.368480e-01
475 6.616800e-01 1.268000e-03 3.370520e-01
476 6.614520e-01 1.264000e-03 3.372840e-01
477 6.612480e-01 1.284000e-03 3.374680e-01
478 6.610480e-01 1.288000e-03 3.376640e-01
479 6.609040e-01 1.208000e-03 3.378880e-01
480 6.607000e-01 1.192000e-03 3.381080e-01
481 6.605520e-01 1.164000e-03 3.382840e-01
482 6.604240e-01 1.064000e-03 3.385120e-01
483 6.602680e-01 1.024000e-03 3.387080e-01
484 6.600560e-01 1.024000e-03 3.389200e-01
485 6.598680e-01 1.000000e-03 3.391320e-01
486 6.596640e-01 9.880000e-04 3.393480e-01
487 6.595160e-01 9.400000e-04 3.395440e-01
488 6.593800e-01 9.120000e-04 3.397080e-01
489 6.592560e-01 8.560000e-04 3.398880e-01
490 6.590560e-01 8.760000e-04 3.400680e-01
491 6.589360e-01 8.160000e-04 3.402480e-01
492 6.587800e-01 8.480000e-04 3.403720e-01
493 6.586200e-01 8.320000e-04 3.405480e-01
494 6.585000e-01 8.120000e-04 3.406880e-01
495 6.583880e-01 8.000000e-04 3.408120e-01
496 6.582360e-01 7.880000e-04 3.409760e-01
497 6.581320e-01 8.040000e-04 3.410640e-01
498 6.580000e-01 8.480000e-04 3.411520e-01
499 6.579160e-01 7.680000e-04 3.413160e-01
500 6.577880e-01 7.480000e-04 3.414640e-01
