1 9.993200e-01 6.080000e-04 7.200000e-05
2 9.989280e-01 8.440000e-04 2.280000e-04
3 9.984520e-01 1.100000e-03 4.480000e-04
4 9.979200e-01 1.380000e-03 7.000000e-04
5 9.973760e-01 1.620000e-03 1.004000e-03
6 9.967760e-01 1.876000e-03 1.348000e-03
7 9.960000e-01 2.240000e-03 1.760000e-03
8 9.952600e-01 2.548000e-03 2.192000e-03
9 9.945560e-01 2.752000e-03 2.692000e-03
10 9.938080e-01 3.016000e-03 3.176000e-03
11 9.928400e-01 3.456000e-03 3.704000e-03
12 9.919200e-01 3.736000e-03 4.344000e-03
13 9.910240e-01 3.936000e-03 5.040000e-03
14 9.900760e-01 4.148000e-03 5.776000e-03
15 9.891360e-01 4.328000e-03 6.536000e-03
16 9.881640e-01 4.500000e-03 7.336000e-03
17 9.872000e-01 4.744000e-03 8.056000e-03
18 9.861040e-01 4.972000e-03 8.924000e-03
19 9.851160e-01 5.104000e-03 9.780000e-03
20 9.840240e-01 5.268000e-03 1.070800e-02
21 9.829040e-01 5.400000e-03 1.169600e-02
22 9.818360e-01 5.564000e-03 1.260000e-02
23 9.807040e-01 5.716000e-03 1.358000e-02
24 9.796160e-01 5.772000e-03 1.461200e-02
25 9.784720e-01 5.976000e-03 1.555200e-02
26 9.772760e-01 6.124000e-03 1.660000e-02
27 9.758240e-01 6.516000e-03 1.766000e-02
28 9.744600e-01 6.664000e-03 1.887600e-02
29 9.729760e-01 6.852000e-03 2.017200e-02
30 9.716040e-01 7.060000e-03 2.133600e-02
31 9.702960e-01 7.088000e-03 2.261600e-02
32 9.688720e-01 7.244000e-03 2.388400e-02
33 9.674240e-01 7.408000e-03 2.516800e-02
34 9.660640e-01 7.508000e-03 2.642800e-02
35 9.647080e-01 7.616000e-03 2.767600e-02
36 9.633640e-01 7.656000e-03 2.898000e-02
37 9.620160e-01 7.748000e-03 3.023600e-02
38 9.605120e-01 7.832000e-03 3.165600e-02
39 9.589760e-01 8.092000e-03 3.293200e-02
40 9.574240e-01 8.180000e-03 3.439600e-02
41 9.561320e-01 8.108000e-03 3.576000e-02
42 9.547520e-01 8.048000e-03 3.720000e-02
43 9.533680e-01 8.024000e-03 3.860800e-02
44 9.519520e-01 8.068000e-03 3.998000e-02
45 9.505800e-01 8.088000e-03 4.133200e-02
46 9.491960e-01 7.956000e-03 4.284800e-02
47 9.476840e-01 8.136000e-03 4.418000e-02
48 9.461240e-01 8.200000e-03 4.567600e-02
49 9.445040e-01 8.356000e-03 4.714000e-02
50 9.429920e-01 8.264000e-03 4.874400e-02
51 9.413600e-01 8.464000e-03 5.017600e-02
52 9.397760e-01 8.524000e-03 5.170000e-02
53 9.383200e-01 8.344000e-03 5.333600e-02
54 9.367240e-01 8.440000e-03 5.483600e-02
55 9.351800e-01 8.516000e-03 5.630400e-02
56 9.338800e-01 8.380000e-03 5.774000e-02
57 9.324720e-01 8.304000e-03 5.922400e-02
58 9.309560e-01 8.356000e-03 6.068800e-02
59 9.295520e-01 8.280000e-03 6.216800e-02
60 9.280160e-01 8.408000e-03 6.357600e-02
61 9.265920e-01 8.312000e-03 6.509600e-02
62 9.251920e-01 8.208000e-03 6.660000e-02
63 9.237840e-01 8.140000e-03 6.807600e-02
64 9.223880e-01 8.184000e-03 6.942800e-02
65 9.209920e-01 8.188000e-03 7.082000e-02
66 9.195480e-01 8.096000e-03 7.235600e-02
67 9.181400e-01 8.324000e-03 7.353600e-02
68 9.166800e-01 8.340000e-03 7.498000e-02
69 9.152040e-01 8.368000e-03 7.642800e-02
70 9.137720e-01 8.356000e-03 7.787200e-02
71 9.124200e-01 8.248000e-03 7.933200e-02
72 9.110680e-01 8.072000e-03 8.086000e-02
73 9.096840e-01 8.024000e-03 8.229200e-02
74 9.081720e-01 7.988000e-03 8.384000e-02
75 9.069080e-01 7.768000e-03 8.532400e-02
76 9.056600e-01 7.648000e-03 8.669200e-02
77 9.043760e-01 7.512000e-03 8.811200e-02
78 9.031400e-01 7.396000e-03 8.946400e-02
79 9.019440e-01 7.284000e-03 9.077200e-02
80 9.006280e-01 7.352000e-03 9.202000e-02
81 8.993520e-01 7.400000e-03 9.324800e-02
82 8.981280e-01 7.300000e-03 9.457200e-02
83 8.968200e-01 7.320000e-03 9.586000e-02
84 8.954520e-01 7.264000e-03 9.728400e-02
85 8.940200e-01 7.392000e-03 9.858800e-02
86 8.926520e-01 7.428000e-03 9.992000e-02
87 8.913360e-01 7.408000e-03 1.012560e-01
88 8.898640e-01 7.468000e-03 1.026680e-01
89 8.886320e-01 7.504000e-03 1.038640e-01
90 8.871120e-01 7.552000e-03 1.053360e-01
91 8.857520e-01 7.612000e-03 1.066360e-01
92 8.844640e-01 7.472000e-03 1.080640e-01
93 8.832120e-01 7.508000e-03 1.092800e-01
94 8.819920e-01 7.400000e-03 1.106080e-01
95 8.807440e-01 7.440000e-03 1.118160e-01
96 8.794520e-01 7.360000e-03 1.131880e-01
97 8.782440e-01 7.300000e-03 1.144560e-01
98 8.769840e-01 7.296000e-03 1.157200e-01
99 8.758640e-01 6.988000e-03 1.171480e-01
100 8.746280e-01 6.972000e-03 1.184000e-01
101 8.735280e-01 6.868000e-03 1.196040e-01
102 8.723280e-01 6.940000e-03 1.207320e-01
103 8.710360e-01 6.992000e-03 1.219720e-01
104 8.698280e-01 6.976000e-03 1.231960e-01
105 8.683440e-01 7.236000e-03 1.244200e-01
106 8.669840e-01 7.384000e-03 1.256320e-01
107 8.658160e-01 7.300000e-03 1.268840e-01
108 8.644720e-01 7.424000e-03 1.281040e-01
109 8.632560e-01 7.320000e-03 1.294240e-01
110 8.618480e-01 7.468000e-03 1.306840e-01
111 8.604600e-01 7.580000e-03 1.319600e-01
112 8.591360e-01 7.600000e-03 1.332640e-01
113 8.578720e-01 7.524000e-03 1.346040e-01
114 8.567960e-01 7.356000e-03 1.358480e-01
115 8.556000e-01 7.312000e-03 1.370880e-01
116 8.545160e-01 7.112000e-03 1.383720e-01
117 8.533520e-01 7.116000e-03 1.395320e-01
118 8.522160e-01 7.036000e-03 1.407480e-01
119 8.511520e-01 6.820000e-03 1.420280e-01
120 8.499480e-01 6.732000e-03 1.433200e-01
121 8.488280e-01 6.680000e-03 1.444920e-01
122 8.477320e-01 6.560000e-03 1.457080e-01
123 8.466920e-01 6.412000e-03 1.468960e-01
124 8.454880e-01 6.540000e-03 1.479720e-01
125 8.443760e-01 6.496000e-03 1.491280e-01
126 8.431760e-01 6.592000e-03 1.502320e-01
127 8.420240e-01 6.644000e-03 1.513320e-01
128 8.408000e-01 6.644000e-03 1.525560e-01
129 8.396320e-01 6.692000e-03 1.536760e-01
130 8.383520e-01 6.752000e-03 1.548960e-01
131 8.371560e-01 6.844000e-03 1.560000e-01
132 8.359320e-01 6.808000e-03 1.572600e-01
133 8.347520e-01 6.824000e-03 1.584240e-01
134 8.335240e-01 6.928000e-03 1.595480e-01
135 8.322320e-01 7.024000e-03 1.607440e-01
136 8.309320e-01 7.096000e-03 1.619720e-01
137 8.297680e-01 7.092000e-03 1.631400e-01
138 8.286000e-01 6.964000e-03 1.644360e-01
139 8.275760e-01 6.832000e-03 1.655920e-01
140 8.264760e-01 6.720000e-03 1.668040e-01
141 8.254840e-01 6.404000e-03 1.681120e-01
142 8.245200e-01 6.240000e-03 1.692400e-01
143 8.234040e-01 6.280000e-03 1.703160e-01
144 8.222600e-01 6.236000e-03 1.715040e-01
145 8.213400e-01 6.060000e-03 1.726000e-01
146 8.203160e-01 6.000000e-03 1.736840e-01
147 8.191400e-01 6.164000e-03 1.746960e-01
148 8.181240e-01 6.076000e-03 1.758000e-01
149 8.172200e-01 5.880000e-03 1.769000e-01
150 8.161040e-01 6.016000e-03 1.778800e-01
151 8.150120e-01 5.988000e-03 1.790000e-01
152 8.139440e-01 6.004000e-03 1.800520e-01
153 8.129480e-01 5.976000e-03 1.810760e-01
154 8.119800e-01 5.916000e-03 1.821040e-01
155 8.109520e-01 6.024000e-03 1.830240e-01
156 8.100920e-01 5.884000e-03 1.840240e-01
157 8.091440e-01 5.744000e-03 1.851120e-01
158 8.082600e-01 5.700000e-03 1.860400e-01
159 8.073360e-01 5.632000e-03 1.870320e-01
160 8.064720e-01 5.472000e-03 1.880560e-01
161 8.055480e-01 5.396000e-03 1.890560e-01
162 8.046760e-01 5.348000e-03 1.899760e-01
163 8.037400e-01 5.252000e-03 1.910080e-01
164 8.027520e-01 5.364000e-03 1.918840e-01
165 8.018640e-01 5.304000e-03 1.928320e-01
166 8.009400e-01 5.392000e-03 1.936680e-01
167 7.998400e-01 5.640000e-03 1.945200e-01
168 7.988640e-01 5.608000e-03 1.955280e-01
169 7.978280e-01 5.680000e-03 1.964920e-01
170 7.968080e-01 5.760000e-03 1.974320e-01
171 7.958120e-01 5.888000e-03 1.983000e-01
172 7.946960e-01 5.868000e-03 1.994360e-01
173 7.935800e-01 6.032000e-03 2.003880e-01
174 7.925160e-01 6.008000e-03 2.014760e-01
175 7.914720e-01 6.032000e-03 2.024960e-01
176 7.903360e-01 6.128000e-03 2.035360e-01
177 7.892720e-01 6.192000e-03 2.045360e-01
178 7.882120e-01 6.104000e-03 2.056840e-01
179 7.871320e-01 6.148000e-03 2.067200e-01
180 7.860840e-01 6.100000e-03 2.078160e-01
181 7.850960e-01 6.012000e-03 2.088920e-01
182 7.840880e-01 6.016000e-03 2.098960e-01
183 7.832480e-01 5.836000e-03 2.109160e-01
184 7.824480e-01 5.596000e-03 2.119560e-01
185 7.816520e-01 5.408000e-03 2.129400e-01
186 7.808080e-01 5.312000e-03 2.138800e-01
187 7.800840e-01 5.076000e-03 2.148400e-01
188 7.792800e-01 5.000000e-03 2.157200e-01
189 7.785040e-01 4.904000e-03 2.165920e-01
190 7.777320e-01 4.820000e-03 2.174480e-01
191 7.769640e-01 4.748000e-03 2.182880e-01
192 7.762240e-01 4.680000e-03 2.190960e-01
193 7.755600e-01 4.432000e-03 2.200080e-01
194 7.748640e-01 4.468000e-03 2.206680e-01
195 7.742040e-01 4.340000e-03 2.214560e-01
196 7.733560e-01 4.508000e-03 2.221360e-01
197 7.727000e-01 4.448000e-03 2.228520e-01
198 7.719920e-01 4.424000e-03 2.235840e-01
199 7.712720e-01 4.308000e-03 2.244200e-01
200 7.705960e-01 4.224000e-03 2.251800e-01
201 7.698920e-01 4.192000e-03 2.259160e-01
202 7.692040e-01 4.152000e-03 2.266440e-01
203 7.684760e-01 4.160000e-03 2.273640e-01
204 7.678400e-01 4.064000e-03 2.280960e-01
205 7.671320e-01 4.040000e-03 2.288280e-01
206 7.665600e-01 3.944000e-03 2.294960e-01
207 7.660280e-01 3.772000e-03 2.302000e-01
208 7.654120e-01 3.684000e-03 2.309040e-01
209 7.648880e-01 3.600000e-03 2.315120e-01
210 7.643400e-01 3.576000e-03 2.320840e-01
211 7.637520e-01 3.548000e-03 2.327000e-01
212 7.631040e-01 3.528000e-03 2.333680e-01
213 7.624160e-01 3.540000e-03 2.340440e-01
214 7.616480e-01 3.684000e-03 2.346680e-01
215 7.609440e-01 3.736000e-03 2.353200e-01
216 7.602920e-01 3.740000e-03 2.359680e-01
217 7.595840e-01 3.852000e-03 2.365640e-01
218 7.588320e-01 3.956000e-03 2.372120e-01
219 7.580680e-01 4.080000e-03 2.378520e-01
220 7.572800e-01 4.140000e-03 2.385800e-01
221 7.565960e-01 4.232000e-03 2.391720e-01
222 7.559520e-01 4.236000e-03 2.398120e-01
223 7.553600e-01 4.096000e-03 2.405440e-01
224 7.546280e-01 4.052000e-03 2.413200e-01
225 7.539520e-01 4.076000e-03 2.419720e-01
226 7.531680e-01 4.136000e-03 2.426960e-01
227 7.524640e-01 4.112000e-03 2.434240e-01
228 7.516960e-01 4.184000e-03 2.441200e-01
229 7.510000e-01 4.188000e-03 2.448120e-01
230 7.503040e-01 4.180000e-03 2.455160e-01
231 7.495400e-01 4.240000e-03 2.462200e-01
232 7.487600e-01 4.256000e-03 2.469840e-01
233 7.479360e-01 4.356000e-03 2.477080e-01
234 7.471680e-01 4.372000e-03 2.484600e-01
235 7.463880e-01 4.444000e-03 2.491680e-01
236 7.457360e-01 4.312000e-03 2.499520e-01
237 7.450560e-01 4.244000e-03 2.507000e-01
238 7.443400e-01 4.208000e-03 2.514520e-01
239 7.436600e-01 4.136000e-03 2.522040e-01
240 7.429600e-01 4.152000e-03 2.528880e-01
241 7.422680e-01 4.064000e-03 2.536680e-01
242 7.415600e-01 4.080000e-03 2.543600e-01
243 7.409240e-01 3.992000e-03 2.550840e-01
244 7.401720e-01 3.992000e-03 2.558360e-01
245 7.394480e-01 3.988000e-03 2.565640e-01
246 7.387560e-01 3.908000e-03 2.573360e-01
247 7.381320e-01 3.868000e-03 2.580000e-01
248 7.375280e-01 3.760000e-03 2.587120e-01
249 7.369040e-01 3.672000e-03 2.594240e-01
250 7.362960e-01 3.680000e-03 2.600240e-01
251 7.355320e-01 3.800000e-03 2.606680e-01
252 7.347840e-01 3.968000e-03 2.612480e-01
253 7.339800e-01 4.096000e-03 2.619240e-01
254 7.332640e-01 4.116000e-03 2.626200e-01
255 7.323880e-01 4.268000e-03 2.633440e-01
256 7.317680e-01 4.096000e-03 2.641360e-01
257 7.311080e-01 4.004000e-03 2.648880e-01
258 7.304520e-01 3.980000e-03 2.655680e-01
259 7.297480e-01 3.992000e-03 2.662600e-01
260 7.291880e-01 3.824000e-03 2.669880e-01
261 7.285440e-01 3.760000e-03 2.676960e-01
262 7.279640e-01 3.672000e-03 2.683640e-01
263 7.273680e-01 3.720000e-03 2.689120e-01
264 7.267040e-01 3.692000e-03 2.696040e-01
265 7.261040e-01 3.592000e-03 2.703040e-01
266 7.254760e-01 3.600000e-03 2.709240e-01
267 7.248200e-01 3.644000e-03 2.715360e-01
268 7.240320e-01 3.720000e-03 2.722480e-01
269 7.234160e-01 3.660000e-03 2.729240e-01
270 7.227720e-01 3.608000e-03 2.736200e-01
271 7.219720e-01 3.788000e-03 2.742400e-01
272 7.213080e-01 3.756000e-03 2.749360e-01
273 7.206040e-01 3.764000e-03 2.756320e-01
274 7.199240e-01 3.760000e-03 2.763160e-01
275 7.192920e-01 3.752000e-03 2.769560e-01
276 7.186360e-01 3.768000e-03 2.775960e-01
277 7.180720e-01 3.652000e-03 2.782760e-01
278 7.174760e-01 3.640000e-03 2.788840e-01
279 7.168480e-01 3.732000e-03 2.794200e-01
280 7.161560e-01 3.732000e-03 2.801120e-01
281 7.154520e-01 3.792000e-03 2.807560e-01
282 7.147720e-01 3.816000e-03 2.814120e-01
283 7.140920e-01 3.836000e-03 2.820720e-01
284 7.134800e-01 3.772000e-03 2.827480e-01
285 7.129480e-01 3.628000e-03 2.834240e-01
286 7.122840e-01 3.672000e-03 2.840440e-01
287 7.116680e-01 3.588000e-03 2.847440e-01
288 7.110600e-01 3.604000e-03 2.853360e-01
289 7.104360e-01 3.648000e-03 2.859160e-01
290 7.098880e-01 3.548000e-03 2.865640e-01
291 7.092960e-01 3.532000e-03 2.871720e-01
292 7.087320e-01 3.564000e-03 2.877040e-01
293 7.081880e-01 3.588000e-03 2.882240e-01
294 7.077280e-01 3.528000e-03 2.887440e-01
295 7.071480e-01 3.448000e-03 2.894040e-01
296 7.066080e-01 3.408000e-03 2.899840e-01
297 7.059720e-01 3.396000e-03 2.906320e-01
298 7.054680e-01 3.244000e-03 2.912880e-01
299 7.048960e-01 3.224000e-03 2.918800e-01
300 7.043360e-01 3.244000e-03 2.924200e-01
301 7.038000e-01 3.168000e-03 2.930320e-01
302 7.032280e-01 3.204000e-03 2.935680e-01
303 7.026800e-01 3.252000e-03 2.940680e-01
304 7.021440e-01 3.260000e-03 2.945960e-01
305 7.016960e-01 3.148000e-03 2.951560e-01
306 7.012360e-01 3.056000e-03 2.957080e-01
307 7.007960e-01 2.936000e-03 2.962680e-01
308 7.004320e-01 2.780000e-03 2.967880e-01
309 7.000280e-01 2.692000e-03 2.972800e-01
310 6.995920e-01 2.684000e-03 2.977240e-01
311 6.991960e-01 2.672000e-03 2.981320e-01
312 6.988160e-01 2.620000e-03 2.985640e-01
313 6.982680e-01 2.688000e-03 2.990440e-01
314 6.978320e-01 2.660000e-03 2.995080e-01
315 6.973640e-01 2.664000e-03 2.999720e-01
316 6.968520e-01 2.704000e-03 3.004440e-01
317 6.964360e-01 2.592000e-03 3.009720e-01
318 6.960120e-01 2.588000e-03 3.014000e-01
319 6.956480e-01 2.536000e-03 3.018160e-01
320 6.951880e-01 2.584000e-03 3.022280e-01
321 6.948320e-01 2.456000e-03 3.027120e-01
322 6.944880e-01 2.376000e-03 3.031360e-01
323 6.941520e-01 2.296000e-03 3.035520e-01
324 6.938400e-01 2.140000e-03 3.040200e-01
325 6.935560e-01 2.012000e-03 3.044320e-01
326 6.931680e-01 2.028000e-03 3.048040e-01
327 6.928920e-01 1.952000e-03 3.051560e-01
328 6.926040e-01 1.880000e-03 3.055160e-01
329 6.923320e-01 1.800000e-03 3.058680e-01
330 6.920720e-01 1.764000e-03 3.061640e-01
331 6.917720e-01 1.716000e-03 3.065120e-01
332 6.914480e-01 1.676000e-03 3.068760e-01
333 6.911680e-01 1.660000e-03 3.071720e-01
334 6.908920e-01 1.640000e-03 3.074680e-01
335 6.906080e-01 1.660000e-03 3.077320e-01
336 6.903440e-01 1.616000e-03 3.080400e-01
337 6.901200e-01 1.584000e-03 3.082960e-01
338 6.899000e-01 1.496000e-03 3.086040e-01
339 6.896280e-01 1.580000e-03 3.087920e-01
340 6.893680e-01 1.532000e-03 3.091000e-01
341 6.890720e-01 1.572000e-03 3.093560e-01
342 6.887360e-01 1.644000e-03 3.096200e-01
343 6.884480e-01 1.648000e-03 3.099040e-01
344 6.881720e-01 1.648000e-03 3.101800e-01
345 6.878240e-01 1.700000e-03 3.104760e-01
346 6.874760e-01 1.708000e-03 3.108160e-01
347 6.872200e-01 1.712000e-03 3.110680e-01
348 6.868880e-01 1.776000e-03 3.113360e-01
349 6.865720e-01 1.748000e-03 3.116800e-01
350 6.863400e-01 1.700000e-03 3.119600e-01
351 6.859600e-01 1.780000e-03 3.122600e-01
352 6.856920e-01 1.744000e-03 3.125640e-01
353 6.854000e-01 1.720000e-03 3.128800e-01
354 6.850760e-01 1.720000e-03 3.132040e-01
355 6.847520e-01 1.748000e-03 3.135000e-01
356 6.844280e-01 1.768000e-03 3.138040e-01
357 6.840720e-01 1.828000e-03 3.141000e-01
358 6.837240e-01 1.868000e-03 3.144080e-01
359 6.833520e-01 1.868000e-03 3.147800e-01
360 6.829400e-01 1.924000e-03 3.151360e-01
361 6.826480e-01 1.892000e-03 3.154600e-01
362 6.823600e-01 1.828000e-03 3.158120e-01
363 6.820600e-01 1.808000e-03 3.161320e-01
364 6.817400e-01 1.852000e-03 3.164080e-01
365 6.813880e-01 1.908000e-03 3.167040e-01
366 6.810200e-01 1.892000e-03 3.170880e-01
367 6.807240e-01 1.836000e-03 3.174400e-01
368 6.804000e-01 1.860000e-03 3.177400e-01
369 6.800760e-01 1.816000e-03 3.181080e-01
370 6.797320e-01 1.888000e-03 3.183800e-01
371 6.794160e-01 1.904000e-03 3.186800e-01
372 6.790080e-01 1.976000e-03 3.190160e-01
373 6.786800e-01 1.968000e-03 3.193520e-01
374 6.782880e-01 1.988000e-03 3.197240e-01
375 6.778680e-01 2.056000e-03 3.200760e-01
376 6.774840e-01 2.056000e-03 3.204600e-01
377 6.771120e-01 2.056000e-03 3.208320e-01
378 6.767560e-01 2.008000e-03 3.212360e-01
379 6.764280e-01 1.968000e-03 3.216040e-01
380 6.761360e-01 1.860000e-03 3.220040e-01
381 6.758280e-01 1.792000e-03 3.223800e-01
382 6.755320e-01 1.752000e-03 3.227160e-01
383 6.752480e-01 1.680000e-03 3.230720e-01
384 6.749480e-01 1.712000e-03 3.233400e-01
385 6.746560e-01 1.676000e-03 3.236680e-01
386 6.743640e-01 1.736000e-03 3.239000e-01
387 6.739880e-01 1.816000e-03 3.241960e-01
388 6.737320e-01 1.764000e-03 3.245040e-01
389 6.734160e-01 1.804000e-03 3.247800e-01
390 6.730640e-01 1.832000e-03 3.251040e-01
391 6.728280e-01 1.784000e-03 3.253880e-01
392 6.725880e-01 1.712000e-03 3.257000e-01
393 6.722960e-01 1.740000e-03 3.259640e-01
394 6.720440e-01 1.660000e-03 3.262960e-01
395 6.717480e-01 1.736000e-03 3.265160e-01
396 6.714320e-01 1.740000e-03 3.268280e-01
397 6.711160e-01 1.760000e-03 3.271240e-01
398 6.707320e-01 1.864000e-03 3.274040e-01
399 6.704600e-01 1.784000e-03 3.277560e-01
400 6.701120e-01 1.820000e-03 3.280680e-01
401 6.697200e-01 1.888000e-03 3.283920e-01
402 6.693760e-01 1.948000e-03 3.286760e-01
403 6.690400e-01 1.968000e-03 3.289920e-01
404 6.686440e-01 2.020000e-03 3.293360e-01
405 6.683520e-01 1.968000e-03 3.296800e-01
406 6.679960e-01 1.996000e-03 3.300080e-01
407 6.676520e-01 1.976000e-03 3.303720e-01
408 6.674080e-01 1.896000e-03 3.306960e-01
409 6.671000e-01 1.808000e-03 3.310920e-01
410 6.667880e-01 1.776000e-03 3.314360e-01
411 6.665160e-01 1.732000e-03 3.317520e-01
412 6.662520e-01 1.712000e-03 3.320360e-01
413 6.659600e-01 1.664000e-03 3.323760e-01
414 6.656960e-01 1.640000e-03 3.326640e-01
415 6.654760e-01 1.516000e-03 3.330080e-01
416 6.652160e-01 1.524000e-03 3.332600e-01
417 6.648960e-01 1.584000e-03 3.335200e-01
418 6.646160e-01 1.608000e-03 3.337760e-01
419 6.643880e-01 1.548000e-03 3.340640e-01
420 6.641440e-01 1.520000e-03 3.343360e-01
421 6.638760e-01 1.516000e-03 3.346080e-01
422 6.636000e-01 1.548000e-03 3.348520e-01
423 6.633560e-01 1.484000e-03 3.351600e-01
424 6.630680e-01 1.416000e-03 3.355160e-01
425 6.628080e-01 1.424000e-03 3.357680e-01
426 6.625520e-01 1.464000e-03 3.359840e-01
427 6.623000e-01 1.432000e-03 3.362680e-01
428 6.620200e-01 1.456000e-03 3.365240e-01
429 6.617080e-01 1.604000e-03 3.366880e-01
430 6.614600e-01 1.536000e-03 3.370040e-01
431 6.611680e-01 1.568000e-03 3.372640e-01
432 6.608120e-01 1.672000e-03 3.375160e-01
433 6.604720e-01 1.768000e-03 3.377600e-01
434 6.602160e-01 1.748000e-03 3.380360e-01
435 6.598680e-01 1.756000e-03 3.383760e-01
436 6.595320e-01 1.788000e-03 3.386800e-01
437 6.592480e-01 1.832000e-03 3.389200e-01
438 6.589240e-01 1.864000e-03 3.392120e-01
439 6.586680e-01 1.732000e-03 3.396000e-01
440 6.584360e-01 1.676000e-03 3.398880e-01
441 6.581880e-01 1.624000e-03 3.401880e-01
442 6.579800e-01 1.532000e-03 3.404880e-01
443 6.577560e-01 1.528000e-03 3.407160e-01
444 6.575160e-01 1.488000e-03 3.409960e-01
445 6.572840e-01 1.484000e-03 3.412320e-01
446 6.570440e-01 1.484000e-03 3.414720e-01
447 6.568200e-01 1.460000e-03 3.417200e-01
448 6.565320e-01 1.480000e-03 3.419880e-01
449 6.562960e-01 1.516000e-03 3.421880e-01
450 6.560320e-01 1.516000e-03 3.424520e-01
451 6.558080e-01 1.448000e-03 3.427440e-01
452 6.555400e-01 1.420000e-03 3.430400e-01
453 6.552120e-01 1.532000e-03 3.432560e-01
454 6.549120e-01 1.572000e-03 3.435160e-01
455 6.546120e-01 1.632000e-03 3.437560e-01
456 6.543000e-01 1.584000e-03 3.441160e-01
457 6.540080e-01 1.596000e-03 3.443960e-01
458 6.537360e-01 1.568000e-03 3.446960e-01
459 6.534800e-01 1.616000e-03 3.449040e-01
460 6.532280e-01 1.624000e-03 3.451480e-01
461 6.529960e-01 1.548000e-03 3.454560e-01
462 6.527680e-01 1.544000e-03 3.456880e-01
463 6.525480e-01 1.512000e-03 3.459400e-01
464 6.523440e-01 1.408000e-03 3.462480e-01
465 6.521080e-01 1.416000e-03 3.464760e-01
466 6.519080e-01 1.428000e-03 3.466640e-01
467 6.516760e-01 1.396000e-03 3.469280e-01
468 6.514680e-01 1.368000e-03 3.471640e-01
469 6.512440e-01 1.352000e-03 3.474040e-01
470 6.510520e-01 1.300000e-03 3.476480e-01
471 6.508880e-01 1.240000e-03 3.478720e-01
472 6.507240e-01 1.168000e-03 3.481080e-01
473 6.505640e-01 1.108000e-03 3.483280e-01
474 6.504080e-01 1.068000e-03 3.485240e-01
475 6.502680e-01 9.840000e-04 3.487480e-01
476 6.500680e-01 1.004000e-03 3.489280e-01
477 6.498720e-01 1.040000e-03 3.490880e-01
478 6.496640e-01 1.052000e-03 3.492840e-01
479 6.495240e-01 9.880000e-04 3.494880e-01
480 6.494080e-01 9.200000e-04 3.496720e-01
481 6.492640e-01 9.440000e-04 3.497920e-01
482 6.490520e-01 9.720000e-04 3.499760e-01
483 6.489120e-01 9.760000e-04 3.501120e-01
484 6.487840e-01 9.080000e-04 3.503080e-01
485 6.485840e-01 9.160000e-04 3.505000e-01
486 6.483880e-01 9.520000e-04 3.506600e-01
487 6.481960e-01 9.760000e-04 3.508280e-01
488 6.480320e-01 1.000000e-03 3.509680e-01
489 6.478320e-01 1.008000e-03 3.511600e-01
490 6.476280e-01 9.880000e-04 3.513840e-01
491 6.474200e-01 1.040000e-03 3.515400e-01
492 6.471920e-01 1.060000e-03 3.517480e-01
493 6.470080e-01 1.084000e-03 3.519080e-01
494 6.468040e-01 1.080000e-03 3.521160e-01
495 6.466680e-01 1.068000e-03 3.522640e-01
496 6.464280e-01 1.128000e-03 3.524440e-01
497 6.462720e-01 1.108000e-03 3.526200e-01
498 6.461040e-01 1.084000e-03 3.528120e-01
499 6.459080e-01 1.088000e-03 3.530040e-01
500 6.456960e-01 1.128000e-03 3.531760e-01
