1 9.992080e-01 6.960000e-04 9.600000e-05
2 9.986880e-01 1.044000e-03 2.680000e-04
3 9.980120e-01 1.480000e-03 5.080000e-04
4 9.972520e-01 1.956000e-03 7.920000e-04
5 9.964520e-01 2.420000e-03 1.128000e-03
6 9.954640e-01 2.920000e-03 1.616000e-03
7 9.943840e-01 3.512000e-03 2.104000e-03
8 9.933680e-01 3.900000e-03 2.732000e-03
9 9.922560e-01 4.344000e-03 3.400000e-03
10 9.911720e-01 4.568000e-03 4.260000e-03
11 9.900600e-01 4.868000e-03 5.072000e-03
12 9.889680e-01 5.112000e-03 5.920000e-03
13 9.877640e-01 5.316000e-03 6.920000e-03
14 9.864080e-01 5.704000e-03 7.888000e-03
15 9.850480e-01 5.928000e-03 9.024000e-03
16 9.837120e-01 6.184000e-03 1.010400e-02
17 9.825120e-01 6.396000e-03 1.109200e-02
18 9.812640e-01 6.484000e-03 1.225200e-02
19 9.799120e-01 6.688000e-03 1.340000e-02
20 9.785920e-01 6.884000e-03 1.452400e-02
21 9.771440e-01 7.084000e-03 1.577200e-02
22 9.756880e-01 7.208000e-03 1.710400e-02
23 9.742560e-01 7.400000e-03 1.834400e-02
24 9.728880e-01 7.360000e-03 1.975200e-02
25 9.714120e-01 7.508000e-03 2.108000e-02
26 9.699600e-01 7.596000e-03 2.244400e-02
27 9.683440e-01 7.980000e-03 2.367600e-02
28 9.667280e-01 8.140000e-03 2.513200e-02
29 9.652640e-01 8.228000e-03 2.650800e-02
30 9.639440e-01 8.048000e-03 2.800800e-02
31 9.625200e-01 8.132000e-03 2.934800e-02
32 9.611160e-01 8.088000e-03 3.079600e-02
33 9.597400e-01 8.148000e-03 3.211200e-02
34 9.584240e-01 8.000000e-03 3.357600e-02
35 9.569880e-01 8.012000e-03 3.500000e-02
36 9.554640e-01 8.068000e-03 3.646800e-02
37 9.539880e-01 8.120000e-03 3.789200e-02
38 9.524960e-01 8.272000e-03 3.923200e-02
39 9.512080e-01 8.152000e-03 4.064000e-02
40 9.496880e-01 8.312000e-03 4.200000e-02
41 9.480280e-01 8.288000e-03 4.368400e-02
42 9.464840e-01 8.196000e-03 4.532000e-02
43 9.448520e-01 8.512000e-03 4.663600e-02
44 9.431800e-01 8.612000e-03 4.820800e-02
45 9.415520e-01 8.572000e-03 4.987600e-02
46 9.398080e-01 8.764000e-03 5.142800e-02
47 9.381640e-01 9.012000e-03 5.282400e-02
48 9.366600e-01 8.740000e-03 5.460000e-02
49 9.351000e-01 8.728000e-03 5.617200e-02
50 9.334320e-01 8.844000e-03 5.772400e-02
51 9.316880e-01 9.000000e-03 5.931200e-02
52 9.299720e-01 9.128000e-03 6.090000e-02
53 9.282440e-01 9.404000e-03 6.235200e-02
54 9.265800e-01 9.400000e-03 6.402000e-02
55 9.248120e-01 9.452000e-03 6.573600e-02
56 9.231160e-01 9.384000e-03 6.750000e-02
57 9.213840e-01 9.440000e-03 6.917600e-02
58 9.195520e-01 9.652000e-03 7.079600e-02
59 9.177680e-01 9.848000e-03 7.238400e-02
60 9.157960e-01 1.009600e-02 7.410800e-02
61 9.139160e-01 1.018000e-02 7.590400e-02
62 9.121640e-01 1.005200e-02 7.778400e-02
63 9.104760e-01 1.002800e-02 7.949600e-02
64 9.088080e-01 1.000400e-02 8.118800e-02
65 9.069040e-01 1.014400e-02 8.295200e-02
66 9.050000e-01 1.027200e-02 8.472800e-02
67 9.033880e-01 1.010400e-02 8.650800e-02
68 9.015520e-01 1.014000e-02 8.830800e-02
69 8.995040e-01 1.050000e-02 8.999600e-02
70 8.975120e-01 1.080000e-02 9.168800e-02
71 8.955600e-01 1.091600e-02 9.352400e-02
72 8.936200e-01 1.095600e-02 9.542400e-02
73 8.918960e-01 1.080000e-02 9.730400e-02
74 8.900680e-01 1.069200e-02 9.924000e-02
75 8.882920e-01 1.061200e-02 1.010960e-01
76 8.864120e-01 1.065600e-02 1.029320e-01
77 8.844800e-01 1.070000e-02 1.048200e-01
78 8.827080e-01 1.064400e-02 1.066480e-01
79 8.809480e-01 1.050000e-02 1.085520e-01
80 8.791800e-01 1.036000e-02 1.104600e-01
81 8.773840e-01 1.050800e-02 1.121080e-01
82 8.754920e-01 1.059200e-02 1.139160e-01
83 8.735960e-01 1.070400e-02 1.157000e-01
84 8.718560e-01 1.066000e-02 1.174840e-01
85 8.698760e-01 1.082000e-02 1.193040e-01
86 8.680760e-01 1.063200e-02 1.212920e-01
87 8.663360e-01 1.055600e-02 1.231080e-01
88 8.644880e-01 1.058400e-02 1.249280e-01
89 8.627760e-01 1.058000e-02 1.266440e-01
90 8.611000e-01 1.040400e-02 1.284960e-01
91 8.591520e-01 1.060000e-02 1.302480e-01
92 8.575680e-01 1.026800e-02 1.321640e-01
93 8.559040e-01 1.002400e-02 1.340720e-01
94 8.541920e-01 9.896000e-03 1.359120e-01
95 8.525240e-01 9.800000e-03 1.376760e-01
96 8.505200e-01 1.016400e-02 1.393160e-01
97 8.487320e-01 1.028000e-02 1.409880e-01
98 8.470040e-01 1.021200e-02 1.427840e-01
99 8.452640e-01 1.022800e-02 1.445080e-01
100 8.436880e-01 9.952000e-03 1.463600e-01
101 8.420120e-01 9.864000e-03 1.481240e-01
102 8.402920e-01 9.844000e-03 1.498640e-01
103 8.386360e-01 9.864000e-03 1.515000e-01
104 8.369800e-01 9.844000e-03 1.531760e-01
105 8.353080e-01 9.648000e-03 1.550440e-01
106 8.336800e-01 9.520000e-03 1.568000e-01
107 8.319800e-01 9.648000e-03 1.583720e-01
108 8.302440e-01 9.672000e-03 1.600840e-01
109 8.286520e-01 9.608000e-03 1.617400e-01
110 8.269200e-01 9.496000e-03 1.635840e-01
111 8.252400e-01 9.520000e-03 1.652400e-01
112 8.235720e-01 9.676000e-03 1.667520e-01
113 8.219040e-01 9.776000e-03 1.683200e-01
114 8.200880e-01 9.852000e-03 1.700600e-01
115 8.183840e-01 9.908000e-03 1.717080e-01
116 8.166960e-01 9.972000e-03 1.733320e-01
117 8.149800e-01 9.988000e-03 1.750320e-01
118 8.131400e-01 1.004000e-02 1.768200e-01
119 8.114840e-01 9.972000e-03 1.785440e-01
120 8.097400e-01 9.972000e-03 1.802880e-01
121 8.079840e-01 1.004000e-02 1.819760e-01
122 8.061680e-01 1.021600e-02 1.836160e-01
123 8.046200e-01 1.003600e-02 1.853440e-01
124 8.030640e-01 9.880000e-03 1.870560e-01
125 8.013800e-01 9.908000e-03 1.887120e-01
126 7.995400e-01 1.001200e-02 1.904480e-01
127 7.979160e-01 9.848000e-03 1.922360e-01
128 7.960600e-01 1.007200e-02 1.938680e-01
129 7.943760e-01 1.001200e-02 1.956120e-01
130 7.927360e-01 9.828000e-03 1.974360e-01
131 7.910680e-01 9.820000e-03 1.991120e-01
132 7.894480e-01 9.676000e-03 2.008760e-01
133 7.878040e-01 9.680000e-03 2.025160e-01
134 7.861800e-01 9.688000e-03 2.041320e-01
135 7.844400e-01 9.688000e-03 2.058720e-01
136 7.829440e-01 9.308000e-03 2.077480e-01
137 7.815040e-01 9.000000e-03 2.094960e-01
138 7.800640e-01 8.896000e-03 2.110400e-01
139 7.786880e-01 8.724000e-03 2.125880e-01
140 7.772920e-01 8.644000e-03 2.140640e-01
141 7.758840e-01 8.484000e-03 2.156320e-01
142 7.744920e-01 8.332000e-03 2.171760e-01
143 7.730600e-01 8.372000e-03 2.185680e-01
144 7.715800e-01 8.448000e-03 2.199720e-01
145 7.703280e-01 8.248000e-03 2.214240e-01
146 7.689760e-01 8.256000e-03 2.227680e-01
147 7.677440e-01 7.984000e-03 2.242720e-01
148 7.664440e-01 7.920000e-03 2.256360e-01
149 7.651400e-01 7.776000e-03 2.270840e-01
150 7.639280e-01 7.532000e-03 2.285400e-01
151 7.627320e-01 7.352000e-03 2.299160e-01
152 7.616080e-01 7.188000e-03 2.312040e-01
153 7.605320e-01 7.048000e-03 2.324200e-01
154 7.592440e-01 7.052000e-03 2.337040e-01
155 7.581040e-01 6.968000e-03 2.349280e-01
156 7.570000e-01 6.832000e-03 2.361680e-01
157 7.558440e-01 6.744000e-03 2.374120e-01
158 7.548800e-01 6.676000e-03 2.384440e-01
159 7.537560e-01 6.696000e-03 2.395480e-01
160 7.526720e-01 6.616000e-03 2.407120e-01
161 7.514000e-01 6.748000e-03 2.418520e-01
162 7.502160e-01 6.772000e-03 2.430120e-01
163 7.490120e-01 6.828000e-03 2.441600e-01
164 7.478760e-01 6.740000e-03 2.453840e-01
165 7.467680e-01 6.656000e-03 2.465760e-01
166 7.457880e-01 6.440000e-03 2.477720e-01
167 7.447960e-01 6.220000e-03 2.489840e-01
168 7.439400e-01 5.948000e-03 2.501120e-01
169 7.428680e-01 5.880000e-03 2.512520e-01
170 7.417160e-01 5.948000e-03 2.523360e-01
171 7.407760e-01 5.856000e-03 2.533680e-01
172 7.398720e-01 5.808000e-03 2.543200e-01
173 7.388480e-01 5.736000e-03 2.554160e-01
174 7.377960e-01 5.820000e-03 2.563840e-01
175 7.367880e-01 5.864000e-03 2.573480e-01
176 7.358440e-01 5.776000e-03 2.583800e-01
177 7.348920e-01 5.700000e-03 2.594080e-01
178 7.339880e-01 5.644000e-03 2.603680e-01
179 7.330640e-01 5.636000e-03 2.613000e-01
180 7.321680e-01 5.552000e-03 2.622800e-01
181 7.311760e-01 5.520000e-03 2.633040e-01
182 7.303200e-01 5.484000e-03 2.641960e-01
183 7.293920e-01 5.364000e-03 2.652440e-01
184 7.285080e-01 5.212000e-03 2.662800e-01
185 7.275400e-01 5.244000e-03 2.672160e-01
186 7.267080e-01 5.060000e-03 2.682320e-01
187 7.258440e-01 4.984000e-03 2.691720e-01
188 7.249120e-01 5.012000e-03 2.700760e-01
189 7.239720e-01 5.064000e-03 2.709640e-01
190 7.228640e-01 5.316000e-03 2.718200e-01
191 7.218840e-01 5.420000e-03 2.726960e-01
192 7.209320e-01 5.456000e-03 2.736120e-01
193 7.200120e-01 5.448000e-03 2.745400e-01
194 7.191280e-01 5.388000e-03 2.754840e-01
195 7.183000e-01 5.152000e-03 2.765480e-01
196 7.173800e-01 5.076000e-03 2.775440e-01
197 7.165360e-01 4.992000e-03 2.784720e-01
198 7.157280e-01 4.856000e-03 2.794160e-01
199 7.149520e-01 4.800000e-03 2.802480e-01
200 7.142120e-01 4.616000e-03 2.811720e-01
201 7.135120e-01 4.464000e-03 2.820240e-01
202 7.127160e-01 4.588000e-03 2.826960e-01
203 7.119760e-01 4.524000e-03 2.835000e-01
204 7.111360e-01 4.608000e-03 2.842560e-01
205 7.103480e-01 4.620000e-03 2.850320e-01
206 7.095240e-01 4.592000e-03 2.858840e-01
207 7.087760e-01 4.628000e-03 2.865960e-01
208 7.080200e-01 4.628000e-03 2.873520e-01
209 7.072760e-01 4.568000e-03 2.881560e-01
210 7.064160e-01 4.664000e-03 2.889200e-01
211 7.056200e-01 4.624000e-03 2.897560e-01
212 7.048280e-01 4.640000e-03 2.905320e-01
213 7.039960e-01 4.692000e-03 2.913120e-01
214 7.032120e-01 4.720000e-03 2.920680e-01
215 7.025240e-01 4.540000e-03 2.929360e-01
216 7.018400e-01 4.408000e-03 2.937520e-01
217 7.010200e-01 4.396000e-03 2.945840e-01
218 7.002720e-01 4.324000e-03 2.954040e-01
219 6.995600e-01 4.336000e-03 2.961040e-01
220 6.989400e-01 4.092000e-03 2.969680e-01
221 6.984000e-01 3.920000e-03 2.976800e-01
222 6.977440e-01 3.848000e-03 2.984080e-01
223 6.970640e-01 3.840000e-03 2.990960e-01
224 6.964160e-01 3.844000e-03 2.997400e-01
225 6.957160e-01 3.860000e-03 3.004240e-01
226 6.951160e-01 3.736000e-03 3.011480e-01
227 6.945200e-01 3.696000e-03 3.017840e-01
228 6.939120e-01 3.728000e-03 3.023600e-01
229 6.931960e-01 3.780000e-03 3.030240e-01
230 6.925520e-01 3.828000e-03 3.036200e-01
231 6.919040e-01 3.840000e-03 3.042560e-01
232 6.913640e-01 3.748000e-03 3.048880e-01
233 6.907680e-01 3.680000e-03 3.055520e-01
234 6.901560e-01 3.624000e-03 3.062200e-01
235 6.895760e-01 3.624000e-03 3.068000e-01
236 6.890160e-01 3.540000e-03 3.074440e-01
237 6.884560e-01 3.536000e-03 3.080080e-01
238 6.878280e-01 3.516000e-03 3.086560e-01
239 6.872560e-01 3.544000e-03 3.092000e-01
240 6.867520e-01 3.452000e-03 3.097960e-01
241 6.861240e-01 3.568000e-03 3.103080e-01
242 6.855320e-01 3.520000e-03 3.109480e-01
243 6.849280e-01 3.552000e-03 3.115200e-01
244 6.843840e-01 3.532000e-03 3.120840e-01
245 6.837800e-01 3.488000e-03 3.127320e-01
246 6.831880e-01 3.400000e-03 3.134120e-01
247 6.826920e-01 3.292000e-03 3.140160e-01
248 6.820720e-01 3.320000e-03 3.146080e-01
249 6.816160e-01 3.192000e-03 3.151920e-01
250 6.810600e-01 3.200000e-03 3.157400e-01
251 6.805800e-01 3.144000e-03 3.162760e-01
252 6.800520e-01 3.100000e-03 3.168480e-01
253 6.795080e-01 3.164000e-03 3.173280e-01
254 6.790040e-01 3.176000e-03 3.178200e-01
255 6.784920e-01 3.156000e-03 3.183520e-01
256 6.780120e-01 3.056000e-03 3.189320e-01
257 6.775360e-01 3.020000e-03 3.194440e-01
258 6.770840e-01 2.980000e-03 3.199360e-01
259 6.765880e-01 2.952000e-03 3.204600e-01
260 6.761360e-01 2.904000e-03 3.209600e-01
261 6.756880e-01 2.864000e-03 3.214480e-01
262 6.752440e-01 2.772000e-03 3.219840e-01
263 6.748440e-01 2.804000e-03 3.223520e-01
264 6.743760e-01 2.728000e-03 3.228960e-01
265 6.738840e-01 2.772000e-03 3.233440e-01
266 6.734560e-01 2.680000e-03 3.238640e-01
267 6.729480e-01 2.700000e-03 3.243520e-01
268 6.724800e-01 2.644000e-03 3.248760e-01
269 6.720280e-01 2.652000e-03 3.253200e-01
270 6.716080e-01 2.652000e-03 3.257400e-01
271 6.711400e-01 2.632000e-03 3.262280e-01
272 6.707760e-01 2.496000e-03 3.267280e-01
273 6.703560e-01 2.516000e-03 3.271280e-01
274 6.699440e-01 2.492000e-03 3.275640e-01
275 6.695280e-01 2.460000e-03 3.280120e-01
276 6.690600e-01 2.536000e-03 3.284040e-01
277 6.687080e-01 2.452000e-03 3.288400e-01
278 6.682920e-01 2.460000e-03 3.292480e-01
279 6.678240e-01 2.516000e-03 3.296600e-01
280 6.673840e-01 2.492000e-03 3.301240e-01
281 6.670240e-01 2.408000e-03 3.305680e-01
282 6.666400e-01 2.404000e-03 3.309560e-01
283 6.662960e-01 2.252000e-03 3.314520e-01
284 6.659320e-01 2.188000e-03 3.318800e-01
285 6.654760e-01 2.296000e-03 3.322280e-01
286 6.649680e-01 2.456000e-03 3.325760e-01
287 6.643840e-01 2.568000e-03 3.330480e-01
288 6.638320e-01 2.688000e-03 3.334800e-01
289 6.633760e-01 2.676000e-03 3.339480e-01
290 6.628760e-01 2.732000e-03 3.343920e-01
291 6.623680e-01 2.744000e-03 3.348880e-01
292 6.618440e-01 2.732000e-03 3.354240e-01
293 6.613280e-01 2.764000e-03 3.359080e-01
294 6.609080e-01 2.644000e-03 3.364480e-01
295 6.604800e-01 2.636000e-03 3.368840e-01
296 6.600760e-01 2.608000e-03 3.373160e-01
297 6.597640e-01 2.444000e-03 3.377920e-01
298 6.594760e-01 2.260000e-03 3.382640e-01
299 6.590600e-01 2.280000e-03 3.386600e-01
300 6.586120e-01 2.328000e-03 3.390600e-01
301 6.581600e-01 2.376000e-03 3.394640e-01
302 6.577840e-01 2.328000e-03 3.398880e-01
303 6.574400e-01 2.244000e-03 3.403160e-01
304 6.570760e-01 2.220000e-03 3.407040e-01
305 6.566320e-01 2.320000e-03 3.410480e-01
306 6.562880e-01 2.252000e-03 3.414600e-01
307 6.559480e-01 2.220000e-03 3.418320e-01
308 6.556320e-01 2.152000e-03 3.422160e-01
309 6.552800e-01 2.168000e-03 3.425520e-01
310 6.549160e-01 2.104000e-03 3.429800e-01
311 6.545600e-01 2.160000e-03 3.432800e-01
312 6.542720e-01 2.040000e-03 3.436880e-01
313 6.539120e-01 2.136000e-03 3.439520e-01
314 6.535560e-01 2.204000e-03 3.442400e-01
315 6.531920e-01 2.132000e-03 3.446760e-01
316 6.529280e-01 1.992000e-03 3.450800e-01
317 6.526680e-01 1.888000e-03 3.454440e-01
318 6.523440e-01 1.900000e-03 3.457560e-01
319 6.520360e-01 1.836000e-03 3.461280e-01
320 6.518280e-01 1.676000e-03 3.464960e-01
321 6.515360e-01 1.684000e-03 3.467800e-01
322 6.512880e-01 1.656000e-03 3.470560e-01
323 6.510000e-01 1.616000e-03 3.473840e-01
324 6.507920e-01 1.556000e-03 3.476520e-01
325 6.504880e-01 1.620000e-03 3.478920e-01
326 6.502360e-01 1.600000e-03 3.481640e-01
327 6.499880e-01 1.600000e-03 3.484120e-01
328 6.496520e-01 1.648000e-03 3.487000e-01
329 6.493600e-01 1.728000e-03 3.489120e-01
330 6.490560e-01 1.716000e-03 3.492280e-01
331 6.486960e-01 1.792000e-03 3.495120e-01
332 6.483520e-01 1.860000e-03 3.497880e-01
333 6.478880e-01 2.012000e-03 3.501000e-01
334 6.475120e-01 2.024000e-03 3.504640e-01
335 6.471000e-01 2.088000e-03 3.508120e-01
336 6.467640e-01 2.032000e-03 3.512040e-01
337 6.463040e-01 2.140000e-03 3.515560e-01
338 6.458680e-01 2.316000e-03 3.518160e-01
339 6.454000e-01 2.408000e-03 3.521920e-01
340 6.449040e-01 2.496000e-03 3.526000e-01
341 6.445200e-01 2.424000e-03 3.530560e-01
342 6.441520e-01 2.380000e-03 3.534680e-01
343 6.438160e-01 2.276000e-03 3.539080e-01
344 6.434760e-01 2.208000e-03 3.543160e-01
345 6.431280e-01 2.188000e-03 3.546840e-01
346 6.427440e-01 2.276000e-03 3.549800e-01
347 6.424200e-01 2.160000e-03 3.554200e-01
348 6.420680e-01 2.096000e-03 3.558360e-01
349 6.417720e-01 2.040000e-03 3.561880e-01
350 6.414920e-01 1.932000e-03 3.565760e-01
351 6.410840e-01 2.012000e-03 3.569040e-01
352 6.407840e-01 1.980000e-03 3.572360e-01
353 6.404160e-01 2.004000e-03 3.575800e-01
354 6.400440e-01 2.044000e-03 3.579120e-01
355 6.397120e-01 2.004000e-03 3.582840e-01
356 6.393680e-01 2.076000e-03 3.585560e-01
357 6.390400e-01 2.056000e-03 3.589040e-01
358 6.386200e-01 2.104000e-03 3.592760e-01
359 6.382360e-01 2.120000e-03 3.596440e-01
360 6.379640e-01 1.996000e-03 3.600400e-01
361 6.376760e-01 1.948000e-03 3.603760e-01
362 6.372920e-01 2.028000e-03 3.606800e-01
363 6.369280e-01 1.988000e-03 3.610840e-01
364 6.366360e-01 1.996000e-03 3.613680e-01
365 6.362840e-01 1.940000e-03 3.617760e-01
366 6.359120e-01 1.936000e-03 3.621520e-01
367 6.355520e-01 1.916000e-03 3.625320e-01
368 6.352040e-01 1.908000e-03 3.628880e-01
369 6.348920e-01 1.900000e-03 3.632080e-01
370 6.345880e-01 1.892000e-03 3.635200e-01
371 6.343320e-01 1.848000e-03 3.638200e-01
372 6.340840e-01 1.800000e-03 3.641160e-01
373 6.337480e-01 1.820000e-03 3.644320e-01
374 6.334560e-01 1.836000e-03 3.647080e-01
375 6.330440e-01 1.900000e-03 3.650560e-01
376 6.327320e-01 1.828000e-03 3.654400e-01
377 6.323840e-01 1.844000e-03 3.657720e-01
378 6.320480e-01 1.860000e-03 3.660920e-01
379 6.317440e-01 1.828000e-03 3.664280e-01
380 6.314520e-01 1.856000e-03 3.666920e-01
381 6.311640e-01 1.812000e-03 3.670240e-01
382 6.308880e-01 1.828000e-03 3.672840e-01
383 6.305920e-01 1.820000e-03 3.675880e-01
384 6.303720e-01 1.732000e-03 3.678960e-01
385 6.300160e-01 1.900000e-03 3.680840e-01
386 6.297120e-01 1.788000e-03 3.685000e-01
387 6.293960e-01 1.764000e-03 3.688400e-01
388 6.291480e-01 1.744000e-03 3.691080e-01
389 6.288440e-01 1.700000e-03 3.694560e-01
390 6.286120e-01 1.636000e-03 3.697520e-01
391 6.283600e-01 1.624000e-03 3.700160e-01
392 6.281480e-01 1.564000e-03 3.702880e-01
393 6.279040e-01 1.564000e-03 3.705320e-01
394 6.276800e-01 1.516000e-03 3.708040e-01
395 6.275000e-01 1.408000e-03 3.710920e-01
396 6.273200e-01 1.360000e-03 3.713200e-01
397 6.271560e-01 1.340000e-03 3.715040e-01
398 6.268720e-01 1.416000e-03 3.717120e-01
399 6.266960e-01 1.356000e-03 3.719480e-01
400 6.264800e-01 1.324000e-03 3.721960e-01
401 6.262480e-01 1.356000e-03 3.723960e-01
402 6.260400e-01 1.384000e-03 3.725760e-01
403 6.258240e-01 1.328000e-03 3.728480e-01
404 6.255960e-01 1.348000e-03 3.730560e-01
405 6.253280e-01 1.412000e-03 3.732600e-01
406 6.250880e-01 1.412000e-03 3.735000e-01
407 6.247680e-01 1.472000e-03 3.737600e-01
408 6.245360e-01 1.416000e-03 3.740480e-01
409 6.242520e-01 1.440000e-03 3.743080e-01
410 6.240160e-01 1.428000e-03 3.745560e-01
411 6.237960e-01 1.404000e-03 3.748000e-01
412 6.235240e-01 1.448000e-03 3.750280e-01
413 6.232880e-01 1.444000e-03 3.752680e-01
414 6.230760e-01 1.424000e-03 3.755000e-01
415 6.228560e-01 1.380000e-03 3.757640e-01
416 6.226400e-01 1.372000e-03 3.759880e-01
417 6.224040e-01 1.356000e-03 3.762400e-01
418 6.221040e-01 1.444000e-03 3.764520e-01
419 6.218000e-01 1.564000e-03 3.766360e-01
420 6.216120e-01 1.444000e-03 3.769440e-01
421 6.214360e-01 1.444000e-03 3.771200e-01
422 6.212080e-01 1.404000e-03 3.773880e-01
423 6.209440e-01 1.484000e-03 3.775720e-01
424 6.207080e-01 1.456000e-03 3.778360e-01
425 6.205000e-01 1.404000e-03 3.780960e-01
426 6.203080e-01 1.388000e-03 3.783040e-01
427 6.200680e-01 1.416000e-03 3.785160e-01
428 6.198440e-01 1.372000e-03 3.787840e-01
429 6.196440e-01 1.352000e-03 3.790040e-01
430 6.194880e-01 1.308000e-03 3.792040e-01
431 6.192800e-01 1.260000e-03 3.794600e-01
432 6.190320e-01 1.300000e-03 3.796680e-01
433 6.187400e-01 1.336000e-03 3.799240e-01
434 6.185080e-01 1.300000e-03 3.801920e-01
435 6.182480e-01 1.288000e-03 3.804640e-01
436 6.180760e-01 1.200000e-03 3.807240e-01
437 6.178600e-01 1.188000e-03 3.809520e-01
438 6.176760e-01 1.212000e-03 3.811120e-01
439 6.175200e-01 1.136000e-03 3.813440e-01
440 6.173440e-01 1.080000e-03 3.815760e-01
441 6.171920e-01 1.060000e-03 3.817480e-01
442 6.170120e-01 1.044000e-03 3.819440e-01
443 6.168360e-01 1.040000e-03 3.821240e-01
444 6.166560e-01 1.052000e-03 3.822920e-01
445 6.165000e-01 1.028000e-03 3.824720e-01
446 6.163440e-01 1.000000e-03 3.826560e-01
447 6.161960e-01 9.520000e-04 3.828520e-01
448 6.160440e-01 8.920000e-04 3.830640e-01
449 6.158680e-01 8.920000e-04 3.832400e-01
450 6.157160e-01 8.960000e-04 3.833880e-01
451 6.156000e-01 8.600000e-04 3.835400e-01
452 6.154240e-01 9.280000e-04 3.836480e-01
453 6.153440e-01 8.200000e-04 3.838360e-01
454 6.152480e-01 8.040000e-04 3.839480e-01
455 6.150560e-01 8.600000e-04 3.840840e-01
456 6.149360e-01 8.440000e-04 3.842200e-01
457 6.148080e-01 8.280000e-04 3.843640e-01
458 6.146560e-01 8.400000e-04 3.845040e-01
459 6.145320e-01 8.520000e-04 3.846160e-01
460 6.143800e-01 8.760000e-04 3.847440e-01
461 6.142280e-01 8.760000e-04 3.848960e-01
462 6.140760e-01 9.160000e-04 3.850080e-01
463 6.139560e-01 8.880000e-04 3.851560e-01
464 6.137040e-01 9.600000e-04 3.853360e-01
465 6.134960e-01 1.024000e-03 3.854800e-01
466 6.133160e-01 1.036000e-03 3.856480e-01
467 6.131320e-01 1.052000e-03 3.858160e-01
468 6.129920e-01 1.020000e-03 3.859880e-01
469 6.128480e-01 9.600000e-04 3.861920e-01
470 6.127040e-01 9.280000e-04 3.863680e-01
471 6.125600e-01 9.480000e-04 3.864920e-01
472 6.123880e-01 9.400000e-04 3.866720e-01
473 6.122120e-01 9.200000e-04 3.868680e-01
474 6.120560e-01 9.200000e-04 3.870240e-01
475 6.119240e-01 8.520000e-04 3.872240e-01
476 6.117960e-01 8.400000e-04 3.873640e-01
477 6.116280e-01 8.240000e-04 3.875480e-01
478 6.115320e-01 7.880000e-04 3.876800e-01
479 6.114160e-01 7.840000e-04 3.878000e-01
480 6.112280e-01 8.400000e-04 3.879320e-01
481 6.111200e-01 8.120000e-04 3.880680e-01
482 6.110240e-01 8.080000e-04 3.881680e-01
483 6.108680e-01 8.120000e-04 3.883200e-01
484 6.107080e-01 8.280000e-04 3.884640e-01
485 6.105600e-01 8.040000e-04 3.886360e-01
486 6.104120e-01 8.040000e-04 3.887840e-01
487 6.102640e-01 8.040000e-04 3.889320e-01
488 6.101480e-01 7.920000e-04 3.890600e-01
489 6.099880e-01 8.400000e-04 3.891720e-01
490 6.098840e-01 8.040000e-04 3.893120e-01
491 6.097840e-01 7.680000e-04 3.894480e-01
492 6.096760e-01 7.320000e-04 3.895920e-01
493 6.095840e-01 6.880000e-04 3.897280e-01
494 6.094480e-01 6.920000e-04 3.898600e-01
495 6.093160e-01 6.880000e-04 3.899960e-01
496 6.091760e-01 7.000000e-04 3.901240e-01
497 6.090400e-01 7.120000e-04 3.902480e-01
498 6.089200e-01 7.200000e-04 3.903600e-01
499 6.087520e-01 7.720000e-04 3.904760e-01
500 6.086040e-01 7.840000e-04 3.906120e-01
