1 9.992040e-01 7.160000e-04 8.000000e-05
2 9.986560e-01 1.084000e-03 2.600000e-04
3 9.979760e-01 1.512000e-03 5.120000e-04
4 9.972840e-01 1.900000e-03 8.160000e-04
5 9.965640e-01 2.252000e-03 1.184000e-03
6 9.957560e-01 2.564000e-03 1.680000e-03
7 9.949600e-01 2.808000e-03 2.232000e-03
8 9.941640e-01 3.108000e-03 2.728000e-03
9 9.934160e-01 3.368000e-03 3.216000e-03
10 9.924760e-01 3.736000e-03 3.788000e-03
11 9.915040e-01 4.016000e-03 4.480000e-03
12 9.904800e-01 4.336000e-03 5.184000e-03
13 9.894640e-01 4.540000e-03 5.996000e-03
14 9.884760e-01 4.700000e-03 6.824000e-03
15 9.875200e-01 4.832000e-03 7.648000e-03
16 9.865080e-01 5.064000e-03 8.428000e-03
17 9.854080e-01 5.260000e-03 9.332000e-03
18 9.841200e-01 5.672000e-03 1.020800e-02
19 9.828920e-01 5.780000e-03 1.132800e-02
20 9.816480e-01 5.924000e-03 1.242800e-02
21 9.802240e-01 6.288000e-03 1.348800e-02
22 9.788080e-01 6.660000e-03 1.453200e-02
23 9.774720e-01 6.816000e-03 1.571200e-02
24 9.761600e-01 7.008000e-03 1.683200e-02
25 9.749240e-01 6.972000e-03 1.810400e-02
26 9.737080e-01 6.904000e-03 1.938800e-02
27 9.723640e-01 6.940000e-03 2.069600e-02
28 9.710800e-01 6.892000e-03 2.202800e-02
29 9.697680e-01 6.968000e-03 2.326400e-02
30 9.682680e-01 7.360000e-03 2.437200e-02
31 9.668680e-01 7.496000e-03 2.563600e-02
32 9.653880e-01 7.648000e-03 2.696400e-02
33 9.639720e-01 7.644000e-03 2.838400e-02
34 9.625760e-01 7.604000e-03 2.982000e-02
35 9.611000e-01 7.760000e-03 3.114000e-02
36 9.595200e-01 7.972000e-03 3.250800e-02
37 9.580120e-01 8.152000e-03 3.383600e-02
38 9.564160e-01 8.280000e-03 3.530400e-02
39 9.546680e-01 8.560000e-03 3.677200e-02
40 9.531440e-01 8.440000e-03 3.841600e-02
41 9.516000e-01 8.456000e-03 3.994400e-02
42 9.499600e-01 8.504000e-03 4.153600e-02
43 9.483960e-01 8.564000e-03 4.304000e-02
44 9.466680e-01 8.788000e-03 4.454400e-02
45 9.451200e-01 8.656000e-03 4.622400e-02
46 9.434800e-01 8.840000e-03 4.768000e-02
47 9.418080e-01 8.984000e-03 4.920800e-02
48 9.401200e-01 9.124000e-03 5.075600e-02
49 9.385720e-01 9.032000e-03 5.239600e-02
50 9.369480e-01 8.992000e-03 5.406000e-02
51 9.353400e-01 9.192000e-03 5.546800e-02
52 9.337000e-01 9.276000e-03 5.702400e-02
53 9.319880e-01 9.312000e-03 5.870000e-02
54 9.304360e-01 9.296000e-03 6.026800e-02
55 9.286840e-01 9.448000e-03 6.186800e-02
56 9.272120e-01 9.220000e-03 6.356800e-02
57 9.255680e-01 9.164000e-03 6.526800e-02
58 9.239000e-01 9.084000e-03 6.701600e-02
59 9.224120e-01 8.964000e-03 6.862400e-02
60 9.208840e-01 8.880000e-03 7.023600e-02
61 9.193960e-01 8.808000e-03 7.179600e-02
62 9.178480e-01 8.796000e-03 7.335600e-02
63 9.161880e-01 8.968000e-03 7.484400e-02
64 9.144240e-01 9.176000e-03 7.640000e-02
65 9.129320e-01 9.060000e-03 7.800800e-02
66 9.114280e-01 9.036000e-03 7.953600e-02
67 9.099440e-01 8.940000e-03 8.111600e-02
68 9.085000e-01 8.860000e-03 8.264000e-02
69 9.070080e-01 8.988000e-03 8.400400e-02
70 9.053960e-01 9.004000e-03 8.560000e-02
71 9.038120e-01 8.968000e-03 8.722000e-02
72 9.023640e-01 8.920000e-03 8.871600e-02
73 9.008400e-01 8.868000e-03 9.029200e-02
74 8.993360e-01 8.808000e-03 9.185600e-02
75 8.977600e-01 8.944000e-03 9.329600e-02
76 8.961680e-01 8.980000e-03 9.485200e-02
77 8.946560e-01 8.932000e-03 9.641200e-02
78 8.931360e-01 8.940000e-03 9.792400e-02
79 8.916280e-01 8.932000e-03 9.944000e-02
80 8.900960e-01 8.916000e-03 1.009880e-01
81 8.885360e-01 8.832000e-03 1.026320e-01
82 8.871880e-01 8.652000e-03 1.041600e-01
83 8.856400e-01 8.716000e-03 1.056440e-01
84 8.838960e-01 8.956000e-03 1.071480e-01
85 8.822440e-01 9.008000e-03 1.087480e-01
86 8.807400e-01 8.968000e-03 1.102920e-01
87 8.793400e-01 8.888000e-03 1.117720e-01
88 8.780080e-01 8.604000e-03 1.133880e-01
89 8.766680e-01 8.516000e-03 1.148160e-01
90 8.752760e-01 8.388000e-03 1.163360e-01
91 8.738760e-01 8.300000e-03 1.178240e-01
92 8.724920e-01 8.168000e-03 1.193400e-01
93 8.710160e-01 8.124000e-03 1.208600e-01
94 8.695960e-01 8.048000e-03 1.223560e-01
95 8.681320e-01 8.160000e-03 1.237080e-01
96 8.665600e-01 8.284000e-03 1.251560e-01
97 8.649960e-01 8.344000e-03 1.266600e-01
98 8.635760e-01 8.348000e-03 1.280760e-01
99 8.621680e-01 8.364000e-03 1.294680e-01
100 8.608280e-01 8.212000e-03 1.309600e-01
101 8.595280e-01 8.084000e-03 1.323880e-01
102 8.582040e-01 7.904000e-03 1.338920e-01
103 8.568680e-01 7.912000e-03 1.352200e-01
104 8.555680e-01 7.880000e-03 1.365520e-01
105 8.542840e-01 7.828000e-03 1.378880e-01
106 8.529040e-01 7.828000e-03 1.392680e-01
107 8.514520e-01 7.860000e-03 1.406880e-01
108 8.501440e-01 7.824000e-03 1.420320e-01
109 8.487000e-01 7.984000e-03 1.433160e-01
110 8.472600e-01 8.020000e-03 1.447200e-01
111 8.458760e-01 7.984000e-03 1.461400e-01
112 8.444760e-01 8.004000e-03 1.475200e-01
113 8.432600e-01 7.896000e-03 1.488440e-01
114 8.421840e-01 7.592000e-03 1.502240e-01
115 8.408280e-01 7.520000e-03 1.516520e-01
116 8.397240e-01 7.256000e-03 1.530200e-01
117 8.385200e-01 7.156000e-03 1.543240e-01
118 8.372960e-01 7.196000e-03 1.555080e-01
119 8.359840e-01 7.188000e-03 1.568280e-01
120 8.347520e-01 7.236000e-03 1.580120e-01
121 8.334040e-01 7.268000e-03 1.593280e-01
122 8.321720e-01 7.304000e-03 1.605240e-01
123 8.309680e-01 7.132000e-03 1.619000e-01
124 8.298920e-01 6.960000e-03 1.631480e-01
125 8.287640e-01 6.860000e-03 1.643760e-01
126 8.276880e-01 6.736000e-03 1.655760e-01
127 8.266360e-01 6.672000e-03 1.666920e-01
128 8.254520e-01 6.680000e-03 1.678680e-01
129 8.243000e-01 6.720000e-03 1.689800e-01
130 8.231560e-01 6.620000e-03 1.702240e-01
131 8.220960e-01 6.508000e-03 1.713960e-01
132 8.209520e-01 6.448000e-03 1.726000e-01
133 8.198080e-01 6.520000e-03 1.736720e-01
134 8.186920e-01 6.440000e-03 1.748680e-01
135 8.177120e-01 6.216000e-03 1.760720e-01
136 8.167160e-01 6.116000e-03 1.771680e-01
137 8.156440e-01 6.108000e-03 1.782480e-01
138 8.145680e-01 6.056000e-03 1.793760e-01
139 8.135200e-01 5.956000e-03 1.805240e-01
140 8.124480e-01 5.904000e-03 1.816480e-01
141 8.114160e-01 5.996000e-03 1.825880e-01
142 8.104000e-01 5.980000e-03 1.836200e-01
143 8.093400e-01 6.016000e-03 1.846440e-01
144 8.083760e-01 5.860000e-03 1.857640e-01
145 8.073040e-01 5.888000e-03 1.868080e-01
146 8.061760e-01 6.056000e-03 1.877680e-01
147 8.050320e-01 6.152000e-03 1.888160e-01
148 8.039840e-01 6.068000e-03 1.899480e-01
149 8.028400e-01 6.164000e-03 1.909960e-01
150 8.016920e-01 6.200000e-03 1.921080e-01
151 8.005800e-01 6.116000e-03 1.933040e-01
152 7.993920e-01 6.144000e-03 1.944640e-01
153 7.982200e-01 6.228000e-03 1.955520e-01
154 7.971520e-01 6.252000e-03 1.965960e-01
155 7.959440e-01 6.460000e-03 1.975960e-01
156 7.946280e-01 6.640000e-03 1.987320e-01
157 7.933200e-01 6.784000e-03 1.998960e-01
158 7.921400e-01 6.680000e-03 2.011800e-01
159 7.910240e-01 6.640000e-03 2.023360e-01
160 7.898640e-01 6.572000e-03 2.035640e-01
161 7.887280e-01 6.536000e-03 2.047360e-01
162 7.877200e-01 6.356000e-03 2.059240e-01
163 7.867000e-01 6.292000e-03 2.070080e-01
164 7.856240e-01 6.296000e-03 2.080800e-01
165 7.845360e-01 6.220000e-03 2.092440e-01
166 7.834960e-01 6.160000e-03 2.103440e-01
167 7.824400e-01 6.132000e-03 2.114280e-01
168 7.814520e-01 6.032000e-03 2.125160e-01
169 7.804400e-01 5.924000e-03 2.136360e-01
170 7.795080e-01 5.792000e-03 2.147000e-01
171 7.784720e-01 5.816000e-03 2.157120e-01
172 7.774120e-01 5.724000e-03 2.168640e-01
173 7.764120e-01 5.716000e-03 2.178720e-01
174 7.753120e-01 5.804000e-03 2.188840e-01
175 7.742240e-01 5.956000e-03 2.198200e-01
176 7.732480e-01 5.876000e-03 2.208760e-01
177 7.722160e-01 5.732000e-03 2.220520e-01
178 7.711360e-01 5.820000e-03 2.230440e-01
179 7.700040e-01 5.976000e-03 2.240200e-01
180 7.689760e-01 6.004000e-03 2.250200e-01
181 7.679760e-01 5.964000e-03 2.260600e-01
182 7.670000e-01 5.728000e-03 2.272720e-01
183 7.659520e-01 5.828000e-03 2.282200e-01
184 7.649760e-01 5.724000e-03 2.293000e-01
185 7.639800e-01 5.672000e-03 2.303480e-01
186 7.629760e-01 5.664000e-03 2.313600e-01
187 7.619800e-01 5.656000e-03 2.323640e-01
188 7.610240e-01 5.652000e-03 2.333240e-01
189 7.601120e-01 5.632000e-03 2.342560e-01
190 7.591520e-01 5.608000e-03 2.352400e-01
191 7.582080e-01 5.624000e-03 2.361680e-01
192 7.571680e-01 5.644000e-03 2.371880e-01
193 7.562000e-01 5.616000e-03 2.381840e-01
194 7.552080e-01 5.696000e-03 2.390960e-01
195 7.542640e-01 5.596000e-03 2.401400e-01
196 7.533360e-01 5.588000e-03 2.410760e-01
197 7.524760e-01 5.424000e-03 2.421000e-01
198 7.515680e-01 5.396000e-03 2.430360e-01
199 7.506680e-01 5.332000e-03 2.440000e-01
200 7.497600e-01 5.424000e-03 2.448160e-01
201 7.488640e-01 5.428000e-03 2.457080e-01
202 7.480160e-01 5.284000e-03 2.467000e-01
203 7.473520e-01 4.940000e-03 2.477080e-01
204 7.465880e-01 4.844000e-03 2.485680e-01
205 7.456600e-01 4.996000e-03 2.493440e-01
206 7.447720e-01 5.064000e-03 2.501640e-01
207 7.437520e-01 5.232000e-03 2.510160e-01
208 7.429000e-01 5.128000e-03 2.519720e-01
209 7.420640e-01 5.072000e-03 2.528640e-01
210 7.411920e-01 5.048000e-03 2.537600e-01
211 7.404160e-01 4.988000e-03 2.545960e-01
212 7.397760e-01 4.792000e-03 2.554320e-01
213 7.389920e-01 4.708000e-03 2.563000e-01
214 7.382240e-01 4.652000e-03 2.571240e-01
215 7.375080e-01 4.588000e-03 2.579040e-01
216 7.368160e-01 4.468000e-03 2.587160e-01
217 7.361120e-01 4.436000e-03 2.594520e-01
218 7.354520e-01 4.332000e-03 2.602160e-01
219 7.347600e-01 4.296000e-03 2.609440e-01
220 7.341120e-01 4.156000e-03 2.617320e-01
221 7.334280e-01 4.056000e-03 2.625160e-01
222 7.327800e-01 4.024000e-03 2.631960e-01
223 7.321840e-01 3.892000e-03 2.639240e-01
224 7.315520e-01 3.892000e-03 2.645560e-01
225 7.308600e-01 3.936000e-03 2.652040e-01
226 7.302120e-01 3.844000e-03 2.659440e-01
227 7.296080e-01 3.772000e-03 2.666200e-01
228 7.289640e-01 3.732000e-03 2.673040e-01
229 7.282080e-01 3.824000e-03 2.679680e-01
230 7.275400e-01 3.852000e-03 2.686080e-01
231 7.268720e-01 3.800000e-03 2.693280e-01
232 7.262760e-01 3.668000e-03 2.700560e-01
233 7.256800e-01 3.556000e-03 2.707640e-01
234 7.251080e-01 3.440000e-03 2.714520e-01
235 7.245920e-01 3.360000e-03 2.720480e-01
236 7.240560e-01 3.320000e-03 2.726240e-01
237 7.234840e-01 3.252000e-03 2.732640e-01
238 7.229320e-01 3.268000e-03 2.738000e-01
239 7.223480e-01 3.244000e-03 2.744080e-01
240 7.218280e-01 3.164000e-03 2.750080e-01
241 7.213040e-01 3.140000e-03 2.755560e-01
242 7.206720e-01 3.208000e-03 2.761200e-01
243 7.200800e-01 3.232000e-03 2.766880e-01
244 7.195600e-01 3.140000e-03 2.773000e-01
245 7.190240e-01 3.148000e-03 2.778280e-01
246 7.184280e-01 3.244000e-03 2.783280e-01
247 7.178040e-01 3.288000e-03 2.789080e-01
248 7.171280e-01 3.468000e-03 2.794040e-01
249 7.165000e-01 3.512000e-03 2.799880e-01
250 7.158760e-01 3.476000e-03 2.806480e-01
251 7.152880e-01 3.480000e-03 2.812320e-01
252 7.146920e-01 3.480000e-03 2.818280e-01
253 7.141960e-01 3.348000e-03 2.824560e-01
254 7.136920e-01 3.312000e-03 2.829960e-01
255 7.131240e-01 3.364000e-03 2.835120e-01
256 7.125600e-01 3.244000e-03 2.841960e-01
257 7.120160e-01 3.228000e-03 2.847560e-01
258 7.114920e-01 3.116000e-03 2.853920e-01
259 7.110120e-01 3.000000e-03 2.859880e-01
260 7.104800e-01 3.028000e-03 2.864920e-01
261 7.100280e-01 2.976000e-03 2.869960e-01
262 7.095160e-01 3.016000e-03 2.874680e-01
263 7.090480e-01 2.892000e-03 2.880600e-01
264 7.085520e-01 2.836000e-03 2.886120e-01
265 7.080560e-01 2.856000e-03 2.890880e-01
266 7.075840e-01 2.840000e-03 2.895760e-01
267 7.070520e-01 2.876000e-03 2.900720e-01
268 7.066400e-01 2.744000e-03 2.906160e-01
269 7.061000e-01 2.900000e-03 2.910000e-01
270 7.055880e-01 2.912000e-03 2.915000e-01
271 7.050080e-01 2.928000e-03 2.920640e-01
272 7.044520e-01 3.040000e-03 2.925080e-01
273 7.038680e-01 3.080000e-03 2.930520e-01
274 7.033000e-01 3.108000e-03 2.935920e-01
275 7.027240e-01 3.148000e-03 2.941280e-01
276 7.021880e-01 3.156000e-03 2.946560e-01
277 7.016640e-01 3.188000e-03 2.951480e-01
278 7.011480e-01 3.188000e-03 2.956640e-01
279 7.006280e-01 3.232000e-03 2.961400e-01
280 7.001520e-01 3.220000e-03 2.966280e-01
281 6.995800e-01 3.216000e-03 2.972040e-01
282 6.990200e-01 3.180000e-03 2.978000e-01
283 6.985200e-01 3.156000e-03 2.983240e-01
284 6.980120e-01 3.084000e-03 2.989040e-01
285 6.974480e-01 3.120000e-03 2.994320e-01
286 6.968760e-01 3.140000e-03 2.999840e-01
287 6.963920e-01 3.144000e-03 3.004640e-01
288 6.959240e-01 3.064000e-03 3.010120e-01
289 6.953520e-01 3.148000e-03 3.015000e-01
290 6.948800e-01 3.084000e-03 3.020360e-01
291 6.944040e-01 2.984000e-03 3.026120e-01
292 6.939280e-01 2.940000e-03 3.031320e-01
293 6.933840e-01 2.968000e-03 3.036480e-01
294 6.928440e-01 2.944000e-03 3.042120e-01
295 6.923760e-01 2.928000e-03 3.046960e-01
296 6.919200e-01 2.840000e-03 3.052400e-01
297 6.914760e-01 2.824000e-03 3.057000e-01
298 6.910560e-01 2.780000e-03 3.061640e-01
299 6.906840e-01 2.680000e-03 3.066360e-01
300 6.902000e-01 2.760000e-03 3.070400e-01
301 6.897160e-01 2.740000e-03 3.075440e-01
302 6.891840e-01 2.812000e-03 3.080040e-01
303 6.887280e-01 2.796000e-03 3.084760e-01
304 6.881880e-01 2.864000e-03 3.089480e-01
305 6.877120e-01 2.816000e-03 3.094720e-01
306 6.872360e-01 2.688000e-03 3.100760e-01
307 6.867560e-01 2.676000e-03 3.105680e-01
308 6.863440e-01 2.588000e-03 3.110680e-01
309 6.859480e-01 2.500000e-03 3.115520e-01
310 6.855720e-01 2.416000e-03 3.120120e-01
311 6.851840e-01 2.364000e-03 3.124520e-01
312 6.848200e-01 2.332000e-03 3.128480e-01
313 6.845320e-01 2.124000e-03 3.133440e-01
314 6.842160e-01 2.168000e-03 3.136160e-01
315 6.838400e-01 2.156000e-03 3.140040e-01
316 6.834520e-01 2.212000e-03 3.143360e-01
317 6.830760e-01 2.220000e-03 3.147040e-01
318 6.827200e-01 2.180000e-03 3.151000e-01
319 6.822160e-01 2.328000e-03 3.154560e-01
320 6.817600e-01 2.348000e-03 3.158920e-01
321 6.813640e-01 2.264000e-03 3.163720e-01
322 6.809040e-01 2.332000e-03 3.167640e-01
323 6.804920e-01 2.300000e-03 3.172080e-01
324 6.800920e-01 2.268000e-03 3.176400e-01
325 6.796200e-01 2.292000e-03 3.180880e-01
326 6.791640e-01 2.248000e-03 3.185880e-01
327 6.787120e-01 2.292000e-03 3.189960e-01
328 6.782640e-01 2.296000e-03 3.194400e-01
329 6.778640e-01 2.364000e-03 3.197720e-01
330 6.774160e-01 2.436000e-03 3.201480e-01
331 6.769760e-01 2.460000e-03 3.205640e-01
332 6.764920e-01 2.516000e-03 3.209920e-01
333 6.760240e-01 2.564000e-03 3.214120e-01
334 6.754640e-01 2.644000e-03 3.218920e-01
335 6.750160e-01 2.620000e-03 3.223640e-01
336 6.745720e-01 2.580000e-03 3.228480e-01
337 6.741120e-01 2.568000e-03 3.233200e-01
338 6.736960e-01 2.480000e-03 3.238240e-01
339 6.732920e-01 2.472000e-03 3.242360e-01
340 6.728320e-01 2.484000e-03 3.246840e-01
341 6.724480e-01 2.456000e-03 3.250960e-01
342 6.720240e-01 2.468000e-03 3.255080e-01
343 6.717040e-01 2.372000e-03 3.259240e-01
344 6.713360e-01 2.276000e-03 3.263880e-01
345 6.710480e-01 2.160000e-03 3.267920e-01
346 6.706840e-01 2.172000e-03 3.271440e-01
347 6.702280e-01 2.164000e-03 3.276080e-01
348 6.699280e-01 2.132000e-03 3.279400e-01
349 6.695600e-01 2.104000e-03 3.283360e-01
350 6.692400e-01 2.028000e-03 3.287320e-01
351 6.689240e-01 2.004000e-03 3.290720e-01
352 6.685360e-01 2.020000e-03 3.294440e-01
353 6.681920e-01 2.028000e-03 3.297800e-01
354 6.679080e-01 2.020000e-03 3.300720e-01
355 6.676160e-01 1.992000e-03 3.303920e-01
356 6.672520e-01 2.036000e-03 3.307120e-01
357 6.669800e-01 1.960000e-03 3.310600e-01
358 6.667280e-01 1.836000e-03 3.314360e-01
359 6.663080e-01 1.940000e-03 3.317520e-01
360 6.660120e-01 1.856000e-03 3.321320e-01
361 6.657040e-01 1.880000e-03 3.324160e-01
362 6.653120e-01 1.964000e-03 3.327240e-01
363 6.649200e-01 1.948000e-03 3.331320e-01
364 6.645600e-01 1.992000e-03 3.334480e-01
365 6.642200e-01 1.944000e-03 3.338360e-01
366 6.638480e-01 1.988000e-03 3.341640e-01
367 6.633920e-01 2.100000e-03 3.345080e-01
368 6.630520e-01 2.012000e-03 3.349360e-01
369 6.627440e-01 1.944000e-03 3.353120e-01
370 6.624320e-01 1.936000e-03 3.356320e-01
371 6.620600e-01 1.988000e-03 3.359520e-01
372 6.616560e-01 2.020000e-03 3.363240e-01
373 6.612840e-01 2.064000e-03 3.366520e-01
374 6.609680e-01 2.076000e-03 3.369560e-01
375 6.606840e-01 2.016000e-03 3.373000e-01
376 6.604040e-01 1.964000e-03 3.376320e-01
377 6.600560e-01 1.968000e-03 3.379760e-01
378 6.596840e-01 2.044000e-03 3.382720e-01
379 6.592920e-01 2.080000e-03 3.386280e-01
380 6.589080e-01 2.092000e-03 3.390000e-01
381 6.586400e-01 1.984000e-03 3.393760e-01
382 6.583800e-01 1.900000e-03 3.397200e-01
383 6.580520e-01 1.880000e-03 3.400680e-01
384 6.577720e-01 1.832000e-03 3.403960e-01
385 6.574840e-01 1.764000e-03 3.407520e-01
386 6.571880e-01 1.660000e-03 3.411520e-01
387 6.569320e-01 1.656000e-03 3.414120e-01
388 6.566840e-01 1.636000e-03 3.416800e-01
389 6.563520e-01 1.668000e-03 3.419800e-01
390 6.560360e-01 1.700000e-03 3.422640e-01
391 6.557480e-01 1.668000e-03 3.425840e-01
392 6.554520e-01 1.676000e-03 3.428720e-01
393 6.551520e-01 1.712000e-03 3.431360e-01
394 6.548320e-01 1.704000e-03 3.434640e-01
395 6.545520e-01 1.672000e-03 3.437760e-01
396 6.542880e-01 1.560000e-03 3.441520e-01
397 6.539440e-01 1.616000e-03 3.444400e-01
398 6.536280e-01 1.644000e-03 3.447280e-01
399 6.533400e-01 1.652000e-03 3.450080e-01
400 6.530800e-01 1.632000e-03 3.452880e-01
401 6.527840e-01 1.672000e-03 3.455440e-01
402 6.525800e-01 1.576000e-03 3.458440e-01
403 6.523280e-01 1.560000e-03 3.461120e-01
404 6.521280e-01 1.512000e-03 3.463600e-01
405 6.518240e-01 1.572000e-03 3.466040e-01
406 6.515520e-01 1.580000e-03 3.468680e-01
407 6.512840e-01 1.592000e-03 3.471240e-01
408 6.510880e-01 1.456000e-03 3.474560e-01
409 6.508800e-01 1.448000e-03 3.476720e-01
410 6.506600e-01 1.400000e-03 3.479400e-01
411 6.504080e-01 1.444000e-03 3.481480e-01
412 6.501520e-01 1.472000e-03 3.483760e-01
413 6.498720e-01 1.452000e-03 3.486760e-01
414 6.495680e-01 1.532000e-03 3.489000e-01
415 6.493200e-01 1.524000e-03 3.491560e-01
416 6.490040e-01 1.564000e-03 3.494320e-01
417 6.486920e-01 1.600000e-03 3.497080e-01
418 6.483840e-01 1.676000e-03 3.499400e-01
419 6.481400e-01 1.604000e-03 3.502560e-01
420 6.478200e-01 1.648000e-03 3.505320e-01
421 6.475640e-01 1.596000e-03 3.508400e-01
422 6.473480e-01 1.564000e-03 3.510880e-01
423 6.470880e-01 1.516000e-03 3.513960e-01
424 6.468280e-01 1.524000e-03 3.516480e-01
425 6.465840e-01 1.508000e-03 3.519080e-01
426 6.464480e-01 1.360000e-03 3.521920e-01
427 6.462880e-01 1.328000e-03 3.523840e-01
428 6.461000e-01 1.284000e-03 3.526160e-01
429 6.459320e-01 1.232000e-03 3.528360e-01
430 6.457120e-01 1.252000e-03 3.530360e-01
431 6.454760e-01 1.300000e-03 3.532240e-01
432 6.451880e-01 1.360000e-03 3.534520e-01
433 6.449200e-01 1.396000e-03 3.536840e-01
434 6.447480e-01 1.316000e-03 3.539360e-01
435 6.445680e-01 1.260000e-03 3.541720e-01
436 6.443120e-01 1.284000e-03 3.544040e-01
437 6.441320e-01 1.252000e-03 3.546160e-01
438 6.439040e-01 1.288000e-03 3.548080e-01
439 6.437080e-01 1.284000e-03 3.550080e-01
440 6.435200e-01 1.232000e-03 3.552480e-01
441 6.433560e-01 1.160000e-03 3.554840e-01
442 6.431480e-01 1.168000e-03 3.556840e-01
443 6.429440e-01 1.144000e-03 3.559120e-01
444 6.427200e-01 1.180000e-03 3.561000e-01
445 6.425400e-01 1.176000e-03 3.562840e-01
446 6.423640e-01 1.120000e-03 3.565160e-01
447 6.421440e-01 1.124000e-03 3.567320e-01
448 6.420080e-01 1.084000e-03 3.569080e-01
449 6.418040e-01 1.068000e-03 3.571280e-01
450 6.416760e-01 1.004000e-03 3.573200e-01
451 6.415360e-01 9.680000e-04 3.574960e-01
452 6.413920e-01 9.560000e-04 3.576520e-01
453 6.412960e-01 8.600000e-04 3.578440e-01
454 6.411720e-01 8.240000e-04 3.580040e-01
455 6.410760e-01 7.360000e-04 3.581880e-01
456 6.409920e-01 6.920000e-04 3.583160e-01
457 6.408760e-01 7.000000e-04 3.584240e-01
458 6.407360e-01 7.280000e-04 3.585360e-01
459 6.406080e-01 6.920000e-04 3.587000e-01
460 6.405360e-01 6.400000e-04 3.588240e-01
461 6.404280e-01 6.360000e-04 3.589360e-01
462 6.403120e-01 6.560000e-04 3.590320e-01
463 6.401760e-01 6.720000e-04 3.591520e-01
464 6.400760e-01 6.160000e-04 3.593080e-01
465 6.399840e-01 5.640000e-04 3.594520e-01
466 6.398880e-01 5.400000e-04 3.595720e-01
467 6.398080e-01 5.400000e-04 3.596520e-01
468 6.397200e-01 5.520000e-04 3.597280e-01
469 6.396320e-01 5.240000e-04 3.598440e-01
470 6.394840e-01 5.960000e-04 3.599200e-01
471 6.393880e-01 6.000000e-04 3.600120e-01
472 6.392240e-01 6.280000e-04 3.601480e-01
473 6.391040e-01 6.040000e-04 3.602920e-01
474 6.389960e-01 5.800000e-04 3.604240e-01
475 6.389040e-01 5.560000e-04 3.605400e-01
476 6.387920e-01 5.920000e-04 3.606160e-01
477 6.386880e-01 5.960000e-04 3.607160e-01
478 6.386120e-01 5.720000e-04 3.608160e-01
479 6.385160e-01 5.320000e-04 3.609520e-01
480 6.384120e-01 5.440000e-04 3.610440e-01
481 6.383240e-01 5.320000e-04 3.611440e-01
482 6.382080e-01 5.720000e-04 3.612200e-01
483 6.381240e-01 5.560000e-04 3.613200e-01
484 6.379960e-01 6.040000e-04 3.614000e-01
485 6.379040e-01 5.800000e-04 3.615160e-01
486 6.378120e-01 5.760000e-04 3.616120e-01
487 6.377160e-01 5.640000e-04 3.617200e-01
488 6.376680e-01 5.000000e-04 3.618320e-01
489 6.376000e-01 4.760000e-04 3.619240e-01
490 6.375440e-01 4.360000e-04 3.620200e-01
491 6.374720e-01 4.520000e-04 3.620760e-01
492 6.374000e-01 4.360000e-04 3.621640e-01
493 6.373520e-01 4.360000e-04 3.622120e-01
494 6.373040e-01 3.720000e-04 3.623240e-01
495 6.372600e-01 3.320000e-04 3.624080e-01
496 6.372040e-01 3.280000e-04 3.624680e-01
497 6.371280e-01 3.520000e-04 3.625200e-01
498 6.370840e-01 3.400000e-04 3.625760e-01
499 6.370200e-01 3.400000e-04 3.626400e-01
500 6.369720e-01 3.320000e-04 3.626960e-01
