1 9.991560e-01 7.480000e-04 9.600000e-05
2 9.986280e-01 1.132000e-03 2.400000e-04
3 9.979440e-01 1.556000e-03 5.000000e-04
4 9.970560e-01 2.156000e-03 7.880000e-04
5 9.961160e-01 2.692000e-03 1.192000e-03
6 9.951560e-01 3.152000e-03 1.692000e-03
7 9.941240e-01 3.628000e-03 2.248000e-03
8 9.930800e-01 3.928000e-03 2.992000e-03
9 9.920920e-01 4.224000e-03 3.684000e-03
10 9.909840e-01 4.516000e-03 4.500000e-03
11 9.898480e-01 4.860000e-03 5.292000e-03
12 9.886440e-01 5.244000e-03 6.112000e-03
13 9.873320e-01 5.632000e-03 7.036000e-03
14 9.860800e-01 5.960000e-03 7.960000e-03
15 9.848560e-01 6.096000e-03 9.048000e-03
16 9.835320e-01 6.268000e-03 1.020000e-02
17 9.823320e-01 6.484000e-03 1.118400e-02
18 9.811400e-01 6.560000e-03 1.230000e-02
19 9.798320e-01 6.664000e-03 1.350400e-02
20 9.784000e-01 6.900000e-03 1.470000e-02
21 9.769760e-01 6.976000e-03 1.604800e-02
22 9.753760e-01 7.284000e-03 1.734000e-02
23 9.738720e-01 7.484000e-03 1.864400e-02
24 9.724880e-01 7.572000e-03 1.994000e-02
25 9.710800e-01 7.644000e-03 2.127600e-02
26 9.696640e-01 7.704000e-03 2.263200e-02
27 9.683000e-01 7.800000e-03 2.390000e-02
28 9.669600e-01 7.764000e-03 2.527600e-02
29 9.655720e-01 7.800000e-03 2.662800e-02
30 9.641600e-01 7.888000e-03 2.795200e-02
31 9.627000e-01 8.004000e-03 2.929600e-02
32 9.613320e-01 7.960000e-03 3.070800e-02
33 9.601280e-01 7.808000e-03 3.206400e-02
34 9.588280e-01 7.732000e-03 3.344000e-02
35 9.572320e-01 7.968000e-03 3.480000e-02
36 9.557800e-01 8.024000e-03 3.619600e-02
37 9.542000e-01 8.120000e-03 3.768000e-02
38 9.527000e-01 8.188000e-03 3.911200e-02
39 9.511000e-01 8.356000e-03 4.054400e-02
40 9.495680e-01 8.408000e-03 4.202400e-02
41 9.479960e-01 8.524000e-03 4.348000e-02
42 9.465680e-01 8.404000e-03 4.502800e-02
43 9.450080e-01 8.488000e-03 4.650400e-02
44 9.435360e-01 8.412000e-03 4.805200e-02
45 9.419960e-01 8.472000e-03 4.953200e-02
46 9.404480e-01 8.540000e-03 5.101200e-02
47 9.391240e-01 8.336000e-03 5.254000e-02
48 9.375440e-01 8.528000e-03 5.392800e-02
49 9.360720e-01 8.536000e-03 5.539200e-02
50 9.346000e-01 8.492000e-03 5.690800e-02
51 9.329720e-01 8.632000e-03 5.839600e-02
52 9.313440e-01 8.712000e-03 5.994400e-02
53 9.297200e-01 8.828000e-03 6.145200e-02
54 9.280960e-01 8.940000e-03 6.296400e-02
55 9.265200e-01 8.924000e-03 6.455600e-02
56 9.250680e-01 8.940000e-03 6.599200e-02
57 9.237120e-01 8.648000e-03 6.764000e-02
58 9.222280e-01 8.500000e-03 6.927200e-02
59 9.207440e-01 8.560000e-03 7.069600e-02
60 9.192160e-01 8.512000e-03 7.227200e-02
61 9.177040e-01 8.504000e-03 7.379200e-02
62 9.162360e-01 8.432000e-03 7.533200e-02
63 9.148840e-01 8.292000e-03 7.682400e-02
64 9.134800e-01 8.248000e-03 7.827200e-02
65 9.120560e-01 8.176000e-03 7.976800e-02
66 9.106720e-01 8.200000e-03 8.112800e-02
67 9.093600e-01 8.124000e-03 8.251600e-02
68 9.079320e-01 8.244000e-03 8.382400e-02
69 9.065800e-01 8.032000e-03 8.538800e-02
70 9.053080e-01 7.940000e-03 8.675200e-02
71 9.039640e-01 7.824000e-03 8.821200e-02
72 9.026000e-01 7.840000e-03 8.956000e-02
73 9.012600e-01 7.644000e-03 9.109600e-02
74 8.999800e-01 7.628000e-03 9.239200e-02
75 8.987320e-01 7.632000e-03 9.363600e-02
76 8.973880e-01 7.568000e-03 9.504400e-02
77 8.960280e-01 7.604000e-03 9.636800e-02
78 8.946120e-01 7.652000e-03 9.773600e-02
79 8.933080e-01 7.580000e-03 9.911200e-02
80 8.918640e-01 7.628000e-03 1.005080e-01
81 8.905000e-01 7.640000e-03 1.018600e-01
82 8.890600e-01 7.644000e-03 1.032960e-01
83 8.874480e-01 7.932000e-03 1.046200e-01
84 8.859360e-01 8.124000e-03 1.059400e-01
85 8.844800e-01 8.192000e-03 1.073280e-01
86 8.829640e-01 8.348000e-03 1.086880e-01
87 8.814680e-01 8.328000e-03 1.102040e-01
88 8.800320e-01 8.160000e-03 1.118080e-01
89 8.787200e-01 8.028000e-03 1.132520e-01
90 8.774240e-01 7.932000e-03 1.146440e-01
91 8.760800e-01 8.048000e-03 1.158720e-01
92 8.748640e-01 7.900000e-03 1.172360e-01
93 8.734960e-01 8.084000e-03 1.184200e-01
94 8.721440e-01 8.020000e-03 1.198360e-01
95 8.709400e-01 7.780000e-03 1.212800e-01
96 8.696360e-01 7.716000e-03 1.226480e-01
97 8.683200e-01 7.660000e-03 1.240200e-01
98 8.670360e-01 7.660000e-03 1.253040e-01
99 8.656840e-01 7.716000e-03 1.266000e-01
100 8.643400e-01 7.624000e-03 1.280360e-01
101 8.630760e-01 7.596000e-03 1.293280e-01
102 8.617600e-01 7.580000e-03 1.306600e-01
103 8.604240e-01 7.664000e-03 1.319120e-01
104 8.592400e-01 7.516000e-03 1.332440e-01
105 8.580400e-01 7.380000e-03 1.345800e-01
106 8.569560e-01 7.136000e-03 1.359080e-01
107 8.557760e-01 7.060000e-03 1.371640e-01
108 8.544000e-01 7.216000e-03 1.383840e-01
109 8.532560e-01 7.052000e-03 1.396920e-01
110 8.521520e-01 6.828000e-03 1.410200e-01
111 8.511120e-01 6.660000e-03 1.422280e-01
112 8.500280e-01 6.664000e-03 1.433080e-01
113 8.489600e-01 6.712000e-03 1.443280e-01
114 8.479320e-01 6.608000e-03 1.454600e-01
115 8.466840e-01 6.628000e-03 1.466880e-01
116 8.455480e-01 6.792000e-03 1.476600e-01
117 8.445560e-01 6.564000e-03 1.488800e-01
118 8.432440e-01 6.600000e-03 1.501560e-01
119 8.419400e-01 6.812000e-03 1.512480e-01
120 8.407040e-01 6.944000e-03 1.523520e-01
121 8.394200e-01 7.024000e-03 1.535560e-01
122 8.382640e-01 6.892000e-03 1.548440e-01
123 8.368960e-01 7.012000e-03 1.560920e-01
124 8.356440e-01 6.964000e-03 1.573920e-01
125 8.343480e-01 6.992000e-03 1.586600e-01
126 8.330440e-01 7.136000e-03 1.598200e-01
127 8.317960e-01 7.132000e-03 1.610720e-01
128 8.306560e-01 6.976000e-03 1.623680e-01
129 8.295760e-01 6.968000e-03 1.634560e-01
130 8.284960e-01 6.692000e-03 1.648120e-01
131 8.274320e-01 6.456000e-03 1.661120e-01
132 8.264440e-01 6.248000e-03 1.673080e-01
133 8.253880e-01 6.120000e-03 1.684920e-01
134 8.242760e-01 6.200000e-03 1.695240e-01
135 8.232040e-01 6.268000e-03 1.705280e-01
136 8.221400e-01 6.220000e-03 1.716400e-01
137 8.211080e-01 6.208000e-03 1.726840e-01
138 8.200880e-01 6.068000e-03 1.738440e-01
139 8.190960e-01 5.904000e-03 1.750000e-01
140 8.180560e-01 5.912000e-03 1.760320e-01
141 8.170400e-01 5.864000e-03 1.770960e-01
142 8.161120e-01 5.824000e-03 1.780640e-01
143 8.151560e-01 5.732000e-03 1.791120e-01
144 8.141400e-01 5.760000e-03 1.801000e-01
145 8.132640e-01 5.628000e-03 1.811080e-01
146 8.124120e-01 5.536000e-03 1.820520e-01
147 8.115720e-01 5.560000e-03 1.828680e-01
148 8.106600e-01 5.432000e-03 1.839080e-01
149 8.098000e-01 5.288000e-03 1.849120e-01
150 8.089360e-01 5.268000e-03 1.857960e-01
151 8.080720e-01 5.144000e-03 1.867840e-01
152 8.073200e-01 5.088000e-03 1.875920e-01
153 8.064280e-01 5.012000e-03 1.885600e-01
154 8.056600e-01 4.784000e-03 1.895560e-01
155 8.049320e-01 4.676000e-03 1.903920e-01
156 8.040520e-01 4.788000e-03 1.911600e-01
157 8.032760e-01 4.728000e-03 1.919960e-01
158 8.023440e-01 4.888000e-03 1.927680e-01
159 8.013880e-01 4.976000e-03 1.936360e-01
160 8.004600e-01 4.996000e-03 1.945440e-01
161 7.995680e-01 5.032000e-03 1.954000e-01
162 7.986640e-01 4.996000e-03 1.963400e-01
163 7.977520e-01 4.952000e-03 1.972960e-01
164 7.969720e-01 4.916000e-03 1.981120e-01
165 7.960120e-01 5.052000e-03 1.989360e-01
166 7.951040e-01 5.020000e-03 1.998760e-01
167 7.942240e-01 5.028000e-03 2.007480e-01
168 7.932360e-01 5.084000e-03 2.016800e-01
169 7.923680e-01 5.048000e-03 2.025840e-01
170 7.914280e-01 5.164000e-03 2.034080e-01
171 7.905240e-01 5.216000e-03 2.042600e-01
172 7.895480e-01 5.200000e-03 2.052520e-01
173 7.886640e-01 5.204000e-03 2.061320e-01
174 7.877880e-01 5.008000e-03 2.072040e-01
175 7.869200e-01 5.116000e-03 2.079640e-01
176 7.861400e-01 5.056000e-03 2.088040e-01
177 7.852320e-01 5.192000e-03 2.095760e-01
178 7.843600e-01 5.096000e-03 2.105440e-01
179 7.834640e-01 5.044000e-03 2.114920e-01
180 7.826880e-01 4.940000e-03 2.123720e-01
181 7.818880e-01 4.872000e-03 2.132400e-01
182 7.810680e-01 4.812000e-03 2.141200e-01
183 7.801680e-01 4.832000e-03 2.150000e-01
184 7.792720e-01 4.972000e-03 2.157560e-01
185 7.783680e-01 5.024000e-03 2.166080e-01
186 7.775120e-01 5.036000e-03 2.174520e-01
187 7.765640e-01 5.172000e-03 2.182640e-01
188 7.756960e-01 5.188000e-03 2.191160e-01
189 7.747640e-01 5.252000e-03 2.199840e-01
190 7.738360e-01 5.268000e-03 2.208960e-01
191 7.729680e-01 5.184000e-03 2.218480e-01
192 7.720960e-01 5.188000e-03 2.227160e-01
193 7.712040e-01 5.212000e-03 2.235840e-01
194 7.702280e-01 5.260000e-03 2.245120e-01
195 7.692880e-01 5.300000e-03 2.254120e-01
196 7.683640e-01 5.208000e-03 2.264280e-01
197 7.674440e-01 5.164000e-03 2.273920e-01
198 7.665440e-01 5.100000e-03 2.283560e-01
199 7.656080e-01 5.132000e-03 2.292600e-01
200 7.645520e-01 5.196000e-03 2.302520e-01
201 7.635400e-01 5.284000e-03 2.311760e-01
202 7.624760e-01 5.488000e-03 2.320360e-01
203 7.615800e-01 5.464000e-03 2.329560e-01
204 7.606000e-01 5.352000e-03 2.340480e-01
205 7.597960e-01 5.232000e-03 2.349720e-01
206 7.590160e-01 5.048000e-03 2.359360e-01
207 7.582320e-01 5.028000e-03 2.367400e-01
208 7.573640e-01 5.008000e-03 2.376280e-01
209 7.565040e-01 4.988000e-03 2.385080e-01
210 7.555800e-01 5.100000e-03 2.393200e-01
211 7.547680e-01 5.100000e-03 2.401320e-01
212 7.538600e-01 5.092000e-03 2.410480e-01
213 7.530360e-01 5.056000e-03 2.419080e-01
214 7.521600e-01 5.044000e-03 2.427960e-01
215 7.511920e-01 5.092000e-03 2.437160e-01
216 7.503080e-01 5.104000e-03 2.445880e-01
217 7.493640e-01 5.160000e-03 2.454760e-01
218 7.484120e-01 5.268000e-03 2.463200e-01
219 7.474600e-01 5.292000e-03 2.472480e-01
220 7.466400e-01 5.224000e-03 2.481360e-01
221 7.458160e-01 5.120000e-03 2.490640e-01
222 7.450520e-01 5.088000e-03 2.498600e-01
223 7.442480e-01 5.080000e-03 2.506720e-01
224 7.434840e-01 4.992000e-03 2.515240e-01
225 7.426480e-01 4.948000e-03 2.524040e-01
226 7.418160e-01 4.908000e-03 2.532760e-01
227 7.410720e-01 4.784000e-03 2.541440e-01
228 7.402160e-01 4.732000e-03 2.550520e-01
229 7.393480e-01 4.708000e-03 2.559440e-01
230 7.385080e-01 4.720000e-03 2.567720e-01
231 7.376840e-01 4.656000e-03 2.576600e-01
232 7.368400e-01 4.672000e-03 2.584880e-01
233 7.361120e-01 4.608000e-03 2.592800e-01
234 7.353560e-01 4.588000e-03 2.600560e-01
235 7.345440e-01 4.628000e-03 2.608280e-01
236 7.337960e-01 4.600000e-03 2.616040e-01
237 7.331240e-01 4.504000e-03 2.623720e-01
238 7.324240e-01 4.448000e-03 2.631280e-01
239 7.317600e-01 4.412000e-03 2.638280e-01
240 7.311280e-01 4.292000e-03 2.645800e-01
241 7.303680e-01 4.380000e-03 2.652520e-01
242 7.297000e-01 4.292000e-03 2.660080e-01
243 7.288800e-01 4.388000e-03 2.667320e-01
244 7.281600e-01 4.352000e-03 2.674880e-01
245 7.274760e-01 4.332000e-03 2.681920e-01
246 7.267720e-01 4.316000e-03 2.689120e-01
247 7.260200e-01 4.276000e-03 2.697040e-01
248 7.253160e-01 4.184000e-03 2.705000e-01
249 7.246040e-01 4.116000e-03 2.712800e-01
250 7.238080e-01 4.172000e-03 2.720200e-01
251 7.230600e-01 4.212000e-03 2.727280e-01
252 7.223040e-01 4.168000e-03 2.735280e-01
253 7.214520e-01 4.212000e-03 2.743360e-01
254 7.207720e-01 4.188000e-03 2.750400e-01
255 7.199600e-01 4.288000e-03 2.757520e-01
256 7.192800e-01 4.328000e-03 2.763920e-01
257 7.186080e-01 4.284000e-03 2.771080e-01
258 7.179360e-01 4.196000e-03 2.778680e-01
259 7.171440e-01 4.320000e-03 2.785360e-01
260 7.164680e-01 4.248000e-03 2.792840e-01
261 7.157240e-01 4.256000e-03 2.800200e-01
262 7.150240e-01 4.220000e-03 2.807560e-01
263 7.144080e-01 4.076000e-03 2.815160e-01
264 7.138520e-01 3.908000e-03 2.822400e-01
265 7.130120e-01 4.052000e-03 2.829360e-01
266 7.122960e-01 4.092000e-03 2.836120e-01
267 7.115920e-01 4.032000e-03 2.843760e-01
268 7.108880e-01 4.016000e-03 2.850960e-01
269 7.101720e-01 4.068000e-03 2.857600e-01
270 7.094560e-01 4.072000e-03 2.864720e-01
271 7.087040e-01 4.048000e-03 2.872480e-01
272 7.080080e-01 3.980000e-03 2.880120e-01
273 7.073480e-01 3.912000e-03 2.887400e-01
274 7.066320e-01 3.920000e-03 2.894480e-01
275 7.058880e-01 3.908000e-03 2.902040e-01
276 7.052280e-01 3.828000e-03 2.909440e-01
277 7.044680e-01 3.916000e-03 2.916160e-01
278 7.037720e-01 3.924000e-03 2.923040e-01
279 7.030720e-01 3.972000e-03 2.929560e-01
280 7.022680e-01 4.116000e-03 2.936160e-01
281 7.015560e-01 4.116000e-03 2.943280e-01
282 7.007520e-01 4.204000e-03 2.950440e-01
283 6.999520e-01 4.236000e-03 2.958120e-01
284 6.992760e-01 4.208000e-03 2.965160e-01
285 6.985440e-01 4.156000e-03 2.973000e-01
286 6.977840e-01 4.208000e-03 2.980080e-01
287 6.970880e-01 4.164000e-03 2.987480e-01
288 6.963640e-01 4.152000e-03 2.994840e-01
289 6.957440e-01 4.132000e-03 3.001240e-01
290 6.951280e-01 4.052000e-03 3.008200e-01
291 6.944400e-01 4.064000e-03 3.014960e-01
292 6.938320e-01 3.920000e-03 3.022480e-01
293 6.932280e-01 3.836000e-03 3.029360e-01
294 6.926320e-01 3.712000e-03 3.036560e-01
295 6.921000e-01 3.544000e-03 3.043560e-01
296 6.914960e-01 3.548000e-03 3.049560e-01
297 6.908480e-01 3.596000e-03 3.055560e-01
298 6.902320e-01 3.552000e-03 3.062160e-01
299 6.896720e-01 3.612000e-03 3.067160e-01
300 6.889360e-01 3.708000e-03 3.073560e-01
301 6.882920e-01 3.772000e-03 3.079360e-01
302 6.876920e-01 3.668000e-03 3.086400e-01
303 6.871680e-01 3.620000e-03 3.092120e-01
304 6.865600e-01 3.632000e-03 3.098080e-01
305 6.859600e-01 3.548000e-03 3.104920e-01
306 6.854480e-01 3.380000e-03 3.111720e-01
307 6.849400e-01 3.320000e-03 3.117400e-01
308 6.844000e-01 3.236000e-03 3.123640e-01
309 6.838720e-01 3.136000e-03 3.129920e-01
310 6.834120e-01 2.976000e-03 3.136120e-01
311 6.828960e-01 2.956000e-03 3.141480e-01
312 6.824000e-01 2.928000e-03 3.146720e-01
313 6.819240e-01 2.920000e-03 3.151560e-01
314 6.814520e-01 2.880000e-03 3.156680e-01
315 6.810000e-01 2.868000e-03 3.161320e-01
316 6.806200e-01 2.732000e-03 3.166480e-01
317 6.801200e-01 2.784000e-03 3.170960e-01
318 6.797040e-01 2.692000e-03 3.176040e-01
319 6.792080e-01 2.732000e-03 3.180600e-01
320 6.787800e-01 2.692000e-03 3.185280e-01
321 6.783200e-01 2.656000e-03 3.190240e-01
322 6.779800e-01 2.508000e-03 3.195120e-01
323 6.776320e-01 2.428000e-03 3.199400e-01
324 6.772600e-01 2.416000e-03 3.203240e-01
325 6.768920e-01 2.360000e-03 3.207480e-01
326 6.765480e-01 2.320000e-03 3.211320e-01
327 6.761880e-01 2.228000e-03 3.215840e-01
328 6.758160e-01 2.228000e-03 3.219560e-01
329 6.755160e-01 2.100000e-03 3.223840e-01
330 6.751720e-01 2.124000e-03 3.227040e-01
331 6.748440e-01 2.064000e-03 3.230920e-01
332 6.744760e-01 2.008000e-03 3.235160e-01
333 6.741640e-01 1.976000e-03 3.238600e-01
334 6.737840e-01 2.060000e-03 3.241560e-01
335 6.734760e-01 2.004000e-03 3.245200e-01
336 6.732000e-01 1.976000e-03 3.248240e-01
337 6.729120e-01 1.892000e-03 3.251960e-01
338 6.726600e-01 1.816000e-03 3.255240e-01
339 6.724520e-01 1.716000e-03 3.258320e-01
340 6.721720e-01 1.684000e-03 3.261440e-01
341 6.719240e-01 1.656000e-03 3.264200e-01
342 6.716960e-01 1.584000e-03 3.267200e-01
343 6.714200e-01 1.640000e-03 3.269400e-01
344 6.711880e-01 1.604000e-03 3.272080e-01
345 6.709360e-01 1.528000e-03 3.275360e-01
346 6.706280e-01 1.576000e-03 3.277960e-01
347 6.703720e-01 1.536000e-03 3.280920e-01
348 6.701040e-01 1.536000e-03 3.283600e-01
349 6.698280e-01 1.548000e-03 3.286240e-01
350 6.695760e-01 1.588000e-03 3.288360e-01
351 6.692840e-01 1.612000e-03 3.291040e-01
352 6.689840e-01 1.600000e-03 3.294160e-01
353 6.686520e-01 1.684000e-03 3.296640e-01
354 6.683760e-01 1.704000e-03 3.299200e-01
355 6.680880e-01 1.744000e-03 3.301680e-01
356 6.678160e-01 1.712000e-03 3.304720e-01
357 6.675440e-01 1.716000e-03 3.307400e-01
358 6.672240e-01 1.760000e-03 3.310160e-01
359 6.668960e-01 1.768000e-03 3.313360e-01
360 6.665840e-01 1.768000e-03 3.316480e-01
361 6.662440e-01 1.752000e-03 3.320040e-01
362 6.659560e-01 1.712000e-03 3.323320e-01
363 6.656280e-01 1.748000e-03 3.326240e-01
364 6.653680e-01 1.732000e-03 3.329000e-01
365 6.650320e-01 1.744000e-03 3.332240e-01
366 6.647960e-01 1.700000e-03 3.335040e-01
367 6.645640e-01 1.596000e-03 3.338400e-01
368 6.642320e-01 1.640000e-03 3.341280e-01
369 6.639520e-01 1.628000e-03 3.344200e-01
370 6.637360e-01 1.560000e-03 3.347040e-01
371 6.634520e-01 1.572000e-03 3.349760e-01
372 6.632520e-01 1.508000e-03 3.352400e-01
373 6.630800e-01 1.388000e-03 3.355320e-01
374 6.628960e-01 1.392000e-03 3.357120e-01
375 6.626280e-01 1.436000e-03 3.359360e-01
376 6.623440e-01 1.484000e-03 3.361720e-01
377 6.620480e-01 1.484000e-03 3.364680e-01
378 6.617920e-01 1.492000e-03 3.367160e-01
379 6.614400e-01 1.596000e-03 3.369640e-01
380 6.611200e-01 1.664000e-03 3.372160e-01
381 6.608800e-01 1.652000e-03 3.374680e-01
382 6.606240e-01 1.652000e-03 3.377240e-01
383 6.603640e-01 1.636000e-03 3.380000e-01
384 6.602040e-01 1.484000e-03 3.383120e-01
385 6.599640e-01 1.488000e-03 3.385480e-01
386 6.597440e-01 1.476000e-03 3.387800e-01
387 6.595040e-01 1.412000e-03 3.390840e-01
388 6.593320e-01 1.296000e-03 3.393720e-01
389 6.591560e-01 1.260000e-03 3.395840e-01
390 6.589440e-01 1.308000e-03 3.397480e-01
391 6.587200e-01 1.268000e-03 3.400120e-01
392 6.584560e-01 1.308000e-03 3.402360e-01
393 6.582640e-01 1.260000e-03 3.404760e-01
394 6.580760e-01 1.280000e-03 3.406440e-01
395 6.578600e-01 1.280000e-03 3.408600e-01
396 6.576400e-01 1.280000e-03 3.410800e-01
397 6.574200e-01 1.308000e-03 3.412720e-01
398 6.571840e-01 1.332000e-03 3.414840e-01
399 6.569960e-01 1.328000e-03 3.416760e-01
400 6.567960e-01 1.332000e-03 3.418720e-01
401 6.566040e-01 1.300000e-03 3.420960e-01
402 6.564760e-01 1.184000e-03 3.423400e-01
403 6.563440e-01 1.120000e-03 3.425360e-01
404 6.562000e-01 1.076000e-03 3.427240e-01
405 6.560600e-01 1.040000e-03 3.429000e-01
406 6.558880e-01 1.068000e-03 3.430440e-01
407 6.557280e-01 1.068000e-03 3.432040e-01
408 6.555800e-01 1.028000e-03 3.433920e-01
409 6.554280e-01 9.920000e-04 3.435800e-01
410 6.552760e-01 9.600000e-04 3.437640e-01
411 6.551240e-01 9.280000e-04 3.439480e-01
412 6.549960e-01 9.080000e-04 3.440960e-01
413 6.548960e-01 8.520000e-04 3.442520e-01
414 6.547480e-01 8.440000e-04 3.444080e-01
415 6.546120e-01 9.000000e-04 3.444880e-01
416 6.544440e-01 8.800000e-04 3.446760e-01
417 6.542360e-01 9.280000e-04 3.448360e-01
418 6.540240e-01 9.800000e-04 3.449960e-01
419 6.538480e-01 9.640000e-04 3.451880e-01
420 6.536800e-01 9.320000e-04 3.453880e-01
421 6.535040e-01 9.520000e-04 3.455440e-01
422 6.533840e-01 9.160000e-04 3.457000e-01
423 6.532640e-01 8.560000e-04 3.458800e-01
424 6.531720e-01 7.880000e-04 3.460400e-01
425 6.530840e-01 7.320000e-04 3.461840e-01
426 6.529480e-01 7.120000e-04 3.463400e-01
427 6.528360e-01 6.640000e-04 3.465000e-01
428 6.527480e-01 6.440000e-04 3.466080e-01
429 6.526440e-01 6.240000e-04 3.467320e-01
430 6.525800e-01 5.520000e-04 3.468680e-01
431 6.524960e-01 5.440000e-04 3.469600e-01
432 6.524120e-01 4.960000e-04 3.470920e-01
433 6.523560e-01 4.440000e-04 3.472000e-01
434 6.523080e-01 4.200000e-04 3.472720e-01
435 6.522480e-01 3.920000e-04 3.473600e-01
436 6.522040e-01 3.720000e-04 3.474240e-01
437 6.521360e-01 3.800000e-04 3.474840e-01
438 6.520720e-01 3.720000e-04 3.475560e-01
439 6.520120e-01 3.600000e-04 3.476280e-01
440 6.519520e-01 3.720000e-04 3.476760e-01
441 6.519000e-01 3.480000e-04 3.477520e-01
442 6.518320e-01 3.640000e-04 3.478040e-01
443 6.517720e-01 3.720000e-04 3.478560e-01
444 6.517240e-01 3.560000e-04 3.479200e-01
445 6.516480e-01 3.760000e-04 3.479760e-01
446 6.515960e-01 3.600000e-04 3.480440e-01
447 6.515000e-01 3.880000e-04 3.481120e-01
448 6.514080e-01 4.240000e-04 3.481680e-01
449 6.513280e-01 4.200000e-04 3.482520e-01
450 6.512880e-01 3.920000e-04 3.483200e-01
451 6.512240e-01 3.920000e-04 3.483840e-01
452 6.511640e-01 3.880000e-04 3.484480e-01
453 6.510960e-01 3.880000e-04 3.485160e-01
454 6.509960e-01 4.040000e-04 3.486000e-01
455 6.509280e-01 3.760000e-04 3.486960e-01
456 6.508400e-01 4.160000e-04 3.487440e-01
457 6.507680e-01 4.080000e-04 3.488240e-01
458 6.506960e-01 4.000000e-04 3.489040e-01
459 6.505880e-01 4.320000e-04 3.489800e-01
460 6.505120e-01 4.520000e-04 3.490360e-01
461 6.504080e-01 4.960000e-04 3.490960e-01
462 6.503240e-01 4.840000e-04 3.491920e-01
463 6.502600e-01 4.480000e-04 3.492920e-01
464 6.502040e-01 4.040000e-04 3.493920e-01
465 6.500880e-01 4.640000e-04 3.494480e-01
466 6.500200e-01 4.320000e-04 3.495480e-01
467 6.499320e-01 4.280000e-04 3.496400e-01
468 6.498360e-01 4.520000e-04 3.497120e-01
469 6.497720e-01 4.360000e-04 3.497920e-01
470 6.496880e-01 4.440000e-04 3.498680e-01
471 6.496240e-01 3.920000e-04 3.499840e-01
472 6.495240e-01 4.400000e-04 3.500360e-01
473 6.493600e-01 5.200000e-04 3.501200e-01
474 6.492960e-01 4.720000e-04 3.502320e-01
475 6.492080e-01 4.960000e-04 3.502960e-01
476 6.491280e-01 4.640000e-04 3.504080e-01
477 6.490480e-01 5.080000e-04 3.504440e-01
478 6.489480e-01 5.720000e-04 3.504800e-01
479 6.488320e-01 6.120000e-04 3.505560e-01
480 6.487720e-01 5.800000e-04 3.506480e-01
481 6.487200e-01 5.200000e-04 3.507600e-01
482 6.486640e-01 4.880000e-04 3.508480e-01
483 6.486000e-01 4.640000e-04 3.509360e-01
484 6.485400e-01 4.360000e-04 3.510240e-01
485 6.484800e-01 4.040000e-04 3.511160e-01
486 6.484440e-01 3.920000e-04 3.511640e-01
487 6.483840e-01 3.960000e-04 3.512200e-01
488 6.483200e-01 4.000000e-04 3.512800e-01
489 6.482720e-01 3.600000e-04 3.513680e-01
490 6.482360e-01 3.480000e-04 3.514160e-01
491 6.481640e-01 3.600000e-04 3.514760e-01
492 6.481160e-01 3.760000e-04 3.515080e-01
493 6.480520e-01 3.600000e-04 3.515880e-01
494 6.480040e-01 3.640000e-04 3.516320e-01
495 6.479440e-01 3.800000e-04 3.516760e-01
496 6.478640e-01 3.880000e-04 3.517480e-01
497 6.478040e-01 3.960000e-04 3.518000e-01
498 6.477840e-01 3.280000e-04 3.518880e-01
499 6.477560e-01 2.800000e-04 3.519640e-01
500 6.476960e-01 2.800000e-04 3.520240e-01
