1 9.992360e-01 7.040000e-04 6.000000e-05
2 9.986640e-01 1.124000e-03 2.120000e-04
3 9.980040e-01 1.556000e-03 4.400000e-04
4 9.972080e-01 2.056000e-03 7.360000e-04
5 9.963000e-01 2.504000e-03 1.196000e-03
6 9.952720e-01 3.080000e-03 1.648000e-03
7 9.941000e-01 3.740000e-03 2.160000e-03
8 9.928560e-01 4.288000e-03 2.856000e-03
9 9.918280e-01 4.528000e-03 3.644000e-03
10 9.908120e-01 4.752000e-03 4.436000e-03
11 9.897400e-01 4.952000e-03 5.308000e-03
12 9.886280e-01 5.108000e-03 6.264000e-03
13 9.874960e-01 5.344000e-03 7.160000e-03
14 9.861440e-01 5.764000e-03 8.092000e-03
15 9.847760e-01 6.116000e-03 9.108000e-03
16 9.833200e-01 6.360000e-03 1.032000e-02
17 9.818960e-01 6.684000e-03 1.142000e-02
18 9.803720e-01 7.128000e-03 1.250000e-02
19 9.789360e-01 7.332000e-03 1.373200e-02
20 9.775160e-01 7.464000e-03 1.502000e-02
21 9.758280e-01 7.800000e-03 1.637200e-02
22 9.741640e-01 8.040000e-03 1.779600e-02
23 9.723960e-01 8.328000e-03 1.927600e-02
24 9.705960e-01 8.696000e-03 2.070800e-02
25 9.689080e-01 8.816000e-03 2.227600e-02
26 9.671680e-01 8.872000e-03 2.396000e-02
27 9.653600e-01 9.108000e-03 2.553200e-02
28 9.636320e-01 9.164000e-03 2.720400e-02
29 9.618360e-01 9.284000e-03 2.888000e-02
30 9.601120e-01 9.272000e-03 3.061600e-02
31 9.583280e-01 9.320000e-03 3.235200e-02
32 9.566880e-01 9.280000e-03 3.403200e-02
33 9.549040e-01 9.532000e-03 3.556400e-02
34 9.531040e-01 9.776000e-03 3.712000e-02
35 9.513280e-01 9.824000e-03 3.884800e-02
36 9.494960e-01 9.952000e-03 4.055200e-02
37 9.476880e-01 9.988000e-03 4.232400e-02
38 9.459840e-01 9.944000e-03 4.407200e-02
39 9.441560e-01 1.007600e-02 4.576800e-02
40 9.425320e-01 1.000800e-02 4.746000e-02
41 9.407720e-01 1.005200e-02 4.917600e-02
42 9.391400e-01 9.900000e-03 5.096000e-02
43 9.374440e-01 9.932000e-03 5.262400e-02
44 9.357000e-01 9.956000e-03 5.434400e-02
45 9.338040e-01 1.003600e-02 5.616000e-02
46 9.318480e-01 1.022400e-02 5.792800e-02
47 9.299880e-01 1.043200e-02 5.958000e-02
48 9.282960e-01 1.027600e-02 6.142800e-02
49 9.265680e-01 1.013200e-02 6.330000e-02
50 9.248160e-01 1.014400e-02 6.504000e-02
51 9.232240e-01 9.936000e-03 6.684000e-02
52 9.215200e-01 9.860000e-03 6.862000e-02
53 9.196960e-01 9.992000e-03 7.031200e-02
54 9.178520e-01 1.005600e-02 7.209200e-02
55 9.162040e-01 1.005200e-02 7.374400e-02
56 9.144360e-01 1.008000e-02 7.548400e-02
57 9.127280e-01 1.008400e-02 7.718800e-02
58 9.111000e-01 9.948000e-03 7.895200e-02
59 9.093280e-01 9.892000e-03 8.078000e-02
60 9.074160e-01 1.007200e-02 8.251200e-02
61 9.056120e-01 1.026800e-02 8.412000e-02
62 9.036400e-01 1.047200e-02 8.588800e-02
63 9.017880e-01 1.048800e-02 8.772400e-02
64 8.999520e-01 1.052800e-02 8.952000e-02
65 8.982360e-01 1.044800e-02 9.131600e-02
66 8.964520e-01 1.029200e-02 9.325600e-02
67 8.944960e-01 1.050000e-02 9.500400e-02
68 8.926640e-01 1.055200e-02 9.678400e-02
69 8.908360e-01 1.057200e-02 9.859200e-02
70 8.889320e-01 1.065200e-02 1.004160e-01
71 8.868840e-01 1.094000e-02 1.021760e-01
72 8.850040e-01 1.097200e-02 1.040240e-01
73 8.830960e-01 1.106000e-02 1.058440e-01
74 8.812720e-01 1.098400e-02 1.077440e-01
75 8.794800e-01 1.076800e-02 1.097520e-01
76 8.775040e-01 1.084800e-02 1.116480e-01
77 8.754560e-01 1.086400e-02 1.136800e-01
78 8.735160e-01 1.097200e-02 1.155120e-01
79 8.715680e-01 1.078800e-02 1.176440e-01
80 8.696520e-01 1.088800e-02 1.194600e-01
81 8.677120e-01 1.081600e-02 1.214720e-01
82 8.658840e-01 1.079200e-02 1.233240e-01
83 8.639200e-01 1.084400e-02 1.252360e-01
84 8.620600e-01 1.077200e-02 1.271680e-01
85 8.601240e-01 1.094800e-02 1.289280e-01
86 8.581840e-01 1.104400e-02 1.307720e-01
87 8.563000e-01 1.102800e-02 1.326720e-01
88 8.543400e-01 1.110000e-02 1.345600e-01
89 8.523920e-01 1.099200e-02 1.366160e-01
90 8.504800e-01 1.081200e-02 1.387080e-01
91 8.486480e-01 1.086000e-02 1.404920e-01
92 8.468640e-01 1.060400e-02 1.425320e-01
93 8.450520e-01 1.052400e-02 1.444240e-01
94 8.431000e-01 1.059200e-02 1.463080e-01
95 8.413400e-01 1.048400e-02 1.481760e-01
96 8.395040e-01 1.050400e-02 1.499920e-01
97 8.375000e-01 1.062800e-02 1.518720e-01
98 8.355560e-01 1.076400e-02 1.536800e-01
99 8.335520e-01 1.094000e-02 1.555080e-01
100 8.316320e-01 1.103600e-02 1.573320e-01
101 8.299040e-01 1.087600e-02 1.592200e-01
102 8.280680e-01 1.087600e-02 1.610560e-01
103 8.263880e-01 1.060000e-02 1.630120e-01
104 8.246320e-01 1.062800e-02 1.647400e-01
105 8.229800e-01 1.044800e-02 1.665720e-01
106 8.213280e-01 1.031200e-02 1.683600e-01
107 8.197040e-01 1.022400e-02 1.700720e-01
108 8.180480e-01 1.009600e-02 1.718560e-01
109 8.164640e-01 9.968000e-03 1.735680e-01
110 8.148520e-01 9.868000e-03 1.752800e-01
111 8.134160e-01 9.716000e-03 1.768680e-01
112 8.119320e-01 9.620000e-03 1.784480e-01
113 8.102120e-01 9.572000e-03 1.802160e-01
114 8.085160e-01 9.560000e-03 1.819240e-01
115 8.069600e-01 9.388000e-03 1.836520e-01
116 8.051120e-01 9.608000e-03 1.852800e-01
117 8.033040e-01 9.788000e-03 1.869080e-01
118 8.017440e-01 9.676000e-03 1.885800e-01
119 8.001960e-01 9.424000e-03 1.903800e-01
120 7.983600e-01 9.580000e-03 1.920600e-01
121 7.965720e-01 9.684000e-03 1.937440e-01
122 7.949640e-01 9.560000e-03 1.954760e-01
123 7.933040e-01 9.640000e-03 1.970560e-01
124 7.917640e-01 9.504000e-03 1.987320e-01
125 7.901000e-01 9.628000e-03 2.002720e-01
126 7.884480e-01 9.484000e-03 2.020680e-01
127 7.870800e-01 9.220000e-03 2.037000e-01
128 7.852680e-01 9.428000e-03 2.053040e-01
129 7.838360e-01 9.204000e-03 2.069600e-01
130 7.823080e-01 9.036000e-03 2.086560e-01
131 7.806280e-01 9.076000e-03 2.102960e-01
132 7.789800e-01 9.184000e-03 2.118360e-01
133 7.773800e-01 9.172000e-03 2.134480e-01
134 7.757600e-01 9.200000e-03 2.150400e-01
135 7.741840e-01 9.252000e-03 2.165640e-01
136 7.727520e-01 9.092000e-03 2.181560e-01
137 7.713560e-01 8.804000e-03 2.198400e-01
138 7.698600e-01 8.764000e-03 2.213760e-01
139 7.683160e-01 8.820000e-03 2.228640e-01
140 7.667600e-01 8.744000e-03 2.244960e-01
141 7.652600e-01 8.616000e-03 2.261240e-01
142 7.636440e-01 8.748000e-03 2.276080e-01
143 7.620080e-01 8.880000e-03 2.291120e-01
144 7.605520e-01 8.736000e-03 2.307120e-01
145 7.590520e-01 8.748000e-03 2.322000e-01
146 7.576440e-01 8.508000e-03 2.338480e-01
147 7.560760e-01 8.520000e-03 2.354040e-01
148 7.545400e-01 8.568000e-03 2.368920e-01
149 7.529360e-01 8.492000e-03 2.385720e-01
150 7.514400e-01 8.456000e-03 2.401040e-01
151 7.499520e-01 8.560000e-03 2.414880e-01
152 7.484600e-01 8.528000e-03 2.430120e-01
153 7.470160e-01 8.404000e-03 2.445800e-01
154 7.456960e-01 8.276000e-03 2.460280e-01
155 7.444000e-01 8.068000e-03 2.475320e-01
156 7.430240e-01 7.976000e-03 2.490000e-01
157 7.417280e-01 7.864000e-03 2.504080e-01
158 7.403680e-01 7.812000e-03 2.518200e-01
159 7.390440e-01 7.764000e-03 2.531920e-01
160 7.376240e-01 7.776000e-03 2.546000e-01
161 7.363920e-01 7.764000e-03 2.558440e-01
162 7.350080e-01 7.832000e-03 2.571600e-01
163 7.337000e-01 7.772000e-03 2.585280e-01
164 7.323400e-01 7.648000e-03 2.600120e-01
165 7.310760e-01 7.552000e-03 2.613720e-01
166 7.299880e-01 7.440000e-03 2.625720e-01
167 7.287560e-01 7.332000e-03 2.639120e-01
168 7.275520e-01 7.280000e-03 2.651680e-01
169 7.262640e-01 7.268000e-03 2.664680e-01
170 7.249680e-01 7.332000e-03 2.677000e-01
171 7.236120e-01 7.296000e-03 2.690920e-01
172 7.223680e-01 7.312000e-03 2.703200e-01
173 7.210520e-01 7.460000e-03 2.714880e-01
174 7.197640e-01 7.460000e-03 2.727760e-01
175 7.186120e-01 7.408000e-03 2.739800e-01
176 7.173840e-01 7.332000e-03 2.752840e-01
177 7.161400e-01 7.304000e-03 2.765560e-01
178 7.149080e-01 7.340000e-03 2.777520e-01
179 7.137200e-01 7.364000e-03 2.789160e-01
180 7.126000e-01 7.224000e-03 2.801760e-01
181 7.112760e-01 7.296000e-03 2.814280e-01
182 7.099960e-01 7.376000e-03 2.826280e-01
183 7.087440e-01 7.276000e-03 2.839800e-01
184 7.074480e-01 7.252000e-03 2.853000e-01
185 7.062640e-01 7.148000e-03 2.865880e-01
186 7.049960e-01 7.176000e-03 2.878280e-01
187 7.040120e-01 6.928000e-03 2.890600e-01
188 7.029760e-01 6.708000e-03 2.903160e-01
189 7.018200e-01 6.652000e-03 2.915280e-01
190 7.006520e-01 6.880000e-03 2.924680e-01
191 6.995000e-01 6.836000e-03 2.936640e-01
192 6.982640e-01 6.764000e-03 2.949720e-01
193 6.970720e-01 6.796000e-03 2.961320e-01
194 6.960600e-01 6.592000e-03 2.973480e-01
195 6.950040e-01 6.576000e-03 2.984200e-01
196 6.938640e-01 6.668000e-03 2.994680e-01
197 6.927720e-01 6.648000e-03 3.005800e-01
198 6.917000e-01 6.504000e-03 3.017960e-01
199 6.907120e-01 6.384000e-03 3.029040e-01
200 6.896440e-01 6.288000e-03 3.040680e-01
201 6.886880e-01 6.068000e-03 3.052440e-01
202 6.876800e-01 6.068000e-03 3.062520e-01
203 6.866440e-01 5.980000e-03 3.073760e-01
204 6.856520e-01 5.980000e-03 3.083680e-01
205 6.846000e-01 5.964000e-03 3.094360e-01
206 6.835680e-01 5.920000e-03 3.105120e-01
207 6.824360e-01 5.948000e-03 3.116160e-01
208 6.812200e-01 6.000000e-03 3.127800e-01
209 6.800400e-01 6.076000e-03 3.138840e-01
210 6.788520e-01 6.244000e-03 3.149040e-01
211 6.775920e-01 6.400000e-03 3.160080e-01
212 6.761360e-01 6.592000e-03 3.172720e-01
213 6.749360e-01 6.536000e-03 3.185280e-01
214 6.737120e-01 6.568000e-03 3.197200e-01
215 6.725280e-01 6.664000e-03 3.208080e-01
216 6.714400e-01 6.556000e-03 3.220040e-01
217 6.703240e-01 6.408000e-03 3.232680e-01
218 6.693920e-01 6.132000e-03 3.244760e-01
219 6.684000e-01 6.020000e-03 3.255800e-01
220 6.672760e-01 6.032000e-03 3.266920e-01
221 6.661240e-01 6.120000e-03 3.277560e-01
222 6.652040e-01 5.980000e-03 3.288160e-01
223 6.642520e-01 5.932000e-03 3.298160e-01
224 6.632840e-01 5.896000e-03 3.308200e-01
225 6.621960e-01 6.004000e-03 3.318000e-01
226 6.611960e-01 5.868000e-03 3.329360e-01
227 6.601320e-01 6.008000e-03 3.338600e-01
228 6.591680e-01 5.960000e-03 3.348720e-01
229 6.580400e-01 6.024000e-03 3.359360e-01
230 6.570080e-01 6.000000e-03 3.369920e-01
231 6.561000e-01 5.904000e-03 3.379960e-01
232 6.551640e-01 5.820000e-03 3.390160e-01
233 6.541880e-01 5.800000e-03 3.400120e-01
234 6.532200e-01 5.688000e-03 3.410920e-01
235 6.522400e-01 5.656000e-03 3.421040e-01
236 6.512680e-01 5.700000e-03 3.430320e-01
237 6.504120e-01 5.596000e-03 3.439920e-01
238 6.494200e-01 5.560000e-03 3.450200e-01
239 6.485040e-01 5.500000e-03 3.459960e-01
240 6.475960e-01 5.412000e-03 3.469920e-01
241 6.465840e-01 5.616000e-03 3.478000e-01
242 6.455040e-01 5.836000e-03 3.486600e-01
243 6.445360e-01 5.708000e-03 3.497560e-01
244 6.436320e-01 5.756000e-03 3.506120e-01
245 6.426520e-01 5.820000e-03 3.515280e-01
246 6.416760e-01 5.748000e-03 3.525760e-01
247 6.407800e-01 5.676000e-03 3.535440e-01
248 6.398360e-01 5.652000e-03 3.545120e-01
249 6.390080e-01 5.416000e-03 3.555760e-01
250 6.381840e-01 5.236000e-03 3.565800e-01
251 6.374640e-01 4.988000e-03 3.575480e-01
252 6.366560e-01 4.948000e-03 3.583960e-01
253 6.358920e-01 4.840000e-03 3.592680e-01
254 6.350440e-01 4.800000e-03 3.601560e-01
255 6.343320e-01 4.700000e-03 3.609680e-01
256 6.335240e-01 4.648000e-03 3.618280e-01
257 6.327360e-01 4.604000e-03 3.626600e-01
258 6.320160e-01 4.600000e-03 3.633840e-01
259 6.313360e-01 4.536000e-03 3.641280e-01
260 6.306120e-01 4.432000e-03 3.649560e-01
261 6.300200e-01 4.208000e-03 3.657720e-01
262 6.294480e-01 4.008000e-03 3.665440e-01
263 6.288840e-01 3.844000e-03 3.672720e-01
264 6.283760e-01 3.712000e-03 3.679120e-01
265 6.279160e-01 3.592000e-03 3.684920e-01
266 6.272960e-01 3.564000e-03 3.691400e-01
267 6.267520e-01 3.524000e-03 3.697240e-01
268 6.261800e-01 3.484000e-03 3.703360e-01
269 6.256520e-01 3.496000e-03 3.708520e-01
270 6.251280e-01 3.352000e-03 3.715200e-01
271 6.245280e-01 3.388000e-03 3.720840e-01
272 6.239600e-01 3.360000e-03 3.726800e-01
273 6.234400e-01 3.324000e-03 3.732360e-01
274 6.228320e-01 3.336000e-03 3.738320e-01
275 6.223880e-01 3.208000e-03 3.744040e-01
276 6.217720e-01 3.216000e-03 3.750120e-01
277 6.211920e-01 3.184000e-03 3.756240e-01
278 6.206520e-01 3.148000e-03 3.762000e-01
279 6.200680e-01 3.180000e-03 3.767520e-01
280 6.195320e-01 3.136000e-03 3.773320e-01
281 6.190080e-01 3.120000e-03 3.778720e-01
282 6.184480e-01 3.128000e-03 3.784240e-01
283 6.179720e-01 3.008000e-03 3.790200e-01
284 6.174520e-01 3.056000e-03 3.794920e-01
285 6.169640e-01 3.048000e-03 3.799880e-01
286 6.165440e-01 3.028000e-03 3.804280e-01
287 6.160880e-01 2.984000e-03 3.809280e-01
288 6.156840e-01 2.928000e-03 3.813880e-01
289 6.152080e-01 2.896000e-03 3.818960e-01
290 6.147120e-01 2.904000e-03 3.823840e-01
291 6.142600e-01 2.844000e-03 3.828960e-01
292 6.138920e-01 2.648000e-03 3.834600e-01
293 6.135360e-01 2.548000e-03 3.839160e-01
294 6.131440e-01 2.504000e-03 3.843520e-01
295 6.127640e-01 2.460000e-03 3.847760e-01
296 6.124080e-01 2.360000e-03 3.852320e-01
297 6.120720e-01 2.204000e-03 3.857240e-01
298 6.117280e-01 2.124000e-03 3.861480e-01
299 6.114480e-01 2.016000e-03 3.865360e-01
300 6.110240e-01 2.076000e-03 3.869000e-01
301 6.106800e-01 2.064000e-03 3.872560e-01
302 6.103360e-01 2.036000e-03 3.876280e-01
303 6.099920e-01 1.944000e-03 3.880640e-01
304 6.096680e-01 1.876000e-03 3.884560e-01
305 6.092680e-01 1.992000e-03 3.887400e-01
306 6.090000e-01 1.916000e-03 3.890840e-01
307 6.087360e-01 1.812000e-03 3.894520e-01
308 6.084360e-01 1.820000e-03 3.897440e-01
309 6.081320e-01 1.820000e-03 3.900480e-01
310 6.078120e-01 1.712000e-03 3.904760e-01
311 6.075840e-01 1.600000e-03 3.908160e-01
312 6.073560e-01 1.588000e-03 3.910560e-01
313 6.071320e-01 1.536000e-03 3.913320e-01
314 6.068760e-01 1.496000e-03 3.916280e-01
315 6.065640e-01 1.560000e-03 3.918760e-01
316 6.062840e-01 1.552000e-03 3.921640e-01
317 6.060280e-01 1.564000e-03 3.924080e-01
318 6.057920e-01 1.572000e-03 3.926360e-01
319 6.055480e-01 1.564000e-03 3.928880e-01
320 6.053280e-01 1.536000e-03 3.931360e-01
321 6.050560e-01 1.556000e-03 3.933880e-01
322 6.048000e-01 1.532000e-03 3.936680e-01
323 6.045040e-01 1.592000e-03 3.939040e-01
324 6.041360e-01 1.748000e-03 3.941160e-01
325 6.038360e-01 1.732000e-03 3.944320e-01
326 6.035360e-01 1.752000e-03 3.947120e-01
327 6.032680e-01 1.776000e-03 3.949560e-01
328 6.029640e-01 1.716000e-03 3.953200e-01
329 6.026480e-01 1.696000e-03 3.956560e-01
330 6.023160e-01 1.780000e-03 3.959040e-01
331 6.020640e-01 1.704000e-03 3.962320e-01
332 6.017920e-01 1.668000e-03 3.965400e-01
333 6.015320e-01 1.636000e-03 3.968320e-01
334 6.012640e-01 1.636000e-03 3.971000e-01
335 6.009560e-01 1.684000e-03 3.973600e-01
336 6.005760e-01 1.748000e-03 3.976760e-01
337 6.002840e-01 1.736000e-03 3.979800e-01
338 6.000000e-01 1.740000e-03 3.982600e-01
339 5.997760e-01 1.588000e-03 3.986360e-01
340 5.994720e-01 1.584000e-03 3.989440e-01
341 5.992280e-01 1.540000e-03 3.992320e-01
342 5.989560e-01 1.572000e-03 3.994720e-01
343 5.986880e-01 1.596000e-03 3.997160e-01
344 5.984600e-01 1.552000e-03 3.999880e-01
345 5.982480e-01 1.472000e-03 4.002800e-01
346 5.980680e-01 1.408000e-03 4.005240e-01
347 5.979200e-01 1.328000e-03 4.007520e-01
348 5.977400e-01 1.292000e-03 4.009680e-01
349 5.975440e-01 1.296000e-03 4.011600e-01
350 5.973400e-01 1.280000e-03 4.013800e-01
351 5.971760e-01 1.208000e-03 4.016160e-01
352 5.969760e-01 1.220000e-03 4.018040e-01
353 5.968560e-01 1.104000e-03 4.020400e-01
354 5.966640e-01 1.096000e-03 4.022400e-01
355 5.964640e-01 1.076000e-03 4.024600e-01
356 5.962960e-01 1.036000e-03 4.026680e-01
357 5.961520e-01 1.024000e-03 4.028240e-01
358 5.960120e-01 1.032000e-03 4.029560e-01
359 5.958640e-01 1.008000e-03 4.031280e-01
360 5.956880e-01 9.880000e-04 4.033240e-01
361 5.955400e-01 9.480000e-04 4.035120e-01
362 5.954040e-01 9.080000e-04 4.036880e-01
363 5.952600e-01 9.480000e-04 4.037920e-01
364 5.950960e-01 9.240000e-04 4.039800e-01
365 5.949680e-01 8.960000e-04 4.041360e-01
366 5.947760e-01 9.320000e-04 4.042920e-01
367 5.945920e-01 9.760000e-04 4.044320e-01
368 5.944200e-01 9.800000e-04 4.046000e-01
369 5.943120e-01 9.440000e-04 4.047440e-01
370 5.941840e-01 9.200000e-04 4.048960e-01
371 5.940080e-01 9.520000e-04 4.050400e-01
372 5.938480e-01 9.680000e-04 4.051840e-01
373 5.936800e-01 9.600000e-04 4.053600e-01
374 5.935480e-01 9.080000e-04 4.055440e-01
375 5.934040e-01 9.160000e-04 4.056800e-01
376 5.932600e-01 8.600000e-04 4.058800e-01
377 5.931360e-01 8.560000e-04 4.060080e-01
378 5.930280e-01 7.840000e-04 4.061880e-01
379 5.929400e-01 7.480000e-04 4.063120e-01
380 5.928080e-01 7.480000e-04 4.064440e-01
381 5.927160e-01 7.080000e-04 4.065760e-01
382 5.925960e-01 7.040000e-04 4.067000e-01
383 5.924680e-01 7.240000e-04 4.068080e-01
384 5.923680e-01 7.240000e-04 4.069080e-01
385 5.922520e-01 7.000000e-04 4.070480e-01
386 5.921640e-01 6.440000e-04 4.071920e-01
387 5.920680e-01 5.840000e-04 4.073480e-01
388 5.919520e-01 6.280000e-04 4.074200e-01
389 5.917920e-01 6.600000e-04 4.075480e-01
390 5.917000e-01 6.360000e-04 4.076640e-01
391 5.915320e-01 7.080000e-04 4.077600e-01
392 5.913640e-01 7.360000e-04 4.079000e-01
393 5.911720e-01 8.320000e-04 4.079960e-01
394 5.910160e-01 8.240000e-04 4.081600e-01
395 5.908200e-01 8.760000e-04 4.083040e-01
396 5.906320e-01 9.040000e-04 4.084640e-01
397 5.903560e-01 1.028000e-03 4.086160e-01
398 5.901400e-01 1.052000e-03 4.088080e-01
399 5.898960e-01 1.072000e-03 4.090320e-01
400 5.896600e-01 1.136000e-03 4.092040e-01
401 5.894000e-01 1.180000e-03 4.094200e-01
402 5.892280e-01 1.108000e-03 4.096640e-01
403 5.890120e-01 1.068000e-03 4.099200e-01
404 5.887880e-01 1.108000e-03 4.101040e-01
405 5.885520e-01 1.180000e-03 4.102680e-01
406 5.883720e-01 1.092000e-03 4.105360e-01
407 5.882360e-01 1.044000e-03 4.107200e-01
408 5.880160e-01 1.052000e-03 4.109320e-01
409 5.878920e-01 9.720000e-04 4.111360e-01
410 5.877080e-01 9.880000e-04 4.113040e-01
411 5.875480e-01 9.520000e-04 4.115000e-01
412 5.873960e-01 9.160000e-04 4.116880e-01
413 5.872480e-01 9.480000e-04 4.118040e-01
414 5.870800e-01 9.720000e-04 4.119480e-01
415 5.868840e-01 9.720000e-04 4.121440e-01
416 5.867360e-01 9.440000e-04 4.123200e-01
417 5.865080e-01 9.600000e-04 4.125320e-01
418 5.862720e-01 1.012000e-03 4.127160e-01
419 5.861240e-01 9.680000e-04 4.129080e-01
420 5.859560e-01 9.640000e-04 4.130800e-01
421 5.857760e-01 9.840000e-04 4.132400e-01
422 5.855880e-01 1.024000e-03 4.133880e-01
423 5.854000e-01 1.044000e-03 4.135560e-01
424 5.852400e-01 1.040000e-03 4.137200e-01
425 5.850640e-01 1.012000e-03 4.139240e-01
426 5.849280e-01 9.480000e-04 4.141240e-01
427 5.847840e-01 9.120000e-04 4.143040e-01
428 5.845840e-01 9.520000e-04 4.144640e-01
429 5.844200e-01 9.320000e-04 4.146480e-01
430 5.842360e-01 9.600000e-04 4.148040e-01
431 5.840920e-01 9.400000e-04 4.149680e-01
432 5.840080e-01 8.440000e-04 4.151480e-01
433 5.838600e-01 8.200000e-04 4.153200e-01
434 5.836800e-01 8.840000e-04 4.154360e-01
435 5.835560e-01 8.640000e-04 4.155800e-01
436 5.834240e-01 8.200000e-04 4.157560e-01
437 5.832840e-01 8.040000e-04 4.159120e-01
438 5.831880e-01 7.600000e-04 4.160520e-01
439 5.830760e-01 7.520000e-04 4.161720e-01
440 5.830040e-01 7.000000e-04 4.162960e-01
441 5.828720e-01 7.040000e-04 4.164240e-01
442 5.827120e-01 7.280000e-04 4.165600e-01
443 5.826000e-01 7.240000e-04 4.166760e-01
444 5.825040e-01 7.080000e-04 4.167880e-01
445 5.823840e-01 6.960000e-04 4.169200e-01
446 5.823040e-01 7.000000e-04 4.169960e-01
447 5.821920e-01 6.880000e-04 4.171200e-01
448 5.820760e-01 6.880000e-04 4.172360e-01
449 5.819480e-01 6.720000e-04 4.173800e-01
450 5.818520e-01 6.240000e-04 4.175240e-01
451 5.817240e-01 6.360000e-04 4.176400e-01
452 5.816120e-01 6.400000e-04 4.177480e-01
453 5.815200e-01 5.960000e-04 4.178840e-01
454 5.814080e-01 6.240000e-04 4.179680e-01
455 5.812600e-01 6.520000e-04 4.180880e-01
456 5.811520e-01 6.840000e-04 4.181640e-01
457 5.810440e-01 6.920000e-04 4.182640e-01
458 5.808840e-01 7.080000e-04 4.184080e-01
459 5.806960e-01 7.920000e-04 4.185120e-01
460 5.805440e-01 7.600000e-04 4.186960e-01
461 5.804120e-01 7.600000e-04 4.188280e-01
462 5.803200e-01 7.280000e-04 4.189520e-01
463 5.802040e-01 7.240000e-04 4.190720e-01
464 5.800800e-01 7.280000e-04 4.191920e-01
465 5.799280e-01 7.720000e-04 4.193000e-01
466 5.797600e-01 8.160000e-04 4.194240e-01
467 5.795680e-01 8.600000e-04 4.195720e-01
468 5.794200e-01 8.360000e-04 4.197440e-01
469 5.792440e-01 9.000000e-04 4.198560e-01
470 5.790960e-01 9.080000e-04 4.199960e-01
471 5.789600e-01 8.800000e-04 4.201600e-01
472 5.787960e-01 8.840000e-04 4.203200e-01
473 5.786280e-01 9.000000e-04 4.204720e-01
474 5.785040e-01 8.680000e-04 4.206280e-01
475 5.783840e-01 8.240000e-04 4.207920e-01
476 5.782360e-01 8.280000e-04 4.209360e-01
477 5.781000e-01 7.680000e-04 4.211320e-01
478 5.779880e-01 7.480000e-04 4.212640e-01
479 5.778640e-01 7.440000e-04 4.213920e-01
480 5.777200e-01 7.560000e-04 4.215240e-01
481 5.775880e-01 7.320000e-04 4.216800e-01
482 5.774720e-01 7.120000e-04 4.218160e-01
483 5.773360e-01 7.320000e-04 4.219320e-01
484 5.772640e-01 6.760000e-04 4.220600e-01
485 5.771640e-01 5.960000e-04 4.222400e-01
486 5.770800e-01 5.720000e-04 4.223480e-01
487 5.769840e-01 5.840000e-04 4.224320e-01
488 5.768560e-01 6.000000e-04 4.225440e-01
489 5.767040e-01 6.240000e-04 4.226720e-01
490 5.766120e-01 5.880000e-04 4.228000e-01
491 5.765280e-01 5.800000e-04 4.228920e-01
492 5.764360e-01 5.600000e-04 4.230040e-01
493 5.763640e-01 5.480000e-04 4.230880e-01
494 5.762880e-01 5.240000e-04 4.231880e-01
495 5.762040e-01 5.400000e-04 4.232560e-01
496 5.760600e-01 6.080000e-04 4.233320e-01
497 5.759520e-01 6.080000e-04 4.234400e-01
498 5.758440e-01 6.360000e-04 4.235200e-01
499 5.757120e-01 6.480000e-04 4.236400e-01
500 5.756080e-01 6.600000e-04 4.237320e-01
