1 9.991320e-01 7.760000e-04 9.200000e-05
2 9.985680e-01 1.192000e-03 2.400000e-04
3 9.979160e-01 1.640000e-03 4.440000e-04
4 9.971960e-01 1.948000e-03 8.560000e-04
5 9.964120e-01 2.380000e-03 1.208000e-03
6 9.956520e-01 2.740000e-03 1.608000e-03
7 9.948480e-01 2.988000e-03 2.164000e-03
8 9.938920e-01 3.428000e-03 2.680000e-03
9 9.930320e-01 3.720000e-03 3.248000e-03
10 9.918600e-01 4.244000e-03 3.896000e-03
11 9.907960e-01 4.460000e-03 4.744000e-03
12 9.896360e-01 4.776000e-03 5.588000e-03
13 9.883080e-01 5.220000e-03 6.472000e-03
14 9.870160e-01 5.532000e-03 7.452000e-03
15 9.856440e-01 5.892000e-03 8.464000e-03
16 9.842720e-01 6.220000e-03 9.508000e-03
17 9.828800e-01 6.488000e-03 1.063200e-02
18 9.814000e-01 6.764000e-03 1.183600e-02
19 9.800600e-01 6.952000e-03 1.298800e-02
20 9.786760e-01 7.056000e-03 1.426800e-02
21 9.772840e-01 7.204000e-03 1.551200e-02
22 9.759360e-01 7.360000e-03 1.670400e-02
23 9.744440e-01 7.632000e-03 1.792400e-02
24 9.730080e-01 7.820000e-03 1.917200e-02
25 9.715560e-01 7.904000e-03 2.054000e-02
26 9.700200e-01 8.064000e-03 2.191600e-02
27 9.686320e-01 7.964000e-03 2.340400e-02
28 9.672160e-01 7.988000e-03 2.479600e-02
29 9.657560e-01 8.064000e-03 2.618000e-02
30 9.642000e-01 8.116000e-03 2.768400e-02
31 9.627400e-01 8.120000e-03 2.914000e-02
32 9.611560e-01 8.160000e-03 3.068400e-02
33 9.597640e-01 8.144000e-03 3.209200e-02
34 9.581640e-01 8.400000e-03 3.343600e-02
35 9.566320e-01 8.348000e-03 3.502000e-02
36 9.550600e-01 8.428000e-03 3.651200e-02
37 9.532640e-01 8.640000e-03 3.809600e-02
38 9.516680e-01 8.808000e-03 3.952400e-02
39 9.500440e-01 8.864000e-03 4.109200e-02
40 9.485160e-01 8.788000e-03 4.269600e-02
41 9.470600e-01 8.548000e-03 4.439200e-02
42 9.457120e-01 8.432000e-03 4.585600e-02
43 9.442400e-01 8.380000e-03 4.738000e-02
44 9.427880e-01 8.488000e-03 4.872400e-02
45 9.412600e-01 8.564000e-03 5.017600e-02
46 9.396880e-01 8.564000e-03 5.174800e-02
47 9.382440e-01 8.572000e-03 5.318400e-02
48 9.367400e-01 8.492000e-03 5.476800e-02
49 9.350560e-01 8.588000e-03 5.635600e-02
50 9.334760e-01 8.772000e-03 5.775200e-02
51 9.319160e-01 8.764000e-03 5.932000e-02
52 9.303840e-01 8.828000e-03 6.078800e-02
53 9.288600e-01 8.732000e-03 6.240800e-02
54 9.273000e-01 8.676000e-03 6.402400e-02
55 9.257000e-01 8.752000e-03 6.554800e-02
56 9.240680e-01 8.832000e-03 6.710000e-02
57 9.223360e-01 8.952000e-03 6.871200e-02
58 9.206720e-01 9.196000e-03 7.013200e-02
59 9.188920e-01 9.320000e-03 7.178800e-02
60 9.172000e-01 9.328000e-03 7.347200e-02
61 9.155800e-01 9.248000e-03 7.517200e-02
62 9.136600e-01 9.460000e-03 7.688000e-02
63 9.117960e-01 9.628000e-03 7.857600e-02
64 9.096520e-01 1.009600e-02 8.025200e-02
65 9.078600e-01 1.018800e-02 8.195200e-02
66 9.056880e-01 1.068800e-02 8.362400e-02
67 9.038880e-01 1.071600e-02 8.539600e-02
68 9.019120e-01 1.068800e-02 8.740000e-02
69 8.999200e-01 1.075600e-02 8.932400e-02
70 8.980320e-01 1.062800e-02 9.134000e-02
71 8.962040e-01 1.065200e-02 9.314400e-02
72 8.941960e-01 1.077200e-02 9.503200e-02
73 8.923320e-01 1.071600e-02 9.695200e-02
74 8.904000e-01 1.081200e-02 9.878800e-02
75 8.887880e-01 1.059600e-02 1.006160e-01
76 8.869960e-01 1.056000e-02 1.024440e-01
77 8.853560e-01 1.036800e-02 1.042760e-01
78 8.836200e-01 1.016400e-02 1.062160e-01
79 8.819680e-01 1.003200e-02 1.080000e-01
80 8.803040e-01 1.006000e-02 1.096360e-01
81 8.786200e-01 9.964000e-03 1.114160e-01
82 8.766880e-01 1.022800e-02 1.130840e-01
83 8.746240e-01 1.041600e-02 1.149600e-01
84 8.728480e-01 1.038000e-02 1.167720e-01
85 8.708680e-01 1.059600e-02 1.185360e-01
86 8.689520e-01 1.054400e-02 1.205040e-01
87 8.670280e-01 1.060800e-02 1.223640e-01
88 8.654120e-01 1.038000e-02 1.242080e-01
89 8.635480e-01 1.035600e-02 1.260960e-01
90 8.619280e-01 1.012400e-02 1.279480e-01
91 8.601600e-01 1.000400e-02 1.298360e-01
92 8.584080e-01 9.996000e-03 1.315960e-01
93 8.565560e-01 1.002800e-02 1.334160e-01
94 8.547720e-01 1.006000e-02 1.351680e-01
95 8.530520e-01 9.872000e-03 1.370760e-01
96 8.515480e-01 9.568000e-03 1.388840e-01
97 8.498560e-01 9.500000e-03 1.406440e-01
98 8.481440e-01 9.508000e-03 1.423480e-01
99 8.462960e-01 9.720000e-03 1.439840e-01
100 8.444160e-01 1.004000e-02 1.455440e-01
101 8.426520e-01 1.002400e-02 1.473240e-01
102 8.407640e-01 1.004400e-02 1.491920e-01
103 8.389520e-01 1.018000e-02 1.508680e-01
104 8.372120e-01 1.010400e-02 1.526840e-01
105 8.354600e-01 9.980000e-03 1.545600e-01
106 8.338320e-01 9.928000e-03 1.562400e-01
107 8.321800e-01 9.812000e-03 1.580080e-01
108 8.304120e-01 9.812000e-03 1.597760e-01
109 8.287800e-01 9.816000e-03 1.614040e-01
110 8.271080e-01 9.784000e-03 1.631080e-01
111 8.255320e-01 9.684000e-03 1.647840e-01
112 8.239120e-01 9.620000e-03 1.664680e-01
113 8.222400e-01 9.656000e-03 1.681040e-01
114 8.204720e-01 9.908000e-03 1.696200e-01
115 8.187960e-01 9.916000e-03 1.712880e-01
116 8.170560e-01 9.876000e-03 1.730680e-01
117 8.153560e-01 9.788000e-03 1.748560e-01
118 8.135400e-01 9.964000e-03 1.764960e-01
119 8.117680e-01 9.868000e-03 1.783640e-01
120 8.100040e-01 9.828000e-03 1.801680e-01
121 8.083560e-01 9.736000e-03 1.819080e-01
122 8.066320e-01 9.856000e-03 1.835120e-01
123 8.050600e-01 9.780000e-03 1.851600e-01
124 8.034760e-01 9.560000e-03 1.869640e-01
125 8.019440e-01 9.464000e-03 1.885920e-01
126 8.003280e-01 9.480000e-03 1.901920e-01
127 7.986000e-01 9.588000e-03 1.918120e-01
128 7.970600e-01 9.540000e-03 1.934000e-01
129 7.953800e-01 9.588000e-03 1.950320e-01
130 7.937320e-01 9.520000e-03 1.967480e-01
131 7.921560e-01 9.508000e-03 1.983360e-01
132 7.906120e-01 9.400000e-03 1.999880e-01
133 7.890400e-01 9.376000e-03 2.015840e-01
134 7.874320e-01 9.296000e-03 2.032720e-01
135 7.859320e-01 9.100000e-03 2.049680e-01
136 7.844360e-01 8.808000e-03 2.067560e-01
137 7.829640e-01 8.636000e-03 2.084000e-01
138 7.815720e-01 8.564000e-03 2.098640e-01
139 7.800120e-01 8.676000e-03 2.113120e-01
140 7.786320e-01 8.520000e-03 2.128480e-01
141 7.773360e-01 8.264000e-03 2.144000e-01
142 7.760280e-01 7.916000e-03 2.160560e-01
143 7.747560e-01 7.808000e-03 2.174360e-01
144 7.733520e-01 7.812000e-03 2.188360e-01
145 7.718840e-01 7.916000e-03 2.202000e-01
146 7.703520e-01 8.108000e-03 2.215400e-01
147 7.690280e-01 8.008000e-03 2.229640e-01
148 7.675160e-01 8.088000e-03 2.243960e-01
149 7.660160e-01 8.192000e-03 2.257920e-01
150 7.643480e-01 8.396000e-03 2.272560e-01
151 7.626400e-01 8.628000e-03 2.287320e-01
152 7.611680e-01 8.684000e-03 2.301480e-01
153 7.595840e-01 8.676000e-03 2.317400e-01
154 7.579240e-01 8.848000e-03 2.332280e-01
155 7.563680e-01 8.924000e-03 2.347080e-01
156 7.547400e-01 8.944000e-03 2.363160e-01
157 7.530920e-01 9.048000e-03 2.378600e-01
158 7.515920e-01 8.908000e-03 2.395000e-01
159 7.498560e-01 8.964000e-03 2.411800e-01
160 7.483560e-01 8.756000e-03 2.428880e-01
161 7.469080e-01 8.560000e-03 2.445320e-01
162 7.454600e-01 8.520000e-03 2.460200e-01
163 7.438400e-01 8.592000e-03 2.475680e-01
164 7.422840e-01 8.660000e-03 2.490560e-01
165 7.407200e-01 8.824000e-03 2.504560e-01
166 7.393920e-01 8.484000e-03 2.521240e-01
167 7.380920e-01 8.328000e-03 2.535800e-01
168 7.367200e-01 8.332000e-03 2.549480e-01
169 7.353320e-01 8.192000e-03 2.564760e-01
170 7.339400e-01 8.212000e-03 2.578480e-01
171 7.325520e-01 8.024000e-03 2.594240e-01
172 7.312120e-01 7.980000e-03 2.608080e-01
173 7.297840e-01 7.868000e-03 2.623480e-01
174 7.285200e-01 7.772000e-03 2.637080e-01
175 7.270760e-01 7.828000e-03 2.650960e-01
176 7.257680e-01 7.576000e-03 2.666560e-01
177 7.245440e-01 7.600000e-03 2.678560e-01
178 7.232840e-01 7.444000e-03 2.692720e-01
179 7.220400e-01 7.332000e-03 2.706280e-01
180 7.209280e-01 7.116000e-03 2.719560e-01
181 7.197720e-01 7.072000e-03 2.731560e-01
182 7.187160e-01 6.896000e-03 2.743880e-01
183 7.175760e-01 6.760000e-03 2.756640e-01
184 7.164520e-01 6.724000e-03 2.768240e-01
185 7.153000e-01 6.604000e-03 2.780960e-01
186 7.141400e-01 6.608000e-03 2.792520e-01
187 7.130920e-01 6.512000e-03 2.803960e-01
188 7.120720e-01 6.520000e-03 2.814080e-01
189 7.109400e-01 6.508000e-03 2.825520e-01
190 7.097560e-01 6.520000e-03 2.837240e-01
191 7.088240e-01 6.396000e-03 2.847800e-01
192 7.078240e-01 6.224000e-03 2.859520e-01
193 7.068600e-01 6.072000e-03 2.870680e-01
194 7.058040e-01 6.020000e-03 2.881760e-01
195 7.048680e-01 5.940000e-03 2.891920e-01
196 7.038560e-01 6.012000e-03 2.901320e-01
197 7.028280e-01 6.004000e-03 2.911680e-01
198 7.017400e-01 6.040000e-03 2.922200e-01
199 7.006600e-01 6.112000e-03 2.932280e-01
200 6.996480e-01 6.116000e-03 2.942360e-01
201 6.988000e-01 5.936000e-03 2.952640e-01
202 6.979120e-01 5.824000e-03 2.962640e-01
203 6.969520e-01 5.784000e-03 2.972640e-01
204 6.959680e-01 5.752000e-03 2.982800e-01
205 6.950160e-01 5.708000e-03 2.992760e-01
206 6.940480e-01 5.704000e-03 3.002480e-01
207 6.931080e-01 5.640000e-03 3.012520e-01
208 6.922920e-01 5.560000e-03 3.021480e-01
209 6.914080e-01 5.508000e-03 3.030840e-01
210 6.906120e-01 5.268000e-03 3.041200e-01
211 6.897400e-01 5.268000e-03 3.049920e-01
212 6.890600e-01 5.024000e-03 3.059160e-01
213 6.883320e-01 4.832000e-03 3.068360e-01
214 6.874280e-01 4.924000e-03 3.076480e-01
215 6.865160e-01 4.896000e-03 3.085880e-01
216 6.855960e-01 4.928000e-03 3.094760e-01
217 6.848160e-01 4.820000e-03 3.103640e-01
218 6.840520e-01 4.736000e-03 3.112120e-01
219 6.832960e-01 4.616000e-03 3.120880e-01
220 6.824960e-01 4.632000e-03 3.128720e-01
221 6.816560e-01 4.696000e-03 3.136480e-01
222 6.809080e-01 4.636000e-03 3.144560e-01
223 6.801600e-01 4.544000e-03 3.152960e-01
224 6.793400e-01 4.552000e-03 3.161080e-01
225 6.786400e-01 4.456000e-03 3.169040e-01
226 6.778240e-01 4.496000e-03 3.176800e-01
227 6.769880e-01 4.680000e-03 3.183320e-01
228 6.761560e-01 4.760000e-03 3.190840e-01
229 6.753040e-01 4.784000e-03 3.199120e-01
230 6.745880e-01 4.660000e-03 3.207520e-01
231 6.737720e-01 4.608000e-03 3.216200e-01
232 6.730920e-01 4.592000e-03 3.223160e-01
233 6.722240e-01 4.672000e-03 3.231040e-01
234 6.714040e-01 4.720000e-03 3.238760e-01
235 6.706360e-01 4.692000e-03 3.246720e-01
236 6.697920e-01 4.772000e-03 3.254360e-01
237 6.689240e-01 4.820000e-03 3.262560e-01
238 6.680400e-01 4.848000e-03 3.271120e-01
239 6.672200e-01 4.856000e-03 3.279240e-01
240 6.664040e-01 4.736000e-03 3.288600e-01
241 6.657360e-01 4.532000e-03 3.297320e-01
242 6.651080e-01 4.244000e-03 3.306480e-01
243 6.644320e-01 4.152000e-03 3.314160e-01
244 6.637800e-01 4.032000e-03 3.321880e-01
245 6.630400e-01 4.048000e-03 3.329120e-01
246 6.624800e-01 3.956000e-03 3.335640e-01
247 6.618520e-01 3.980000e-03 3.341680e-01
248 6.612640e-01 3.812000e-03 3.349240e-01
249 6.607200e-01 3.644000e-03 3.356360e-01
250 6.600840e-01 3.620000e-03 3.362960e-01
251 6.596560e-01 3.404000e-03 3.369400e-01
252 6.589200e-01 3.524000e-03 3.375560e-01
253 6.583840e-01 3.484000e-03 3.381320e-01
254 6.578080e-01 3.424000e-03 3.387680e-01
255 6.572560e-01 3.404000e-03 3.393400e-01
256 6.567840e-01 3.260000e-03 3.399560e-01
257 6.563160e-01 3.148000e-03 3.405360e-01
258 6.558360e-01 3.036000e-03 3.411280e-01
259 6.553200e-01 2.952000e-03 3.417280e-01
260 6.548560e-01 2.916000e-03 3.422280e-01
261 6.543320e-01 2.912000e-03 3.427560e-01
262 6.537400e-01 2.936000e-03 3.433240e-01
263 6.531240e-01 3.040000e-03 3.438360e-01
264 6.525880e-01 3.116000e-03 3.442960e-01
265 6.520440e-01 3.116000e-03 3.448400e-01
266 6.514160e-01 3.156000e-03 3.454280e-01
267 6.508640e-01 3.180000e-03 3.459560e-01
268 6.503520e-01 3.152000e-03 3.464960e-01
269 6.498120e-01 3.124000e-03 3.470640e-01
270 6.492560e-01 3.184000e-03 3.475600e-01
271 6.486680e-01 3.136000e-03 3.481960e-01
272 6.480920e-01 3.156000e-03 3.487520e-01
273 6.476520e-01 3.104000e-03 3.492440e-01
274 6.471560e-01 3.052000e-03 3.497920e-01
275 6.466600e-01 3.032000e-03 3.503080e-01
276 6.461560e-01 3.008000e-03 3.508360e-01
277 6.456720e-01 2.980000e-03 3.513480e-01
278 6.451840e-01 2.912000e-03 3.519040e-01
279 6.447480e-01 2.816000e-03 3.524360e-01
280 6.442800e-01 2.840000e-03 3.528800e-01
281 6.438760e-01 2.744000e-03 3.533800e-01
282 6.434200e-01 2.792000e-03 3.537880e-01
283 6.429560e-01 2.848000e-03 3.541960e-01
284 6.425840e-01 2.700000e-03 3.547160e-01
285 6.421800e-01 2.600000e-03 3.552200e-01
286 6.416920e-01 2.608000e-03 3.557000e-01
287 6.412680e-01 2.568000e-03 3.561640e-01
288 6.408160e-01 2.564000e-03 3.566200e-01
289 6.403480e-01 2.588000e-03 3.570640e-01
290 6.397720e-01 2.736000e-03 3.574920e-01
291 6.391640e-01 2.888000e-03 3.579480e-01
292 6.386520e-01 2.796000e-03 3.585520e-01
293 6.381440e-01 2.884000e-03 3.589720e-01
294 6.375280e-01 3.024000e-03 3.594480e-01
295 6.368840e-01 3.096000e-03 3.600200e-01
296 6.362960e-01 3.180000e-03 3.605240e-01
297 6.357880e-01 3.024000e-03 3.611880e-01
298 6.353040e-01 2.992000e-03 3.617040e-01
299 6.347400e-01 3.096000e-03 3.621640e-01
300 6.341760e-01 3.096000e-03 3.627280e-01
301 6.335800e-01 3.124000e-03 3.632960e-01
302 6.330320e-01 3.076000e-03 3.638920e-01
303 6.325560e-01 3.040000e-03 3.644040e-01
304 6.321920e-01 2.900000e-03 3.649080e-01
305 6.318400e-01 2.812000e-03 3.653480e-01
306 6.313640e-01 2.788000e-03 3.658480e-01
307 6.308680e-01 2.812000e-03 3.663200e-01
308 6.303840e-01 2.864000e-03 3.667520e-01
309 6.299360e-01 2.776000e-03 3.672880e-01
310 6.294560e-01 2.764000e-03 3.677800e-01
311 6.290360e-01 2.704000e-03 3.682600e-01
312 6.286080e-01 2.664000e-03 3.687280e-01
313 6.281440e-01 2.632000e-03 3.692240e-01
314 6.277880e-01 2.544000e-03 3.696680e-01
315 6.274560e-01 2.400000e-03 3.701440e-01
316 6.270760e-01 2.408000e-03 3.705160e-01
317 6.266920e-01 2.328000e-03 3.709800e-01
318 6.263640e-01 2.260000e-03 3.713760e-01
319 6.259720e-01 2.260000e-03 3.717680e-01
320 6.255600e-01 2.304000e-03 3.721360e-01
321 6.251320e-01 2.300000e-03 3.725680e-01
322 6.247400e-01 2.336000e-03 3.729240e-01
323 6.243440e-01 2.240000e-03 3.734160e-01
324 6.240400e-01 2.136000e-03 3.738240e-01
325 6.237360e-01 2.080000e-03 3.741840e-01
326 6.234800e-01 1.976000e-03 3.745440e-01
327 6.231760e-01 1.928000e-03 3.748960e-01
328 6.229040e-01 1.868000e-03 3.752280e-01
329 6.226080e-01 1.856000e-03 3.755360e-01
330 6.222240e-01 1.944000e-03 3.758320e-01
331 6.219720e-01 1.792000e-03 3.762360e-01
332 6.217240e-01 1.736000e-03 3.765400e-01
333 6.214360e-01 1.796000e-03 3.767680e-01
334 6.211600e-01 1.788000e-03 3.770520e-01
335 6.208400e-01 1.764000e-03 3.773960e-01
336 6.205640e-01 1.724000e-03 3.777120e-01
337 6.203520e-01 1.656000e-03 3.779920e-01
338 6.200880e-01 1.660000e-03 3.782520e-01
339 6.198280e-01 1.584000e-03 3.785880e-01
340 6.195440e-01 1.584000e-03 3.788720e-01
341 6.192600e-01 1.632000e-03 3.791080e-01
342 6.189960e-01 1.600000e-03 3.794040e-01
343 6.186880e-01 1.668000e-03 3.796440e-01
344 6.184320e-01 1.660000e-03 3.799080e-01
345 6.182120e-01 1.612000e-03 3.801760e-01
346 6.180160e-01 1.576000e-03 3.804080e-01
347 6.178320e-01 1.500000e-03 3.806680e-01
348 6.175440e-01 1.544000e-03 3.809120e-01
349 6.173520e-01 1.472000e-03 3.811760e-01
350 6.171400e-01 1.404000e-03 3.814560e-01
351 6.169320e-01 1.416000e-03 3.816520e-01
352 6.166920e-01 1.424000e-03 3.818840e-01
353 6.164560e-01 1.440000e-03 3.821040e-01
354 6.162480e-01 1.412000e-03 3.823400e-01
355 6.160400e-01 1.356000e-03 3.826040e-01
356 6.158640e-01 1.256000e-03 3.828800e-01
357 6.156520e-01 1.260000e-03 3.830880e-01
358 6.154560e-01 1.236000e-03 3.833080e-01
359 6.152320e-01 1.268000e-03 3.835000e-01
360 6.150440e-01 1.280000e-03 3.836760e-01
361 6.148480e-01 1.200000e-03 3.839520e-01
362 6.146280e-01 1.240000e-03 3.841320e-01
363 6.144360e-01 1.172000e-03 3.843920e-01
364 6.142640e-01 1.164000e-03 3.845720e-01
365 6.140320e-01 1.172000e-03 3.847960e-01
366 6.138280e-01 1.208000e-03 3.849640e-01
367 6.136440e-01 1.128000e-03 3.852280e-01
368 6.134520e-01 1.112000e-03 3.854360e-01
369 6.133080e-01 1.044000e-03 3.856480e-01
370 6.131400e-01 1.028000e-03 3.858320e-01
371 6.130080e-01 9.600000e-04 3.860320e-01
372 6.128640e-01 9.480000e-04 3.861880e-01
373 6.126920e-01 9.320000e-04 3.863760e-01
374 6.125520e-01 9.080000e-04 3.865400e-01
375 6.123960e-01 9.040000e-04 3.867000e-01
376 6.121960e-01 9.160000e-04 3.868880e-01
377 6.120360e-01 8.600000e-04 3.871040e-01
378 6.118920e-01 8.560000e-04 3.872520e-01
379 6.117520e-01 8.640000e-04 3.873840e-01
380 6.115920e-01 8.600000e-04 3.875480e-01
381 6.114040e-01 9.240000e-04 3.876720e-01
382 6.112680e-01 8.960000e-04 3.878360e-01
383 6.111400e-01 8.440000e-04 3.880160e-01
384 6.109800e-01 8.960000e-04 3.881240e-01
385 6.108240e-01 8.720000e-04 3.883040e-01
386 6.106600e-01 8.480000e-04 3.884920e-01
387 6.104800e-01 8.920000e-04 3.886280e-01
388 6.103080e-01 8.920000e-04 3.888000e-01
389 6.101720e-01 8.840000e-04 3.889440e-01
390 6.100240e-01 8.600000e-04 3.891160e-01
391 6.098880e-01 8.520000e-04 3.892600e-01
392 6.097280e-01 8.640000e-04 3.894080e-01
393 6.095800e-01 8.760000e-04 3.895440e-01
394 6.094320e-01 8.960000e-04 3.896720e-01
395 6.093000e-01 8.200000e-04 3.898800e-01
396 6.091480e-01 8.080000e-04 3.900440e-01
397 6.090200e-01 7.720000e-04 3.902080e-01
398 6.088720e-01 7.760000e-04 3.903520e-01
399 6.087880e-01 7.160000e-04 3.904960e-01
400 6.086880e-01 6.720000e-04 3.906400e-01
401 6.085880e-01 6.600000e-04 3.907520e-01
402 6.085000e-01 6.200000e-04 3.908800e-01
403 6.084160e-01 6.080000e-04 3.909760e-01
404 6.083280e-01 5.840000e-04 3.910880e-01
405 6.082720e-01 5.680000e-04 3.911600e-01
406 6.082080e-01 5.640000e-04 3.912280e-01
407 6.081280e-01 5.320000e-04 3.913400e-01
408 6.080720e-01 5.040000e-04 3.914240e-01
409 6.080160e-01 4.480000e-04 3.915360e-01
410 6.079520e-01 4.200000e-04 3.916280e-01
411 6.078840e-01 4.200000e-04 3.916960e-01
412 6.078320e-01 4.240000e-04 3.917440e-01
413 6.077760e-01 4.000000e-04 3.918240e-01
414 6.077280e-01 3.800000e-04 3.918920e-01
415 6.076880e-01 3.600000e-04 3.919520e-01
416 6.076360e-01 3.440000e-04 3.920200e-01
417 6.075880e-01 3.280000e-04 3.920840e-01
418 6.075080e-01 3.600000e-04 3.921320e-01
419 6.074320e-01 3.880000e-04 3.921800e-01
420 6.073280e-01 4.280000e-04 3.922440e-01
421 6.072720e-01 4.160000e-04 3.923120e-01
422 6.071760e-01 4.480000e-04 3.923760e-01
423 6.070960e-01 4.760000e-04 3.924280e-01
424 6.070120e-01 4.880000e-04 3.925000e-01
425 6.069560e-01 4.480000e-04 3.925960e-01
426 6.068760e-01 4.680000e-04 3.926560e-01
427 6.068240e-01 4.240000e-04 3.927520e-01
428 6.067640e-01 4.240000e-04 3.928120e-01
429 6.067080e-01 4.240000e-04 3.928680e-01
430 6.066640e-01 3.920000e-04 3.929440e-01
431 6.065720e-01 3.800000e-04 3.930480e-01
432 6.065040e-01 4.000000e-04 3.930960e-01
433 6.064240e-01 3.920000e-04 3.931840e-01
434 6.063360e-01 3.920000e-04 3.932720e-01
435 6.062840e-01 3.800000e-04 3.933360e-01
436 6.062280e-01 3.680000e-04 3.934040e-01
437 6.061720e-01 3.480000e-04 3.934800e-01
438 6.060760e-01 3.640000e-04 3.935600e-01
439 6.059960e-01 3.760000e-04 3.936280e-01
440 6.059080e-01 3.800000e-04 3.937120e-01
441 6.058360e-01 3.840000e-04 3.937800e-01
442 6.057680e-01 3.840000e-04 3.938480e-01
443 6.056920e-01 4.040000e-04 3.939040e-01
444 6.056280e-01 3.920000e-04 3.939800e-01
445 6.055520e-01 3.640000e-04 3.940840e-01
446 6.054600e-01 3.920000e-04 3.941480e-01
447 6.054160e-01 3.520000e-04 3.942320e-01
448 6.053520e-01 3.480000e-04 3.943000e-01
449 6.052880e-01 3.440000e-04 3.943680e-01
450 6.052320e-01 3.280000e-04 3.944400e-01
451 6.051720e-01 3.200000e-04 3.945080e-01
452 6.051240e-01 3.240000e-04 3.945520e-01
453 6.050480e-01 3.600000e-04 3.945920e-01
454 6.049920e-01 3.560000e-04 3.946520e-01
455 6.049280e-01 3.400000e-04 3.947320e-01
456 6.048600e-01 3.400000e-04 3.948000e-01
457 6.048320e-01 3.200000e-04 3.948480e-01
458 6.047840e-01 3.160000e-04 3.949000e-01
459 6.047080e-01 3.120000e-04 3.949800e-01
460 6.046600e-01 3.200000e-04 3.950200e-01
461 6.046120e-01 3.120000e-04 3.950760e-01
462 6.045400e-01 3.320000e-04 3.951280e-01
463 6.044920e-01 3.160000e-04 3.951920e-01
464 6.044600e-01 3.160000e-04 3.952240e-01
465 6.043920e-01 3.200000e-04 3.952880e-01
466 6.043160e-01 3.200000e-04 3.953640e-01
467 6.042720e-01 3.120000e-04 3.954160e-01
468 6.042240e-01 3.280000e-04 3.954480e-01
469 6.041520e-01 3.360000e-04 3.955120e-01
470 6.040880e-01 3.360000e-04 3.955760e-01
471 6.040640e-01 3.120000e-04 3.956240e-01
472 6.040200e-01 3.160000e-04 3.956640e-01
473 6.039560e-01 3.160000e-04 3.957280e-01
474 6.039120e-01 3.200000e-04 3.957680e-01
475 6.038680e-01 3.000000e-04 3.958320e-01
476 6.038240e-01 2.920000e-04 3.958840e-01
477 6.037760e-01 2.760000e-04 3.959480e-01
478 6.037000e-01 3.040000e-04 3.959960e-01
479 6.036400e-01 2.880000e-04 3.960720e-01
480 6.035800e-01 2.840000e-04 3.961360e-01
481 6.035000e-01 3.200000e-04 3.961800e-01
482 6.034320e-01 3.200000e-04 3.962480e-01
483 6.033760e-01 3.240000e-04 3.963000e-01
484 6.033560e-01 3.040000e-04 3.963400e-01
485 6.033040e-01 3.120000e-04 3.963840e-01
486 6.032400e-01 3.080000e-04 3.964520e-01
487 6.032080e-01 2.800000e-04 3.965120e-01
488 6.031680e-01 2.840000e-04 3.965480e-01
489 6.031120e-01 2.880000e-04 3.966000e-01
490 6.030360e-01 3.120000e-04 3.966520e-01
491 6.029720e-01 3.320000e-04 3.966960e-01
492 6.029120e-01 3.240000e-04 3.967640e-01
493 6.028280e-01 3.640000e-04 3.968080e-01
494 6.027760e-01 3.680000e-04 3.968560e-01
495 6.026960e-01 4.080000e-04 3.968960e-01
496 6.025880e-01 4.560000e-04 3.969560e-01
497 6.024680e-01 4.920000e-04 3.970400e-01
498 6.023840e-01 5.000000e-04 3.971160e-01
499 6.023000e-01 4.640000e-04 3.972360e-01
500 6.022320e-01 4.400000e-04 3.973280e-01
