1 9.992280e-01 6.440000e-04 1.280000e-04
2 9.987240e-01 1.016000e-03 2.600000e-04
3 9.980440e-01 1.500000e-03 4.560000e-04
4 9.973080e-01 1.924000e-03 7.680000e-04
5 9.964040e-01 2.496000e-03 1.100000e-03
6 9.954280e-01 2.996000e-03 1.576000e-03
7 9.945000e-01 3.400000e-03 2.100000e-03
8 9.934800e-01 3.776000e-03 2.744000e-03
9 9.924200e-01 4.108000e-03 3.472000e-03
10 9.914880e-01 4.388000e-03 4.124000e-03
11 9.905280e-01 4.660000e-03 4.812000e-03
12 9.895000e-01 4.892000e-03 5.608000e-03
13 9.883720e-01 5.120000e-03 6.508000e-03
14 9.871160e-01 5.556000e-03 7.328000e-03
15 9.859400e-01 5.804000e-03 8.256000e-03
16 9.846000e-01 6.104000e-03 9.296000e-03
17 9.833480e-01 6.276000e-03 1.037600e-02
18 9.820400e-01 6.428000e-03 1.153200e-02
19 9.807840e-01 6.552000e-03 1.266400e-02
20 9.793680e-01 6.868000e-03 1.376400e-02
21 9.780960e-01 6.968000e-03 1.493600e-02
22 9.768280e-01 7.012000e-03 1.616000e-02
23 9.756000e-01 7.016000e-03 1.738400e-02
24 9.742680e-01 6.988000e-03 1.874400e-02
25 9.729360e-01 7.044000e-03 2.002000e-02
26 9.716000e-01 7.040000e-03 2.136000e-02
27 9.702640e-01 7.024000e-03 2.271200e-02
28 9.690160e-01 6.996000e-03 2.398800e-02
29 9.678280e-01 6.948000e-03 2.522400e-02
30 9.664360e-01 7.108000e-03 2.645600e-02
31 9.650720e-01 7.256000e-03 2.767200e-02
32 9.638120e-01 7.244000e-03 2.894400e-02
33 9.624840e-01 7.356000e-03 3.016000e-02
34 9.610800e-01 7.368000e-03 3.155200e-02
35 9.595840e-01 7.584000e-03 3.283200e-02
36 9.580880e-01 7.824000e-03 3.408800e-02
37 9.566240e-01 7.868000e-03 3.550800e-02
38 9.552920e-01 7.848000e-03 3.686000e-02
39 9.538560e-01 7.912000e-03 3.823200e-02
40 9.522680e-01 8.204000e-03 3.952800e-02
41 9.508760e-01 8.208000e-03 4.091600e-02
42 9.493320e-01 8.360000e-03 4.230800e-02
43 9.479480e-01 8.232000e-03 4.382000e-02
44 9.465120e-01 8.224000e-03 4.526400e-02
45 9.451400e-01 8.260000e-03 4.660000e-02
46 9.436240e-01 8.428000e-03 4.794800e-02
47 9.421640e-01 8.352000e-03 4.948400e-02
48 9.406040e-01 8.524000e-03 5.087200e-02
49 9.391440e-01 8.484000e-03 5.237200e-02
50 9.376000e-01 8.496000e-03 5.390400e-02
51 9.363040e-01 8.364000e-03 5.533200e-02
52 9.349440e-01 8.332000e-03 5.672400e-02
53 9.337000e-01 8.152000e-03 5.814800e-02
54 9.323080e-01 8.116000e-03 5.957600e-02
55 9.309040e-01 8.052000e-03 6.104400e-02
56 9.295560e-01 7.988000e-03 6.245600e-02
57 9.282040e-01 7.992000e-03 6.380400e-02
58 9.267280e-01 7.980000e-03 6.529200e-02
59 9.254160e-01 7.884000e-03 6.670000e-02
60 9.240000e-01 7.972000e-03 6.802800e-02
61 9.225120e-01 7.908000e-03 6.958000e-02
62 9.211560e-01 7.896000e-03 7.094800e-02
63 9.199000e-01 7.860000e-03 7.224000e-02
64 9.184000e-01 7.996000e-03 7.360400e-02
65 9.170640e-01 7.948000e-03 7.498800e-02
66 9.156520e-01 7.908000e-03 7.644000e-02
67 9.141840e-01 7.928000e-03 7.788800e-02
68 9.129640e-01 7.712000e-03 7.932400e-02
69 9.115720e-01 7.740000e-03 8.068800e-02
70 9.103000e-01 7.604000e-03 8.209600e-02
71 9.089040e-01 7.620000e-03 8.347600e-02
72 9.075480e-01 7.576000e-03 8.487600e-02
73 9.061640e-01 7.648000e-03 8.618800e-02
74 9.048360e-01 7.604000e-03 8.756000e-02
75 9.037440e-01 7.424000e-03 8.883200e-02
76 9.025840e-01 7.292000e-03 9.012400e-02
77 9.014680e-01 7.072000e-03 9.146000e-02
78 9.002480e-01 7.124000e-03 9.262800e-02
79 8.990240e-01 7.168000e-03 9.380800e-02
80 8.977840e-01 7.084000e-03 9.513200e-02
81 8.965680e-01 6.936000e-03 9.649600e-02
82 8.953320e-01 6.960000e-03 9.770800e-02
83 8.941480e-01 6.972000e-03 9.888000e-02
84 8.928840e-01 7.096000e-03 1.000200e-01
85 8.916840e-01 7.088000e-03 1.012280e-01
86 8.905440e-01 7.012000e-03 1.024440e-01
87 8.892400e-01 7.208000e-03 1.035520e-01
88 8.879920e-01 7.092000e-03 1.049160e-01
89 8.867480e-01 7.108000e-03 1.061440e-01
90 8.854680e-01 7.088000e-03 1.074440e-01
91 8.841280e-01 7.224000e-03 1.086480e-01
92 8.829800e-01 7.088000e-03 1.099320e-01
93 8.815760e-01 7.232000e-03 1.111920e-01
94 8.802480e-01 7.224000e-03 1.125280e-01
95 8.789000e-01 7.292000e-03 1.138080e-01
96 8.776080e-01 7.204000e-03 1.151880e-01
97 8.764680e-01 7.144000e-03 1.163880e-01
98 8.753240e-01 7.064000e-03 1.176120e-01
99 8.740680e-01 7.032000e-03 1.189000e-01
100 8.728720e-01 6.956000e-03 1.201720e-01
101 8.717400e-01 6.880000e-03 1.213800e-01
102 8.706120e-01 6.820000e-03 1.225680e-01
103 8.693120e-01 6.956000e-03 1.237320e-01
104 8.681920e-01 6.800000e-03 1.250080e-01
105 8.669520e-01 6.744000e-03 1.263040e-01
106 8.656440e-01 6.768000e-03 1.275880e-01
107 8.644480e-01 6.744000e-03 1.288080e-01
108 8.631520e-01 6.872000e-03 1.299760e-01
109 8.619600e-01 6.872000e-03 1.311680e-01
110 8.607400e-01 7.020000e-03 1.322400e-01
111 8.594840e-01 7.032000e-03 1.334840e-01
112 8.583880e-01 6.912000e-03 1.347000e-01
113 8.572800e-01 6.888000e-03 1.358320e-01
114 8.561680e-01 6.752000e-03 1.370800e-01
115 8.549600e-01 6.840000e-03 1.382000e-01
116 8.538360e-01 6.792000e-03 1.393720e-01
117 8.526280e-01 6.844000e-03 1.405280e-01
118 8.513600e-01 6.904000e-03 1.417360e-01
119 8.501600e-01 6.828000e-03 1.430120e-01
120 8.489760e-01 6.796000e-03 1.442280e-01
121 8.478080e-01 6.804000e-03 1.453880e-01
122 8.465760e-01 6.732000e-03 1.466920e-01
123 8.454320e-01 6.800000e-03 1.477680e-01
124 8.442120e-01 6.716000e-03 1.490720e-01
125 8.430760e-01 6.588000e-03 1.503360e-01
126 8.420680e-01 6.464000e-03 1.514680e-01
127 8.410440e-01 6.416000e-03 1.525400e-01
128 8.400440e-01 6.348000e-03 1.536080e-01
129 8.390040e-01 6.340000e-03 1.546560e-01
130 8.379520e-01 6.436000e-03 1.556120e-01
131 8.366560e-01 6.520000e-03 1.568240e-01
132 8.355680e-01 6.440000e-03 1.579920e-01
133 8.343080e-01 6.744000e-03 1.589480e-01
134 8.331840e-01 6.756000e-03 1.600600e-01
135 8.321120e-01 6.592000e-03 1.612960e-01
136 8.309720e-01 6.548000e-03 1.624800e-01
137 8.299040e-01 6.428000e-03 1.636680e-01
138 8.287720e-01 6.324000e-03 1.649040e-01
139 8.277640e-01 6.252000e-03 1.659840e-01
140 8.268080e-01 6.092000e-03 1.671000e-01
141 8.257960e-01 6.020000e-03 1.681840e-01
142 8.247760e-01 5.956000e-03 1.692680e-01
143 8.236880e-01 5.908000e-03 1.704040e-01
144 8.228320e-01 5.824000e-03 1.713440e-01
145 8.217520e-01 5.908000e-03 1.723400e-01
146 8.206560e-01 5.904000e-03 1.734400e-01
147 8.195920e-01 5.912000e-03 1.744960e-01
148 8.185200e-01 5.956000e-03 1.755240e-01
149 8.174040e-01 6.004000e-03 1.765920e-01
150 8.164360e-01 5.916000e-03 1.776480e-01
151 8.154560e-01 5.836000e-03 1.787080e-01
152 8.143840e-01 5.972000e-03 1.796440e-01
153 8.131880e-01 6.088000e-03 1.807240e-01
154 8.120280e-01 6.200000e-03 1.817720e-01
155 8.110960e-01 6.004000e-03 1.829000e-01
156 8.100840e-01 6.004000e-03 1.839120e-01
157 8.091120e-01 6.008000e-03 1.848800e-01
158 8.081400e-01 6.000000e-03 1.858600e-01
159 8.072000e-01 5.880000e-03 1.869200e-01
160 8.062520e-01 5.892000e-03 1.878560e-01
161 8.053520e-01 5.780000e-03 1.888680e-01
162 8.045000e-01 5.616000e-03 1.898840e-01
163 8.036760e-01 5.436000e-03 1.908880e-01
164 8.028200e-01 5.300000e-03 1.918800e-01
165 8.018600e-01 5.368000e-03 1.927720e-01
166 8.010240e-01 5.260000e-03 1.937160e-01
167 8.000720e-01 5.416000e-03 1.945120e-01
168 7.991120e-01 5.408000e-03 1.954800e-01
169 7.982240e-01 5.324000e-03 1.964520e-01
170 7.973320e-01 5.232000e-03 1.974360e-01
171 7.965120e-01 5.152000e-03 1.983360e-01
172 7.957400e-01 5.024000e-03 1.992360e-01
173 7.948480e-01 5.096000e-03 2.000560e-01
174 7.940320e-01 5.000000e-03 2.009680e-01
175 7.932000e-01 4.848000e-03 2.019520e-01
176 7.923760e-01 4.840000e-03 2.027840e-01
177 7.916520e-01 4.708000e-03 2.036400e-01
178 7.908240e-01 4.752000e-03 2.044240e-01
179 7.900120e-01 4.772000e-03 2.052160e-01
180 7.891520e-01 4.856000e-03 2.059920e-01
181 7.884040e-01 4.748000e-03 2.068480e-01
182 7.876280e-01 4.612000e-03 2.077600e-01
183 7.868720e-01 4.508000e-03 2.086200e-01
184 7.861200e-01 4.512000e-03 2.093680e-01
185 7.853560e-01 4.536000e-03 2.101080e-01
186 7.845200e-01 4.548000e-03 2.109320e-01
187 7.836920e-01 4.640000e-03 2.116680e-01
188 7.829360e-01 4.608000e-03 2.124560e-01
189 7.820800e-01 4.600000e-03 2.133200e-01
190 7.813680e-01 4.472000e-03 2.141600e-01
191 7.806520e-01 4.408000e-03 2.149400e-01
192 7.799800e-01 4.368000e-03 2.156520e-01
193 7.792320e-01 4.380000e-03 2.163880e-01
194 7.783680e-01 4.556000e-03 2.170760e-01
195 7.774680e-01 4.620000e-03 2.179120e-01
196 7.766440e-01 4.560000e-03 2.187960e-01
197 7.759320e-01 4.424000e-03 2.196440e-01
198 7.751680e-01 4.432000e-03 2.204000e-01
199 7.744040e-01 4.396000e-03 2.212000e-01
200 7.736280e-01 4.360000e-03 2.220120e-01
201 7.727640e-01 4.436000e-03 2.228000e-01
202 7.720520e-01 4.348000e-03 2.236000e-01
203 7.713520e-01 4.296000e-03 2.243520e-01
204 7.705960e-01 4.388000e-03 2.250160e-01
205 7.699240e-01 4.376000e-03 2.257000e-01
206 7.690600e-01 4.560000e-03 2.263800e-01
207 7.683040e-01 4.580000e-03 2.271160e-01
208 7.675560e-01 4.544000e-03 2.279000e-01
209 7.667400e-01 4.600000e-03 2.286600e-01
210 7.659760e-01 4.512000e-03 2.295120e-01
211 7.652160e-01 4.424000e-03 2.303600e-01
212 7.644920e-01 4.336000e-03 2.311720e-01
213 7.637240e-01 4.384000e-03 2.318920e-01
214 7.631360e-01 4.172000e-03 2.326920e-01
215 7.625440e-01 4.020000e-03 2.334360e-01
216 7.619040e-01 4.048000e-03 2.340480e-01
217 7.611560e-01 4.140000e-03 2.347040e-01
218 7.603640e-01 4.224000e-03 2.354120e-01
219 7.596320e-01 4.192000e-03 2.361760e-01
220 7.590320e-01 4.096000e-03 2.368720e-01
221 7.584480e-01 3.892000e-03 2.376600e-01
222 7.577880e-01 3.856000e-03 2.383560e-01
223 7.571720e-01 3.816000e-03 2.390120e-01
224 7.564960e-01 3.784000e-03 2.397200e-01
225 7.558280e-01 3.880000e-03 2.402920e-01
226 7.552440e-01 3.796000e-03 2.409600e-01
227 7.547160e-01 3.716000e-03 2.415680e-01
228 7.541400e-01 3.604000e-03 2.422560e-01
229 7.536080e-01 3.568000e-03 2.428240e-01
230 7.530080e-01 3.568000e-03 2.434240e-01
231 7.524200e-01 3.508000e-03 2.440720e-01
232 7.517200e-01 3.516000e-03 2.447640e-01
233 7.510640e-01 3.624000e-03 2.453120e-01
234 7.504840e-01 3.548000e-03 2.459680e-01
235 7.498560e-01 3.536000e-03 2.466080e-01
236 7.492920e-01 3.444000e-03 2.472640e-01
237 7.486840e-01 3.432000e-03 2.478840e-01
238 7.481400e-01 3.332000e-03 2.485280e-01
239 7.475920e-01 3.228000e-03 2.491800e-01
240 7.470040e-01 3.268000e-03 2.497280e-01
241 7.464560e-01 3.244000e-03 2.503000e-01
242 7.458920e-01 3.188000e-03 2.509200e-01
243 7.453080e-01 3.188000e-03 2.515040e-01
244 7.448680e-01 3.132000e-03 2.520000e-01
245 7.442960e-01 3.192000e-03 2.525120e-01
246 7.437920e-01 3.196000e-03 2.530120e-01
247 7.431880e-01 3.300000e-03 2.535120e-01
248 7.426160e-01 3.260000e-03 2.541240e-01
249 7.421080e-01 3.212000e-03 2.546800e-01
250 7.415120e-01 3.188000e-03 2.553000e-01
251 7.410080e-01 3.184000e-03 2.558080e-01
252 7.404320e-01 3.124000e-03 2.564440e-01
253 7.399120e-01 3.136000e-03 2.569520e-01
254 7.392680e-01 3.260000e-03 2.574720e-01
255 7.387320e-01 3.240000e-03 2.580280e-01
256 7.381040e-01 3.292000e-03 2.586040e-01
257 7.375120e-01 3.332000e-03 2.591560e-01
258 7.369240e-01 3.404000e-03 2.596720e-01
259 7.362360e-01 3.520000e-03 2.602440e-01
260 7.355680e-01 3.624000e-03 2.608080e-01
261 7.349240e-01 3.620000e-03 2.614560e-01
262 7.341520e-01 3.752000e-03 2.620960e-01
263 7.335040e-01 3.792000e-03 2.627040e-01
264 7.329160e-01 3.772000e-03 2.633120e-01
265 7.323200e-01 3.708000e-03 2.639720e-01
266 7.316480e-01 3.844000e-03 2.645080e-01
267 7.310720e-01 3.784000e-03 2.651440e-01
268 7.304680e-01 3.672000e-03 2.658600e-01
269 7.299080e-01 3.572000e-03 2.665200e-01
270 7.293320e-01 3.536000e-03 2.671320e-01
271 7.288760e-01 3.340000e-03 2.677840e-01
272 7.282960e-01 3.320000e-03 2.683840e-01
273 7.278160e-01 3.316000e-03 2.688680e-01
274 7.272360e-01 3.340000e-03 2.694240e-01
275 7.267080e-01 3.296000e-03 2.699960e-01
276 7.262480e-01 3.112000e-03 2.706400e-01
277 7.257800e-01 3.036000e-03 2.711840e-01
278 7.253280e-01 2.960000e-03 2.717120e-01
279 7.246960e-01 3.100000e-03 2.722040e-01
280 7.241400e-01 3.060000e-03 2.728000e-01
281 7.236040e-01 3.024000e-03 2.733720e-01
282 7.231000e-01 2.964000e-03 2.739360e-01
283 7.225440e-01 2.956000e-03 2.745000e-01
284 7.220040e-01 3.004000e-03 2.749920e-01
285 7.214600e-01 2.932000e-03 2.756080e-01
286 7.208920e-01 2.980000e-03 2.761280e-01
287 7.203520e-01 2.980000e-03 2.766680e-01
288 7.197480e-01 3.048000e-03 2.772040e-01
289 7.191840e-01 3.068000e-03 2.777480e-01
290 7.187400e-01 2.972000e-03 2.782880e-01
291 7.182040e-01 3.024000e-03 2.787720e-01
292 7.177360e-01 2.964000e-03 2.793000e-01
293 7.174040e-01 2.820000e-03 2.797760e-01
294 7.168520e-01 2.896000e-03 2.802520e-01
295 7.163720e-01 2.884000e-03 2.807440e-01
296 7.158720e-01 2.804000e-03 2.813240e-01
297 7.152880e-01 2.924000e-03 2.817880e-01
298 7.146880e-01 3.048000e-03 2.822640e-01
299 7.141240e-01 3.028000e-03 2.828480e-01
300 7.135400e-01 3.096000e-03 2.833640e-01
301 7.128960e-01 3.240000e-03 2.838640e-01
302 7.122880e-01 3.312000e-03 2.844000e-01
303 7.117920e-01 3.284000e-03 2.849240e-01
304 7.112920e-01 3.212000e-03 2.854960e-01
305 7.107360e-01 3.196000e-03 2.860680e-01
306 7.102120e-01 3.168000e-03 2.866200e-01
307 7.097000e-01 3.188000e-03 2.871120e-01
308 7.092040e-01 3.112000e-03 2.876840e-01
309 7.087680e-01 3.040000e-03 2.881920e-01
310 7.083280e-01 2.952000e-03 2.887200e-01
311 7.078920e-01 2.948000e-03 2.891600e-01
312 7.073960e-01 2.932000e-03 2.896720e-01
313 7.069440e-01 2.860000e-03 2.901960e-01
314 7.064800e-01 2.816000e-03 2.907040e-01
315 7.059280e-01 2.888000e-03 2.911840e-01
316 7.053800e-01 2.896000e-03 2.917240e-01
317 7.048520e-01 2.884000e-03 2.922640e-01
318 7.043800e-01 2.848000e-03 2.927720e-01
319 7.039160e-01 2.756000e-03 2.933280e-01
320 7.034080e-01 2.760000e-03 2.938320e-01
321 7.029720e-01 2.656000e-03 2.943720e-01
322 7.025640e-01 2.604000e-03 2.948320e-01
323 7.022200e-01 2.504000e-03 2.952760e-01
324 7.018240e-01 2.508000e-03 2.956680e-01
325 7.013840e-01 2.424000e-03 2.961920e-01
326 7.009560e-01 2.452000e-03 2.965920e-01
327 7.005600e-01 2.368000e-03 2.970720e-01
328 7.001480e-01 2.340000e-03 2.975120e-01
329 6.997640e-01 2.368000e-03 2.978680e-01
330 6.993640e-01 2.344000e-03 2.982920e-01
331 6.989400e-01 2.324000e-03 2.987360e-01
332 6.986080e-01 2.288000e-03 2.991040e-01
333 6.982400e-01 2.300000e-03 2.994600e-01
334 6.978520e-01 2.308000e-03 2.998400e-01
335 6.975160e-01 2.232000e-03 3.002520e-01
336 6.972240e-01 2.136000e-03 3.006400e-01
337 6.968840e-01 2.080000e-03 3.010360e-01
338 6.966000e-01 2.040000e-03 3.013600e-01
339 6.963240e-01 1.976000e-03 3.017000e-01
340 6.959480e-01 2.016000e-03 3.020360e-01
341 6.956000e-01 1.996000e-03 3.024040e-01
342 6.952320e-01 1.992000e-03 3.027760e-01
343 6.948520e-01 2.044000e-03 3.031040e-01
344 6.944120e-01 2.112000e-03 3.034760e-01
345 6.940040e-01 2.156000e-03 3.038400e-01
346 6.936400e-01 2.120000e-03 3.042400e-01
347 6.932880e-01 2.108000e-03 3.046040e-01
348 6.929320e-01 2.088000e-03 3.049800e-01
349 6.926000e-01 2.072000e-03 3.053280e-01
350 6.922160e-01 2.100000e-03 3.056840e-01
351 6.918320e-01 2.168000e-03 3.060000e-01
352 6.915000e-01 2.132000e-03 3.063680e-01
353 6.911480e-01 2.156000e-03 3.066960e-01
354 6.907760e-01 2.144000e-03 3.070800e-01
355 6.903960e-01 2.096000e-03 3.075080e-01
356 6.901080e-01 2.060000e-03 3.078320e-01
357 6.898360e-01 1.964000e-03 3.082000e-01
358 6.895040e-01 1.952000e-03 3.085440e-01
359 6.892520e-01 1.884000e-03 3.088640e-01
360 6.888640e-01 1.940000e-03 3.091960e-01
361 6.885320e-01 1.940000e-03 3.095280e-01
362 6.882320e-01 1.892000e-03 3.098760e-01
363 6.878040e-01 2.000000e-03 3.101960e-01
364 6.874560e-01 2.000000e-03 3.105440e-01
365 6.870760e-01 2.032000e-03 3.108920e-01
366 6.867320e-01 2.000000e-03 3.112680e-01
367 6.864160e-01 1.984000e-03 3.116000e-01
368 6.860280e-01 2.056000e-03 3.119160e-01
369 6.856360e-01 2.120000e-03 3.122440e-01
370 6.852480e-01 2.184000e-03 3.125680e-01
371 6.848360e-01 2.204000e-03 3.129600e-01
372 6.844520e-01 2.228000e-03 3.133200e-01
373 6.840920e-01 2.204000e-03 3.137040e-01
374 6.837120e-01 2.152000e-03 3.141360e-01
375 6.833520e-01 2.092000e-03 3.145560e-01
376 6.830680e-01 2.068000e-03 3.148640e-01
377 6.826600e-01 2.096000e-03 3.152440e-01
378 6.822880e-01 2.088000e-03 3.156240e-01
379 6.819040e-01 2.112000e-03 3.159840e-01
380 6.814680e-01 2.148000e-03 3.163840e-01
381 6.811240e-01 2.108000e-03 3.167680e-01
382 6.808040e-01 2.100000e-03 3.170960e-01
383 6.804640e-01 2.076000e-03 3.174600e-01
384 6.801000e-01 2.076000e-03 3.178240e-01
385 6.797880e-01 2.024000e-03 3.181880e-01
386 6.795200e-01 1.960000e-03 3.185200e-01
387 6.792640e-01 1.868000e-03 3.188680e-01
388 6.790080e-01 1.808000e-03 3.191840e-01
389 6.787640e-01 1.736000e-03 3.195000e-01
390 6.784600e-01 1.776000e-03 3.197640e-01
391 6.782200e-01 1.692000e-03 3.200880e-01
392 6.779720e-01 1.636000e-03 3.203920e-01
393 6.776680e-01 1.624000e-03 3.207080e-01
394 6.774480e-01 1.544000e-03 3.210080e-01
395 6.772600e-01 1.484000e-03 3.212560e-01
396 6.771200e-01 1.436000e-03 3.214440e-01
397 6.768920e-01 1.432000e-03 3.216760e-01
398 6.767400e-01 1.356000e-03 3.219040e-01
399 6.765920e-01 1.284000e-03 3.221240e-01
400 6.764960e-01 1.168000e-03 3.223360e-01
401 6.763120e-01 1.148000e-03 3.225400e-01
402 6.761400e-01 1.136000e-03 3.227240e-01
403 6.759720e-01 1.132000e-03 3.228960e-01
404 6.757800e-01 1.156000e-03 3.230640e-01
405 6.756120e-01 1.096000e-03 3.232920e-01
406 6.754120e-01 1.060000e-03 3.235280e-01
407 6.752040e-01 1.080000e-03 3.237160e-01
408 6.749240e-01 1.152000e-03 3.239240e-01
409 6.747040e-01 1.184000e-03 3.241120e-01
410 6.744760e-01 1.204000e-03 3.243200e-01
411 6.742320e-01 1.216000e-03 3.245520e-01
412 6.739840e-01 1.240000e-03 3.247760e-01
413 6.737280e-01 1.252000e-03 3.250200e-01
414 6.734640e-01 1.272000e-03 3.252640e-01
415 6.732400e-01 1.264000e-03 3.254960e-01
416 6.730160e-01 1.256000e-03 3.257280e-01
417 6.728480e-01 1.188000e-03 3.259640e-01
418 6.726520e-01 1.152000e-03 3.261960e-01
419 6.725200e-01 1.116000e-03 3.263640e-01
420 6.723040e-01 1.120000e-03 3.265760e-01
421 6.721560e-01 1.052000e-03 3.267920e-01
422 6.719680e-01 1.068000e-03 3.269640e-01
423 6.718280e-01 1.024000e-03 3.271480e-01
424 6.716600e-01 1.032000e-03 3.273080e-01
425 6.714560e-01 1.032000e-03 3.275120e-01
426 6.712400e-01 1.068000e-03 3.276920e-01
427 6.710080e-01 1.116000e-03 3.278760e-01
428 6.707800e-01 1.104000e-03 3.281160e-01
429 6.705800e-01 1.068000e-03 3.283520e-01
430 6.703440e-01 1.124000e-03 3.285320e-01
431 6.701200e-01 1.140000e-03 3.287400e-01
432 6.699160e-01 1.124000e-03 3.289600e-01
433 6.697600e-01 1.076000e-03 3.291640e-01
434 6.695840e-01 1.124000e-03 3.292920e-01
435 6.693960e-01 1.124000e-03 3.294800e-01
436 6.691840e-01 1.164000e-03 3.296520e-01
437 6.690160e-01 1.124000e-03 3.298600e-01
438 6.688840e-01 1.036000e-03 3.300800e-01
439 6.687760e-01 9.520000e-04 3.302720e-01
440 6.686160e-01 9.000000e-04 3.304840e-01
441 6.684720e-01 8.840000e-04 3.306440e-01
442 6.683200e-01 8.800000e-04 3.308000e-01
443 6.682040e-01 8.640000e-04 3.309320e-01
444 6.680880e-01 8.320000e-04 3.310800e-01
445 6.679440e-01 8.080000e-04 3.312480e-01
446 6.678280e-01 7.880000e-04 3.313840e-01
447 6.677040e-01 7.560000e-04 3.315400e-01
448 6.675960e-01 7.520000e-04 3.316520e-01
449 6.674440e-01 7.600000e-04 3.317960e-01
450 6.673400e-01 7.320000e-04 3.319280e-01
451 6.671960e-01 7.640000e-04 3.320400e-01
452 6.670280e-01 7.680000e-04 3.322040e-01
453 6.668840e-01 7.800000e-04 3.323360e-01
454 6.667560e-01 7.440000e-04 3.325000e-01
455 6.666400e-01 7.560000e-04 3.326040e-01
456 6.665120e-01 7.760000e-04 3.327120e-01
457 6.663480e-01 7.920000e-04 3.328600e-01
458 6.661880e-01 8.160000e-04 3.329960e-01
459 6.660600e-01 8.120000e-04 3.331280e-01
460 6.659360e-01 8.040000e-04 3.332600e-01
461 6.658360e-01 7.880000e-04 3.333760e-01
462 6.657120e-01 8.040000e-04 3.334840e-01
463 6.656000e-01 7.520000e-04 3.336480e-01
464 6.654920e-01 7.120000e-04 3.337960e-01
465 6.653640e-01 7.080000e-04 3.339280e-01
466 6.652320e-01 7.360000e-04 3.340320e-01
467 6.651040e-01 7.600000e-04 3.341360e-01
468 6.649400e-01 7.840000e-04 3.342760e-01
469 6.648360e-01 7.560000e-04 3.344080e-01
470 6.647440e-01 7.240000e-04 3.345320e-01
471 6.646320e-01 6.800000e-04 3.346880e-01
472 6.645160e-01 6.440000e-04 3.348400e-01
473 6.644120e-01 6.200000e-04 3.349680e-01
474 6.643080e-01 6.160000e-04 3.350760e-01
475 6.642000e-01 6.520000e-04 3.351480e-01
476 6.640760e-01 6.680000e-04 3.352560e-01
477 6.639600e-01 6.880000e-04 3.353520e-01
478 6.638400e-01 6.800000e-04 3.354800e-01
479 6.637560e-01 6.480000e-04 3.355960e-01
480 6.635840e-01 6.800000e-04 3.357360e-01
481 6.634600e-01 6.800000e-04 3.358600e-01
482 6.633120e-01 7.200000e-04 3.359680e-01
483 6.631960e-01 7.280000e-04 3.360760e-01
484 6.630880e-01 6.800000e-04 3.362320e-01
485 6.629640e-01 6.600000e-04 3.363760e-01
486 6.628440e-01 6.680000e-04 3.364880e-01
487 6.627040e-01 6.680000e-04 3.366280e-01
488 6.626040e-01 6.400000e-04 3.367560e-01
489 6.625080e-01 6.200000e-04 3.368720e-01
490 6.624000e-01 6.280000e-04 3.369720e-01
491 6.623200e-01 6.160000e-04 3.370640e-01
492 6.622240e-01 6.000000e-04 3.371760e-01
493 6.621320e-01 6.280000e-04 3.372400e-01
494 6.620200e-01 6.280000e-04 3.373520e-01
495 6.619040e-01 6.560000e-04 3.374400e-01
496 6.618160e-01 6.160000e-04 3.375680e-01
497 6.617080e-01 6.280000e-04 3.376640e-01
498 6.616160e-01 5.760000e-04 3.378080e-01
499 6.615280e-01 5.640000e-04 3.379080e-01
500 6.614360e-01 5.840000e-04 3.379800e-01
