1 9.992640e-01 6.640000e-04 7.200000e-05
2 9.987760e-01 1.008000e-03 2.160000e-04
3 9.982280e-01 1.368000e-03 4.040000e-04
4 9.974720e-01 1.856000e-03 6.720000e-04
5 9.967600e-01 2.220000e-03 1.020000e-03
6 9.959400e-01 2.588000e-03 1.472000e-03
7 9.950720e-01 3.012000e-03 1.916000e-03
8 9.941640e-01 3.380000e-03 2.456000e-03
9 9.931360e-01 3.804000e-03 3.060000e-03
10 9.921760e-01 4.076000e-03 3.748000e-03
11 9.911760e-01 4.352000e-03 4.472000e-03
12 9.901160e-01 4.528000e-03 5.356000e-03
13 9.890840e-01 4.848000e-03 6.068000e-03
14 9.879680e-01 5.132000e-03 6.900000e-03
15 9.867960e-01 5.412000e-03 7.792000e-03
16 9.855640e-01 5.616000e-03 8.820000e-03
17 9.845760e-01 5.484000e-03 9.940000e-03
18 9.834320e-01 5.620000e-03 1.094800e-02
19 9.822280e-01 5.852000e-03 1.192000e-02
20 9.809600e-01 6.012000e-03 1.302800e-02
21 9.795560e-01 6.256000e-03 1.418800e-02
22 9.782400e-01 6.556000e-03 1.520400e-02
23 9.768160e-01 6.728000e-03 1.645600e-02
24 9.755440e-01 6.896000e-03 1.756000e-02
25 9.742560e-01 7.020000e-03 1.872400e-02
26 9.729880e-01 6.992000e-03 2.002000e-02
27 9.716320e-01 7.180000e-03 2.118800e-02
28 9.703800e-01 7.140000e-03 2.248000e-02
29 9.690520e-01 7.160000e-03 2.378800e-02
30 9.676760e-01 7.328000e-03 2.499600e-02
31 9.662120e-01 7.428000e-03 2.636000e-02
32 9.649480e-01 7.464000e-03 2.758800e-02
33 9.635480e-01 7.512000e-03 2.894000e-02
34 9.620440e-01 7.720000e-03 3.023600e-02
35 9.606920e-01 7.756000e-03 3.155200e-02
36 9.592480e-01 7.820000e-03 3.293200e-02
37 9.577280e-01 7.960000e-03 3.431200e-02
38 9.561520e-01 8.188000e-03 3.566000e-02
39 9.549560e-01 7.880000e-03 3.716400e-02
40 9.535760e-01 7.904000e-03 3.852000e-02
41 9.522640e-01 7.900000e-03 3.983600e-02
42 9.507800e-01 7.996000e-03 4.122400e-02
43 9.494800e-01 7.912000e-03 4.260800e-02
44 9.480720e-01 8.008000e-03 4.392000e-02
45 9.466840e-01 8.016000e-03 4.530000e-02
46 9.452080e-01 8.076000e-03 4.671600e-02
47 9.439040e-01 8.044000e-03 4.805200e-02
48 9.422960e-01 8.112000e-03 4.959200e-02
49 9.408720e-01 8.124000e-03 5.100400e-02
50 9.393760e-01 8.296000e-03 5.232800e-02
51 9.377440e-01 8.436000e-03 5.382000e-02
52 9.361240e-01 8.644000e-03 5.523200e-02
53 9.345160e-01 8.772000e-03 5.671200e-02
54 9.328520e-01 9.008000e-03 5.814000e-02
55 9.311920e-01 9.104000e-03 5.970400e-02
56 9.294760e-01 9.124000e-03 6.140000e-02
57 9.278120e-01 9.160000e-03 6.302800e-02
58 9.260400e-01 9.436000e-03 6.452400e-02
59 9.243440e-01 9.464000e-03 6.619200e-02
60 9.224240e-01 9.924000e-03 6.765200e-02
61 9.204480e-01 1.012400e-02 6.942800e-02
62 9.186200e-01 1.018400e-02 7.119600e-02
63 9.167400e-01 1.018400e-02 7.307600e-02
64 9.149000e-01 1.020400e-02 7.489600e-02
65 9.131880e-01 1.019600e-02 7.661600e-02
66 9.114560e-01 1.010000e-02 7.844400e-02
67 9.098560e-01 9.904000e-03 8.024000e-02
68 9.081320e-01 9.880000e-03 8.198800e-02
69 9.063240e-01 9.880000e-03 8.379600e-02
70 9.046840e-01 9.884000e-03 8.543200e-02
71 9.031520e-01 9.648000e-03 8.720000e-02
72 9.014120e-01 9.548000e-03 8.904000e-02
73 8.997360e-01 9.576000e-03 9.068800e-02
74 8.979880e-01 9.656000e-03 9.235600e-02
75 8.964200e-01 9.576000e-03 9.400400e-02
76 8.946280e-01 9.668000e-03 9.570400e-02
77 8.929880e-01 9.680000e-03 9.733200e-02
78 8.912440e-01 9.748000e-03 9.900800e-02
79 8.895960e-01 9.732000e-03 1.006720e-01
80 8.879320e-01 9.584000e-03 1.024840e-01
81 8.862680e-01 9.516000e-03 1.042160e-01
82 8.847720e-01 9.268000e-03 1.059600e-01
83 8.832560e-01 9.148000e-03 1.075960e-01
84 8.817920e-01 9.028000e-03 1.091800e-01
85 8.802560e-01 8.868000e-03 1.108760e-01
86 8.786840e-01 8.988000e-03 1.123280e-01
87 8.771880e-01 8.948000e-03 1.138640e-01
88 8.755840e-01 8.980000e-03 1.154360e-01
89 8.739080e-01 9.080000e-03 1.170120e-01
90 8.723400e-01 8.992000e-03 1.186680e-01
91 8.708040e-01 9.040000e-03 1.201560e-01
92 8.692240e-01 9.108000e-03 1.216680e-01
93 8.676400e-01 9.148000e-03 1.232120e-01
94 8.659680e-01 9.308000e-03 1.247240e-01
95 8.644320e-01 9.124000e-03 1.264440e-01
96 8.628840e-01 8.956000e-03 1.281600e-01
97 8.613720e-01 8.748000e-03 1.298800e-01
98 8.599080e-01 8.664000e-03 1.314280e-01
99 8.582000e-01 8.776000e-03 1.330240e-01
100 8.566920e-01 8.952000e-03 1.343560e-01
101 8.551760e-01 8.876000e-03 1.359480e-01
102 8.535680e-01 8.956000e-03 1.374760e-01
103 8.520040e-01 8.992000e-03 1.390040e-01
104 8.504560e-01 8.928000e-03 1.406160e-01
105 8.489400e-01 8.804000e-03 1.422560e-01
106 8.473240e-01 9.000000e-03 1.436760e-01
107 8.456360e-01 9.160000e-03 1.452040e-01
108 8.437800e-01 9.296000e-03 1.469240e-01
109 8.422960e-01 9.044000e-03 1.486600e-01
110 8.405800e-01 9.060000e-03 1.503600e-01
111 8.390240e-01 9.032000e-03 1.519440e-01
112 8.373800e-01 9.184000e-03 1.534360e-01
113 8.359280e-01 8.968000e-03 1.551040e-01
114 8.343840e-01 8.924000e-03 1.566920e-01
115 8.330280e-01 8.596000e-03 1.583760e-01
116 8.316440e-01 8.464000e-03 1.598920e-01
117 8.300840e-01 8.476000e-03 1.614400e-01
118 8.284760e-01 8.568000e-03 1.629560e-01
119 8.269200e-01 8.556000e-03 1.645240e-01
120 8.253600e-01 8.584000e-03 1.660560e-01
121 8.236560e-01 8.792000e-03 1.675520e-01
122 8.219880e-01 9.040000e-03 1.689720e-01
123 8.204960e-01 8.932000e-03 1.705720e-01
124 8.190920e-01 8.792000e-03 1.721160e-01
125 8.177480e-01 8.580000e-03 1.736720e-01
126 8.161480e-01 8.708000e-03 1.751440e-01
127 8.144920e-01 8.832000e-03 1.766760e-01
128 8.128760e-01 8.892000e-03 1.782320e-01
129 8.114120e-01 8.788000e-03 1.798000e-01
130 8.098920e-01 8.652000e-03 1.814560e-01
131 8.084040e-01 8.836000e-03 1.827600e-01
132 8.069280e-01 8.788000e-03 1.842840e-01
133 8.053360e-01 8.804000e-03 1.858600e-01
134 8.036480e-01 8.896000e-03 1.874560e-01
135 8.020920e-01 8.932000e-03 1.889760e-01
136 8.004160e-01 9.056000e-03 1.905280e-01
137 7.989440e-01 8.912000e-03 1.921440e-01
138 7.974520e-01 8.724000e-03 1.938240e-01
139 7.957560e-01 8.832000e-03 1.954120e-01
140 7.940680e-01 9.064000e-03 1.968680e-01
141 7.924200e-01 9.240000e-03 1.983400e-01
142 7.909160e-01 9.048000e-03 2.000360e-01
143 7.892640e-01 9.196000e-03 2.015400e-01
144 7.874520e-01 9.392000e-03 2.031560e-01
145 7.858720e-01 9.220000e-03 2.049080e-01
146 7.843600e-01 9.252000e-03 2.063880e-01
147 7.826880e-01 9.264000e-03 2.080480e-01
148 7.811960e-01 9.084000e-03 2.097200e-01
149 7.797880e-01 8.860000e-03 2.113520e-01
150 7.782520e-01 8.996000e-03 2.127520e-01
151 7.767960e-01 8.908000e-03 2.142960e-01
152 7.752760e-01 8.740000e-03 2.159840e-01
153 7.738720e-01 8.544000e-03 2.175840e-01
154 7.722640e-01 8.800000e-03 2.189360e-01
155 7.708600e-01 8.592000e-03 2.205480e-01
156 7.694800e-01 8.432000e-03 2.220880e-01
157 7.680760e-01 8.460000e-03 2.234640e-01
158 7.665240e-01 8.468000e-03 2.250080e-01
159 7.650440e-01 8.420000e-03 2.265360e-01
160 7.635840e-01 8.412000e-03 2.280040e-01
161 7.621800e-01 8.412000e-03 2.294080e-01
162 7.608520e-01 8.280000e-03 2.308680e-01
163 7.595520e-01 8.196000e-03 2.322520e-01
164 7.582120e-01 8.152000e-03 2.336360e-01
165 7.567920e-01 8.084000e-03 2.351240e-01
166 7.554960e-01 7.972000e-03 2.365320e-01
167 7.541320e-01 8.008000e-03 2.378600e-01
168 7.526360e-01 8.056000e-03 2.393080e-01
169 7.511680e-01 8.148000e-03 2.406840e-01
170 7.498560e-01 8.068000e-03 2.420760e-01
171 7.485760e-01 7.848000e-03 2.435760e-01
172 7.472920e-01 7.800000e-03 2.449080e-01
173 7.459960e-01 7.744000e-03 2.462600e-01
174 7.448080e-01 7.628000e-03 2.475640e-01
175 7.436120e-01 7.492000e-03 2.488960e-01
176 7.423040e-01 7.632000e-03 2.500640e-01
177 7.410920e-01 7.532000e-03 2.513760e-01
178 7.398760e-01 7.312000e-03 2.528120e-01
179 7.387000e-01 7.200000e-03 2.541000e-01
180 7.374760e-01 7.020000e-03 2.555040e-01
181 7.362480e-01 7.008000e-03 2.567440e-01
182 7.351080e-01 6.860000e-03 2.580320e-01
183 7.339560e-01 6.848000e-03 2.591960e-01
184 7.328920e-01 6.812000e-03 2.602960e-01
185 7.316200e-01 6.864000e-03 2.615160e-01
186 7.302800e-01 7.004000e-03 2.627160e-01
187 7.291200e-01 6.928000e-03 2.639520e-01
188 7.279240e-01 7.004000e-03 2.650720e-01
189 7.268120e-01 6.944000e-03 2.662440e-01
190 7.257320e-01 6.780000e-03 2.674880e-01
191 7.245320e-01 6.788000e-03 2.686800e-01
192 7.233960e-01 6.748000e-03 2.698560e-01
193 7.222720e-01 6.684000e-03 2.710440e-01
194 7.211880e-01 6.592000e-03 2.722200e-01
195 7.199680e-01 6.636000e-03 2.733960e-01
196 7.187040e-01 6.748000e-03 2.745480e-01
197 7.175080e-01 6.732000e-03 2.757600e-01
198 7.165560e-01 6.544000e-03 2.769000e-01
199 7.153920e-01 6.516000e-03 2.780920e-01
200 7.144320e-01 6.332000e-03 2.792360e-01
201 7.133920e-01 6.396000e-03 2.802120e-01
202 7.123120e-01 6.340000e-03 2.813480e-01
203 7.111200e-01 6.420000e-03 2.824600e-01
204 7.101240e-01 6.368000e-03 2.835080e-01
205 7.091520e-01 6.228000e-03 2.846200e-01
206 7.081560e-01 6.180000e-03 2.856640e-01
207 7.071840e-01 6.084000e-03 2.867320e-01
208 7.060960e-01 6.212000e-03 2.876920e-01
209 7.050400e-01 6.100000e-03 2.888600e-01
210 7.040920e-01 6.044000e-03 2.898640e-01
211 7.030760e-01 6.108000e-03 2.908160e-01
212 7.021680e-01 5.944000e-03 2.918880e-01
213 7.011040e-01 5.888000e-03 2.930080e-01
214 7.002040e-01 5.724000e-03 2.940720e-01
215 6.991840e-01 5.664000e-03 2.951520e-01
216 6.982800e-01 5.500000e-03 2.962200e-01
217 6.974920e-01 5.324000e-03 2.971840e-01
218 6.965320e-01 5.304000e-03 2.981640e-01
219 6.956240e-01 5.244000e-03 2.991320e-01
220 6.947320e-01 5.152000e-03 3.001160e-01
221 6.937480e-01 5.284000e-03 3.009680e-01
222 6.927040e-01 5.412000e-03 3.018840e-01
223 6.918000e-01 5.376000e-03 3.028240e-01
224 6.908720e-01 5.320000e-03 3.038080e-01
225 6.898360e-01 5.532000e-03 3.046320e-01
226 6.889000e-01 5.472000e-03 3.056280e-01
227 6.879960e-01 5.420000e-03 3.065840e-01
228 6.870840e-01 5.452000e-03 3.074640e-01
229 6.862000e-01 5.332000e-03 3.084680e-01
230 6.852400e-01 5.308000e-03 3.094520e-01
231 6.844360e-01 5.196000e-03 3.103680e-01
232 6.836000e-01 5.200000e-03 3.112000e-01
233 6.828080e-01 5.124000e-03 3.120680e-01
234 6.820320e-01 4.988000e-03 3.129800e-01
235 6.812000e-01 4.888000e-03 3.139120e-01
236 6.803560e-01 4.948000e-03 3.146960e-01
237 6.795720e-01 4.916000e-03 3.155120e-01
238 6.788240e-01 4.748000e-03 3.164280e-01
239 6.780480e-01 4.680000e-03 3.172720e-01
240 6.773520e-01 4.524000e-03 3.181240e-01
241 6.765160e-01 4.560000e-03 3.189240e-01
242 6.757840e-01 4.440000e-03 3.197760e-01
243 6.751560e-01 4.364000e-03 3.204800e-01
244 6.744840e-01 4.228000e-03 3.212880e-01
245 6.737960e-01 4.144000e-03 3.220600e-01
246 6.731440e-01 4.112000e-03 3.227440e-01
247 6.725520e-01 4.060000e-03 3.233880e-01
248 6.719280e-01 4.028000e-03 3.240440e-01
249 6.712240e-01 3.928000e-03 3.248480e-01
250 6.705640e-01 3.916000e-03 3.255200e-01
251 6.698400e-01 3.900000e-03 3.262600e-01
252 6.691040e-01 3.880000e-03 3.270160e-01
253 6.683600e-01 3.984000e-03 3.276560e-01
254 6.676960e-01 3.972000e-03 3.283320e-01
255 6.668800e-01 4.024000e-03 3.290960e-01
256 6.661720e-01 3.996000e-03 3.298320e-01
257 6.654360e-01 4.100000e-03 3.304640e-01
258 6.646560e-01 4.036000e-03 3.313080e-01
259 6.639200e-01 4.088000e-03 3.319920e-01
260 6.631760e-01 4.100000e-03 3.327240e-01
261 6.625280e-01 4.036000e-03 3.334360e-01
262 6.617360e-01 4.140000e-03 3.341240e-01
263 6.610000e-01 4.228000e-03 3.347720e-01
264 6.602840e-01 4.196000e-03 3.355200e-01
265 6.594720e-01 4.284000e-03 3.362440e-01
266 6.587160e-01 4.232000e-03 3.370520e-01
267 6.579480e-01 4.212000e-03 3.378400e-01
268 6.572040e-01 4.232000e-03 3.385640e-01
269 6.564160e-01 4.340000e-03 3.392440e-01
270 6.556360e-01 4.348000e-03 3.400160e-01
271 6.549240e-01 4.284000e-03 3.407920e-01
272 6.542320e-01 4.176000e-03 3.415920e-01
273 6.535000e-01 4.196000e-03 3.423040e-01
274 6.528560e-01 4.092000e-03 3.430520e-01
275 6.521640e-01 4.124000e-03 3.437120e-01
276 6.516160e-01 3.960000e-03 3.444240e-01
277 6.510160e-01 3.912000e-03 3.450720e-01
278 6.504080e-01 3.848000e-03 3.457440e-01
279 6.498400e-01 3.716000e-03 3.464440e-01
280 6.492320e-01 3.676000e-03 3.470920e-01
281 6.485600e-01 3.744000e-03 3.476960e-01
282 6.480080e-01 3.596000e-03 3.483960e-01
283 6.474240e-01 3.588000e-03 3.489880e-01
284 6.468560e-01 3.556000e-03 3.495880e-01
285 6.463360e-01 3.448000e-03 3.502160e-01
286 6.458160e-01 3.492000e-03 3.506920e-01
287 6.452160e-01 3.548000e-03 3.512360e-01
288 6.446960e-01 3.516000e-03 3.517880e-01
289 6.441040e-01 3.488000e-03 3.524080e-01
290 6.435560e-01 3.400000e-03 3.530440e-01
291 6.429560e-01 3.396000e-03 3.536480e-01
292 6.424000e-01 3.424000e-03 3.541760e-01
293 6.419280e-01 3.352000e-03 3.547200e-01
294 6.414080e-01 3.280000e-03 3.553120e-01
295 6.408040e-01 3.300000e-03 3.558960e-01
296 6.402200e-01 3.272000e-03 3.565080e-01
297 6.396840e-01 3.228000e-03 3.570880e-01
298 6.391960e-01 3.144000e-03 3.576600e-01
299 6.385920e-01 3.124000e-03 3.582840e-01
300 6.380200e-01 3.128000e-03 3.588520e-01
301 6.374240e-01 3.180000e-03 3.593960e-01
302 6.369040e-01 3.108000e-03 3.599880e-01
303 6.362920e-01 3.196000e-03 3.605120e-01
304 6.358440e-01 3.036000e-03 3.611200e-01
305 6.352800e-01 3.032000e-03 3.616880e-01
306 6.347760e-01 2.976000e-03 3.622480e-01
307 6.343320e-01 2.916000e-03 3.627520e-01
308 6.337920e-01 3.020000e-03 3.631880e-01
309 6.332320e-01 2.956000e-03 3.638120e-01
310 6.327600e-01 2.908000e-03 3.643320e-01
311 6.323440e-01 2.828000e-03 3.648280e-01
312 6.319240e-01 2.728000e-03 3.653480e-01
313 6.315040e-01 2.636000e-03 3.658600e-01
314 6.310440e-01 2.648000e-03 3.663080e-01
315 6.306760e-01 2.512000e-03 3.668120e-01
316 6.303040e-01 2.456000e-03 3.672400e-01
317 6.298560e-01 2.484000e-03 3.676600e-01
318 6.294480e-01 2.476000e-03 3.680760e-01
319 6.289760e-01 2.512000e-03 3.685120e-01
320 6.286080e-01 2.456000e-03 3.689360e-01
321 6.281160e-01 2.476000e-03 3.694080e-01
322 6.277120e-01 2.440000e-03 3.698480e-01
323 6.272920e-01 2.436000e-03 3.702720e-01
324 6.268920e-01 2.416000e-03 3.706920e-01
325 6.264240e-01 2.468000e-03 3.711080e-01
326 6.260480e-01 2.368000e-03 3.715840e-01
327 6.256880e-01 2.312000e-03 3.720000e-01
328 6.251800e-01 2.448000e-03 3.723720e-01
329 6.247640e-01 2.456000e-03 3.727800e-01
330 6.242400e-01 2.536000e-03 3.732240e-01
331 6.237920e-01 2.488000e-03 3.737200e-01
332 6.232920e-01 2.476000e-03 3.742320e-01
333 6.228840e-01 2.552000e-03 3.745640e-01
334 6.223560e-01 2.648000e-03 3.749960e-01
335 6.217520e-01 2.708000e-03 3.755400e-01
336 6.212880e-01 2.712000e-03 3.760000e-01
337 6.208800e-01 2.672000e-03 3.764480e-01
338 6.203960e-01 2.740000e-03 3.768640e-01
339 6.198040e-01 2.832000e-03 3.773640e-01
340 6.192280e-01 2.900000e-03 3.778720e-01
341 6.186400e-01 2.916000e-03 3.784440e-01
342 6.180800e-01 2.972000e-03 3.789480e-01
343 6.175640e-01 2.968000e-03 3.794680e-01
344 6.170200e-01 2.968000e-03 3.800120e-01
345 6.164720e-01 2.964000e-03 3.805640e-01
346 6.159560e-01 2.992000e-03 3.810520e-01
347 6.153800e-01 3.064000e-03 3.815560e-01
348 6.148400e-01 3.068000e-03 3.820920e-01
349 6.142800e-01 3.072000e-03 3.826480e-01
350 6.138520e-01 2.976000e-03 3.831720e-01
351 6.133360e-01 3.004000e-03 3.836600e-01
352 6.128720e-01 2.872000e-03 3.842560e-01
353 6.123960e-01 2.840000e-03 3.847640e-01
354 6.119480e-01 2.768000e-03 3.852840e-01
355 6.114440e-01 2.800000e-03 3.857560e-01
356 6.110200e-01 2.676000e-03 3.863040e-01
357 6.105880e-01 2.608000e-03 3.868040e-01
358 6.101880e-01 2.596000e-03 3.872160e-01
359 6.098920e-01 2.472000e-03 3.876360e-01
360 6.095040e-01 2.440000e-03 3.880560e-01
361 6.092600e-01 2.256000e-03 3.884840e-01
362 6.088560e-01 2.240000e-03 3.889040e-01
363 6.085440e-01 2.092000e-03 3.893640e-01
364 6.082320e-01 2.036000e-03 3.897320e-01
365 6.079200e-01 2.052000e-03 3.900280e-01
366 6.075920e-01 2.032000e-03 3.903760e-01
367 6.072640e-01 2.008000e-03 3.907280e-01
368 6.068960e-01 1.972000e-03 3.911320e-01
369 6.064960e-01 1.972000e-03 3.915320e-01
370 6.061960e-01 1.880000e-03 3.919240e-01
371 6.058880e-01 1.868000e-03 3.922440e-01
372 6.055760e-01 1.816000e-03 3.926080e-01
373 6.053040e-01 1.704000e-03 3.929920e-01
374 6.050360e-01 1.596000e-03 3.933680e-01
375 6.047840e-01 1.560000e-03 3.936560e-01
376 6.045280e-01 1.500000e-03 3.939720e-01
377 6.042440e-01 1.520000e-03 3.942360e-01
378 6.039560e-01 1.592000e-03 3.944520e-01
379 6.037040e-01 1.584000e-03 3.947120e-01
380 6.034480e-01 1.504000e-03 3.950480e-01
381 6.032320e-01 1.488000e-03 3.952800e-01
382 6.030040e-01 1.512000e-03 3.954840e-01
383 6.027480e-01 1.548000e-03 3.957040e-01
384 6.024840e-01 1.464000e-03 3.960520e-01
385 6.022520e-01 1.464000e-03 3.962840e-01
386 6.020560e-01 1.420000e-03 3.965240e-01
387 6.018400e-01 1.376000e-03 3.967840e-01
388 6.015800e-01 1.372000e-03 3.970480e-01
389 6.013160e-01 1.424000e-03 3.972600e-01
390 6.010840e-01 1.432000e-03 3.974840e-01
391 6.008280e-01 1.420000e-03 3.977520e-01
392 6.005920e-01 1.400000e-03 3.980080e-01
393 6.003520e-01 1.376000e-03 3.982720e-01
394 6.001560e-01 1.320000e-03 3.985240e-01
395 5.999320e-01 1.336000e-03 3.987320e-01
396 5.997640e-01 1.260000e-03 3.989760e-01
397 5.996120e-01 1.240000e-03 3.991480e-01
398 5.993920e-01 1.240000e-03 3.993680e-01
399 5.991880e-01 1.216000e-03 3.995960e-01
400 5.990160e-01 1.196000e-03 3.997880e-01
401 5.988640e-01 1.112000e-03 4.000240e-01
402 5.986960e-01 1.108000e-03 4.001960e-01
403 5.985920e-01 1.044000e-03 4.003640e-01
404 5.984120e-01 1.068000e-03 4.005200e-01
405 5.982320e-01 1.032000e-03 4.007360e-01
406 5.980560e-01 9.760000e-04 4.009680e-01
407 5.978640e-01 1.004000e-03 4.011320e-01
408 5.977200e-01 9.360000e-04 4.013440e-01
409 5.975520e-01 9.560000e-04 4.014920e-01
410 5.974080e-01 9.040000e-04 4.016880e-01
411 5.972400e-01 9.040000e-04 4.018560e-01
412 5.971280e-01 8.360000e-04 4.020360e-01
413 5.969840e-01 8.280000e-04 4.021880e-01
414 5.968360e-01 8.480000e-04 4.023160e-01
415 5.967160e-01 8.160000e-04 4.024680e-01
416 5.965960e-01 8.360000e-04 4.025680e-01
417 5.964480e-01 8.440000e-04 4.027080e-01
418 5.963440e-01 7.560000e-04 4.029000e-01
419 5.962240e-01 7.400000e-04 4.030360e-01
420 5.961360e-01 6.960000e-04 4.031680e-01
421 5.960400e-01 6.760000e-04 4.032840e-01
422 5.959400e-01 6.440000e-04 4.034160e-01
423 5.958360e-01 6.240000e-04 4.035400e-01
424 5.957120e-01 6.480000e-04 4.036400e-01
425 5.956000e-01 6.440000e-04 4.037560e-01
426 5.954960e-01 6.000000e-04 4.039040e-01
427 5.953960e-01 6.040000e-04 4.040000e-01
428 5.953120e-01 6.160000e-04 4.040720e-01
429 5.951920e-01 6.160000e-04 4.041920e-01
430 5.951200e-01 5.920000e-04 4.042880e-01
431 5.950200e-01 6.040000e-04 4.043760e-01
432 5.949440e-01 5.840000e-04 4.044720e-01
433 5.948480e-01 5.880000e-04 4.045640e-01
434 5.947560e-01 5.440000e-04 4.047000e-01
435 5.946280e-01 5.960000e-04 4.047760e-01
436 5.944680e-01 6.480000e-04 4.048840e-01
437 5.943680e-01 6.680000e-04 4.049640e-01
438 5.942680e-01 6.600000e-04 4.050720e-01
439 5.941440e-01 6.520000e-04 4.052040e-01
440 5.940280e-01 6.600000e-04 4.053120e-01
441 5.938960e-01 6.720000e-04 4.054320e-01
442 5.937840e-01 6.800000e-04 4.055360e-01
443 5.936840e-01 7.040000e-04 4.056120e-01
444 5.935960e-01 6.480000e-04 4.057560e-01
445 5.935400e-01 6.040000e-04 4.058560e-01
446 5.934880e-01 5.680000e-04 4.059440e-01
447 5.934600e-01 5.040000e-04 4.060360e-01
448 5.933960e-01 4.760000e-04 4.061280e-01
449 5.933480e-01 4.400000e-04 4.062120e-01
450 5.933080e-01 4.160000e-04 4.062760e-01
451 5.932360e-01 4.160000e-04 4.063480e-01
452 5.931560e-01 4.120000e-04 4.064320e-01
453 5.930800e-01 3.960000e-04 4.065240e-01
454 5.930160e-01 3.800000e-04 4.066040e-01
455 5.929000e-01 4.160000e-04 4.066840e-01
456 5.928040e-01 4.600000e-04 4.067360e-01
457 5.927200e-01 4.240000e-04 4.068560e-01
458 5.926440e-01 4.280000e-04 4.069280e-01
459 5.925600e-01 4.680000e-04 4.069720e-01
460 5.924640e-01 4.920000e-04 4.070440e-01
461 5.924000e-01 4.680000e-04 4.071320e-01
462 5.923200e-01 4.640000e-04 4.072160e-01
463 5.922240e-01 4.600000e-04 4.073160e-01
464 5.921400e-01 4.640000e-04 4.073960e-01
465 5.920360e-01 5.080000e-04 4.074560e-01
466 5.919320e-01 5.360000e-04 4.075320e-01
467 5.918400e-01 5.560000e-04 4.076040e-01
468 5.916960e-01 6.040000e-04 4.077000e-01
469 5.915520e-01 6.520000e-04 4.077960e-01
470 5.914040e-01 6.800000e-04 4.079160e-01
471 5.913080e-01 6.360000e-04 4.080560e-01
472 5.912280e-01 5.800000e-04 4.081920e-01
473 5.911040e-01 6.040000e-04 4.082920e-01
474 5.909960e-01 6.080000e-04 4.083960e-01
475 5.909200e-01 5.600000e-04 4.085200e-01
476 5.908280e-01 5.800000e-04 4.085920e-01
477 5.907320e-01 5.640000e-04 4.087040e-01
478 5.906640e-01 5.440000e-04 4.087920e-01
479 5.905600e-01 5.720000e-04 4.088680e-01
480 5.904520e-01 5.960000e-04 4.089520e-01
481 5.903680e-01 5.760000e-04 4.090560e-01
482 5.902840e-01 5.680000e-04 4.091480e-01
483 5.901880e-01 5.680000e-04 4.092440e-01
484 5.901240e-01 5.200000e-04 4.093560e-01
485 5.900800e-01 4.680000e-04 4.094520e-01
486 5.900200e-01 4.560000e-04 4.095240e-01
487 5.899760e-01 4.280000e-04 4.095960e-01
488 5.899200e-01 4.120000e-04 4.096680e-01
489 5.898600e-01 3.960000e-04 4.097440e-01
490 5.898200e-01 3.720000e-04 4.098080e-01
491 5.897760e-01 3.440000e-04 4.098800e-01
492 5.897040e-01 3.800000e-04 4.099160e-01
493 5.896680e-01 3.520000e-04 4.099800e-01
494 5.896160e-01 3.560000e-04 4.100280e-01
495 5.895480e-01 3.960000e-04 4.100560e-01
496 5.894600e-01 4.360000e-04 4.101040e-01
497 5.893880e-01 4.440000e-04 4.101680e-01
498 5.893200e-01 3.960000e-04 4.102840e-01
499 5.892760e-01 3.520000e-04 4.103720e-01
500 5.892240e-01 3.600000e-04 4.104160e-01
