1 9.991560e-01 7.400000e-04 1.040000e-04
2 9.986160e-01 1.112000e-03 2.720000e-04
3 9.979640e-01 1.524000e-03 5.120000e-04
4 9.972520e-01 1.948000e-03 8.000000e-04
5 9.966360e-01 2.204000e-03 1.160000e-03
6 9.957880e-01 2.592000e-03 1.620000e-03
7 9.949480e-01 2.892000e-03 2.160000e-03
8 9.939720e-01 3.372000e-03 2.656000e-03
9 9.930160e-01 3.704000e-03 3.280000e-03
10 9.919280e-01 4.064000e-03 4.008000e-03
11 9.908680e-01 4.400000e-03 4.732000e-03
12 9.899000e-01 4.568000e-03 5.532000e-03
13 9.888720e-01 4.824000e-03 6.304000e-03
14 9.877920e-01 5.072000e-03 7.136000e-03
15 9.867200e-01 5.208000e-03 8.072000e-03
16 9.855320e-01 5.456000e-03 9.012000e-03
17 9.844120e-01 5.624000e-03 9.964000e-03
18 9.832240e-01 5.888000e-03 1.088800e-02
19 9.820080e-01 6.056000e-03 1.193600e-02
20 9.805640e-01 6.356000e-03 1.308000e-02
21 9.792000e-01 6.540000e-03 1.426000e-02
22 9.778720e-01 6.632000e-03 1.549600e-02
23 9.764560e-01 6.884000e-03 1.666000e-02
24 9.750000e-01 7.124000e-03 1.787600e-02
25 9.735400e-01 7.276000e-03 1.918400e-02
26 9.719280e-01 7.572000e-03 2.050000e-02
27 9.702320e-01 7.984000e-03 2.178400e-02
28 9.685560e-01 8.220000e-03 2.322400e-02
29 9.671120e-01 8.188000e-03 2.470000e-02
30 9.654960e-01 8.324000e-03 2.618000e-02
31 9.640800e-01 8.300000e-03 2.762000e-02
32 9.626040e-01 8.196000e-03 2.920000e-02
33 9.612800e-01 8.220000e-03 3.050000e-02
34 9.598360e-01 8.140000e-03 3.202400e-02
35 9.583440e-01 8.180000e-03 3.347600e-02
36 9.568920e-01 8.204000e-03 3.490400e-02
37 9.555400e-01 8.236000e-03 3.622400e-02
38 9.540040e-01 8.296000e-03 3.770000e-02
39 9.524160e-01 8.332000e-03 3.925200e-02
40 9.509440e-01 8.356000e-03 4.070000e-02
41 9.493880e-01 8.424000e-03 4.218800e-02
42 9.479200e-01 8.372000e-03 4.370800e-02
43 9.463280e-01 8.472000e-03 4.520000e-02
44 9.447920e-01 8.360000e-03 4.684800e-02
45 9.432480e-01 8.424000e-03 4.832800e-02
46 9.416520e-01 8.540000e-03 4.980800e-02
47 9.401800e-01 8.492000e-03 5.132800e-02
48 9.387520e-01 8.416000e-03 5.283200e-02
49 9.371960e-01 8.524000e-03 5.428000e-02
50 9.357160e-01 8.636000e-03 5.564800e-02
51 9.340400e-01 8.836000e-03 5.712400e-02
52 9.324640e-01 8.980000e-03 5.855600e-02
53 9.308080e-01 9.104000e-03 6.008800e-02
54 9.292360e-01 9.000000e-03 6.176400e-02
55 9.275840e-01 9.204000e-03 6.321200e-02
56 9.260080e-01 9.244000e-03 6.474800e-02
57 9.242560e-01 9.436000e-03 6.630800e-02
58 9.225080e-01 9.452000e-03 6.804000e-02
59 9.206200e-01 9.584000e-03 6.979600e-02
60 9.187320e-01 9.744000e-03 7.152400e-02
61 9.168320e-01 9.772000e-03 7.339600e-02
62 9.149320e-01 9.832000e-03 7.523600e-02
63 9.130400e-01 1.000800e-02 7.695200e-02
64 9.111920e-01 1.017600e-02 7.863200e-02
65 9.092680e-01 1.034800e-02 8.038400e-02
66 9.075120e-01 1.028000e-02 8.220800e-02
67 9.056720e-01 1.036800e-02 8.396000e-02
68 9.038160e-01 1.037600e-02 8.580800e-02
69 9.019680e-01 1.046000e-02 8.757200e-02
70 9.001720e-01 1.038000e-02 8.944800e-02
71 8.983120e-01 1.025600e-02 9.143200e-02
72 8.963880e-01 1.032000e-02 9.329200e-02
73 8.946360e-01 1.020800e-02 9.515600e-02
74 8.930000e-01 1.003600e-02 9.696400e-02
75 8.912960e-01 1.007600e-02 9.862800e-02
76 8.895240e-01 1.004000e-02 1.004360e-01
77 8.875040e-01 1.025600e-02 1.022400e-01
78 8.859120e-01 1.006000e-02 1.040280e-01
79 8.843640e-01 9.812000e-03 1.058240e-01
80 8.827320e-01 9.840000e-03 1.074280e-01
81 8.809720e-01 9.880000e-03 1.091480e-01
82 8.791720e-01 9.848000e-03 1.109800e-01
83 8.774680e-01 9.840000e-03 1.126920e-01
84 8.758640e-01 9.784000e-03 1.143520e-01
85 8.741000e-01 9.764000e-03 1.161360e-01
86 8.721960e-01 9.956000e-03 1.178480e-01
87 8.704600e-01 9.804000e-03 1.197360e-01
88 8.687200e-01 9.844000e-03 1.214360e-01
89 8.671400e-01 9.672000e-03 1.231880e-01
90 8.653800e-01 9.776000e-03 1.248440e-01
91 8.635520e-01 9.848000e-03 1.266000e-01
92 8.617960e-01 9.788000e-03 1.284160e-01
93 8.601400e-01 9.640000e-03 1.302200e-01
94 8.586880e-01 9.524000e-03 1.317880e-01
95 8.570840e-01 9.592000e-03 1.333240e-01
96 8.555600e-01 9.548000e-03 1.348920e-01
97 8.539600e-01 9.528000e-03 1.365120e-01
98 8.523200e-01 9.540000e-03 1.381400e-01
99 8.508160e-01 9.376000e-03 1.398080e-01
100 8.494240e-01 9.036000e-03 1.415400e-01
101 8.479640e-01 8.840000e-03 1.431960e-01
102 8.465320e-01 8.768000e-03 1.447000e-01
103 8.452480e-01 8.456000e-03 1.462960e-01
104 8.438640e-01 8.324000e-03 1.478120e-01
105 8.423560e-01 8.456000e-03 1.491880e-01
106 8.409680e-01 8.304000e-03 1.507280e-01
107 8.395960e-01 8.176000e-03 1.522280e-01
108 8.381360e-01 8.048000e-03 1.538160e-01
109 8.367920e-01 7.932000e-03 1.552760e-01
110 8.354160e-01 7.936000e-03 1.566480e-01
111 8.340240e-01 7.840000e-03 1.581360e-01
112 8.326080e-01 7.952000e-03 1.594400e-01
113 8.312400e-01 7.872000e-03 1.608880e-01
114 8.300240e-01 7.708000e-03 1.622680e-01
115 8.286880e-01 7.728000e-03 1.635840e-01
116 8.272560e-01 7.820000e-03 1.649240e-01
117 8.258440e-01 7.820000e-03 1.663360e-01
118 8.246360e-01 7.732000e-03 1.676320e-01
119 8.230920e-01 7.904000e-03 1.690040e-01
120 8.218120e-01 7.688000e-03 1.705000e-01
121 8.204240e-01 7.700000e-03 1.718760e-01
122 8.191880e-01 7.720000e-03 1.730920e-01
123 8.176960e-01 7.864000e-03 1.744400e-01
124 8.162480e-01 7.948000e-03 1.758040e-01
125 8.149440e-01 7.944000e-03 1.771120e-01
126 8.137000e-01 7.844000e-03 1.784560e-01
127 8.122600e-01 7.904000e-03 1.798360e-01
128 8.109160e-01 7.760000e-03 1.813240e-01
129 8.097040e-01 7.620000e-03 1.826760e-01
130 8.085160e-01 7.532000e-03 1.839520e-01
131 8.072960e-01 7.428000e-03 1.852760e-01
132 8.059880e-01 7.448000e-03 1.865640e-01
133 8.045480e-01 7.492000e-03 1.879600e-01
134 8.032720e-01 7.492000e-03 1.892360e-01
135 8.020400e-01 7.456000e-03 1.905040e-01
136 8.007680e-01 7.412000e-03 1.918200e-01
137 7.993240e-01 7.488000e-03 1.931880e-01
138 7.979600e-01 7.680000e-03 1.943600e-01
139 7.968160e-01 7.372000e-03 1.958120e-01
140 7.954880e-01 7.428000e-03 1.970840e-01
141 7.942240e-01 7.444000e-03 1.983320e-01
142 7.929880e-01 7.428000e-03 1.995840e-01
143 7.918120e-01 7.308000e-03 2.008800e-01
144 7.906040e-01 7.304000e-03 2.020920e-01
145 7.892880e-01 7.232000e-03 2.034800e-01
146 7.878520e-01 7.468000e-03 2.046800e-01
147 7.865560e-01 7.488000e-03 2.059560e-01
148 7.852040e-01 7.468000e-03 2.073280e-01
149 7.838720e-01 7.480000e-03 2.086480e-01
150 7.824400e-01 7.572000e-03 2.099880e-01
151 7.811760e-01 7.588000e-03 2.112360e-01
152 7.798760e-01 7.608000e-03 2.125160e-01
153 7.784640e-01 7.860000e-03 2.136760e-01
154 7.770680e-01 7.864000e-03 2.150680e-01
155 7.757400e-01 7.812000e-03 2.164480e-01
156 7.744560e-01 7.788000e-03 2.177560e-01
157 7.731320e-01 7.812000e-03 2.190560e-01
158 7.718920e-01 7.596000e-03 2.205120e-01
159 7.706360e-01 7.544000e-03 2.218200e-01
160 7.693640e-01 7.576000e-03 2.230600e-01
161 7.681000e-01 7.576000e-03 2.243240e-01
162 7.669720e-01 7.296000e-03 2.257320e-01
163 7.658120e-01 7.248000e-03 2.269400e-01
164 7.646160e-01 7.312000e-03 2.280720e-01
165 7.635720e-01 7.028000e-03 2.294000e-01
166 7.623560e-01 6.980000e-03 2.306640e-01
167 7.611440e-01 6.944000e-03 2.319120e-01
168 7.599800e-01 6.900000e-03 2.331200e-01
169 7.588040e-01 6.788000e-03 2.344080e-01
170 7.576000e-01 6.880000e-03 2.355200e-01
171 7.564800e-01 6.788000e-03 2.367320e-01
172 7.554160e-01 6.588000e-03 2.379960e-01
173 7.543480e-01 6.520000e-03 2.391320e-01
174 7.533920e-01 6.372000e-03 2.402360e-01
175 7.523960e-01 6.260000e-03 2.413440e-01
176 7.513920e-01 6.192000e-03 2.424160e-01
177 7.503080e-01 6.132000e-03 2.435600e-01
178 7.493520e-01 6.036000e-03 2.446120e-01
179 7.482920e-01 6.040000e-03 2.456680e-01
180 7.472960e-01 5.996000e-03 2.467080e-01
181 7.462680e-01 6.000000e-03 2.477320e-01
182 7.451040e-01 6.108000e-03 2.487880e-01
183 7.440640e-01 6.044000e-03 2.498920e-01
184 7.428400e-01 6.168000e-03 2.509920e-01
185 7.418200e-01 6.180000e-03 2.520000e-01
186 7.407240e-01 6.104000e-03 2.531720e-01
187 7.395280e-01 6.236000e-03 2.542360e-01
188 7.383040e-01 6.404000e-03 2.552920e-01
189 7.372880e-01 6.276000e-03 2.564360e-01
190 7.362680e-01 6.260000e-03 2.574720e-01
191 7.351800e-01 6.336000e-03 2.584840e-01
192 7.340320e-01 6.408000e-03 2.595600e-01
193 7.330480e-01 6.308000e-03 2.606440e-01
194 7.320600e-01 6.304000e-03 2.616360e-01
195 7.311240e-01 6.208000e-03 2.626680e-01
196 7.301000e-01 6.144000e-03 2.637560e-01
197 7.291120e-01 6.088000e-03 2.648000e-01
198 7.281720e-01 5.944000e-03 2.658840e-01
199 7.272800e-01 5.784000e-03 2.669360e-01
200 7.263360e-01 5.796000e-03 2.678680e-01
201 7.254040e-01 5.608000e-03 2.689880e-01
202 7.245440e-01 5.484000e-03 2.699720e-01
203 7.236000e-01 5.480000e-03 2.709200e-01
204 7.228080e-01 5.280000e-03 2.719120e-01
205 7.219320e-01 5.240000e-03 2.728280e-01
206 7.209840e-01 5.252000e-03 2.737640e-01
207 7.200560e-01 5.248000e-03 2.746960e-01
208 7.191880e-01 5.160000e-03 2.756520e-01
209 7.181960e-01 5.116000e-03 2.766880e-01
210 7.172480e-01 5.156000e-03 2.775960e-01
211 7.163280e-01 5.176000e-03 2.784960e-01
212 7.153600e-01 5.248000e-03 2.793920e-01
213 7.143120e-01 5.388000e-03 2.803000e-01
214 7.133560e-01 5.340000e-03 2.813040e-01
215 7.124200e-01 5.304000e-03 2.822760e-01
216 7.114480e-01 5.368000e-03 2.831840e-01
217 7.104600e-01 5.460000e-03 2.840800e-01
218 7.093680e-01 5.588000e-03 2.850440e-01
219 7.084160e-01 5.628000e-03 2.859560e-01
220 7.075240e-01 5.540000e-03 2.869360e-01
221 7.066200e-01 5.448000e-03 2.879320e-01
222 7.056280e-01 5.516000e-03 2.888560e-01
223 7.047960e-01 5.436000e-03 2.897680e-01
224 7.038680e-01 5.452000e-03 2.906800e-01
225 7.030880e-01 5.312000e-03 2.916000e-01
226 7.022720e-01 5.296000e-03 2.924320e-01
227 7.013480e-01 5.224000e-03 2.934280e-01
228 7.005040e-01 5.136000e-03 2.943600e-01
229 6.996440e-01 5.232000e-03 2.951240e-01
230 6.986640e-01 5.384000e-03 2.959520e-01
231 6.976960e-01 5.364000e-03 2.969400e-01
232 6.969240e-01 5.216000e-03 2.978600e-01
233 6.960520e-01 5.164000e-03 2.987840e-01
234 6.951200e-01 5.156000e-03 2.997240e-01
235 6.942640e-01 5.128000e-03 3.006080e-01
236 6.932800e-01 5.296000e-03 3.014240e-01
237 6.924560e-01 5.236000e-03 3.023080e-01
238 6.916360e-01 5.060000e-03 3.033040e-01
239 6.908800e-01 4.972000e-03 3.041480e-01
240 6.900920e-01 4.992000e-03 3.049160e-01
241 6.891880e-01 5.032000e-03 3.057800e-01
242 6.882960e-01 5.056000e-03 3.066480e-01
243 6.875480e-01 4.820000e-03 3.076320e-01
244 6.866960e-01 4.796000e-03 3.085080e-01
245 6.860240e-01 4.688000e-03 3.092880e-01
246 6.851760e-01 4.836000e-03 3.099880e-01
247 6.843760e-01 4.772000e-03 3.108520e-01
248 6.836200e-01 4.676000e-03 3.117040e-01
249 6.828440e-01 4.724000e-03 3.124320e-01
250 6.821240e-01 4.612000e-03 3.132640e-01
251 6.813920e-01 4.572000e-03 3.140360e-01
252 6.807560e-01 4.420000e-03 3.148240e-01
253 6.799760e-01 4.428000e-03 3.155960e-01
254 6.792760e-01 4.408000e-03 3.163160e-01
255 6.785800e-01 4.392000e-03 3.170280e-01
256 6.777800e-01 4.476000e-03 3.177440e-01
257 6.770880e-01 4.376000e-03 3.185360e-01
258 6.763080e-01 4.356000e-03 3.193360e-01
259 6.756360e-01 4.340000e-03 3.200240e-01
260 6.749760e-01 4.196000e-03 3.208280e-01
261 6.742640e-01 4.160000e-03 3.215760e-01
262 6.735040e-01 4.232000e-03 3.222640e-01
263 6.727960e-01 4.064000e-03 3.231400e-01
264 6.720480e-01 4.100000e-03 3.238520e-01
265 6.714880e-01 3.972000e-03 3.245400e-01
266 6.708880e-01 3.864000e-03 3.252480e-01
267 6.702760e-01 3.816000e-03 3.259080e-01
268 6.695280e-01 3.860000e-03 3.266120e-01
269 6.687880e-01 3.956000e-03 3.272560e-01
270 6.681800e-01 3.844000e-03 3.279760e-01
271 6.674840e-01 3.792000e-03 3.287240e-01
272 6.669240e-01 3.696000e-03 3.293800e-01
273 6.663120e-01 3.692000e-03 3.299960e-01
274 6.656800e-01 3.688000e-03 3.306320e-01
275 6.650440e-01 3.596000e-03 3.313600e-01
276 6.644360e-01 3.548000e-03 3.320160e-01
277 6.637480e-01 3.564000e-03 3.326880e-01
278 6.631520e-01 3.536000e-03 3.333120e-01
279 6.625360e-01 3.540000e-03 3.339240e-01
280 6.620480e-01 3.492000e-03 3.344600e-01
281 6.614960e-01 3.412000e-03 3.350920e-01
282 6.610080e-01 3.336000e-03 3.356560e-01
283 6.603640e-01 3.428000e-03 3.362080e-01
284 6.597560e-01 3.404000e-03 3.368400e-01
285 6.592600e-01 3.260000e-03 3.374800e-01
286 6.586800e-01 3.352000e-03 3.379680e-01
287 6.580480e-01 3.376000e-03 3.385760e-01
288 6.575280e-01 3.360000e-03 3.391120e-01
289 6.569600e-01 3.356000e-03 3.396840e-01
290 6.563520e-01 3.372000e-03 3.402760e-01
291 6.558000e-01 3.396000e-03 3.408040e-01
292 6.552160e-01 3.420000e-03 3.413640e-01
293 6.546440e-01 3.372000e-03 3.419840e-01
294 6.539720e-01 3.460000e-03 3.425680e-01
295 6.533120e-01 3.520000e-03 3.431680e-01
296 6.527000e-01 3.456000e-03 3.438440e-01
297 6.520200e-01 3.504000e-03 3.444760e-01
298 6.513800e-01 3.572000e-03 3.450480e-01
299 6.507080e-01 3.576000e-03 3.457160e-01
300 6.500280e-01 3.628000e-03 3.463440e-01
301 6.493680e-01 3.668000e-03 3.469640e-01
302 6.487240e-01 3.656000e-03 3.476200e-01
303 6.481040e-01 3.764000e-03 3.481320e-01
304 6.473840e-01 3.780000e-03 3.488360e-01
305 6.467200e-01 3.720000e-03 3.495600e-01
306 6.461200e-01 3.660000e-03 3.502200e-01
307 6.454440e-01 3.600000e-03 3.509560e-01
308 6.447800e-01 3.636000e-03 3.515840e-01
309 6.441600e-01 3.564000e-03 3.522760e-01
310 6.435720e-01 3.492000e-03 3.529360e-01
311 6.429920e-01 3.372000e-03 3.536360e-01
312 6.425000e-01 3.296000e-03 3.542040e-01
313 6.420000e-01 3.208000e-03 3.547920e-01
314 6.415000e-01 3.140000e-03 3.553600e-01
315 6.410280e-01 3.160000e-03 3.558120e-01
316 6.404880e-01 3.148000e-03 3.563640e-01
317 6.400240e-01 3.072000e-03 3.569040e-01
318 6.395040e-01 3.044000e-03 3.574520e-01
319 6.388640e-01 3.176000e-03 3.579600e-01
320 6.383320e-01 3.116000e-03 3.585520e-01
321 6.377280e-01 3.180000e-03 3.590920e-01
322 6.370560e-01 3.324000e-03 3.596200e-01
323 6.364160e-01 3.308000e-03 3.602760e-01
324 6.358720e-01 3.244000e-03 3.608840e-01
325 6.353560e-01 3.116000e-03 3.615280e-01
326 6.348080e-01 3.124000e-03 3.620680e-01
327 6.343080e-01 2.944000e-03 3.627480e-01
328 6.338480e-01 2.796000e-03 3.633560e-01
329 6.333200e-01 2.832000e-03 3.638480e-01
330 6.328400e-01 2.800000e-03 3.643600e-01
331 6.323880e-01 2.784000e-03 3.648280e-01
332 6.320000e-01 2.628000e-03 3.653720e-01
333 6.314560e-01 2.728000e-03 3.658160e-01
334 6.309680e-01 2.784000e-03 3.662480e-01
335 6.305640e-01 2.684000e-03 3.667520e-01
336 6.300560e-01 2.700000e-03 3.672440e-01
337 6.296440e-01 2.604000e-03 3.677520e-01
338 6.292200e-01 2.576000e-03 3.682040e-01
339 6.288240e-01 2.448000e-03 3.687280e-01
340 6.284040e-01 2.456000e-03 3.691400e-01
341 6.279720e-01 2.460000e-03 3.695680e-01
342 6.275920e-01 2.372000e-03 3.700360e-01
343 6.272120e-01 2.380000e-03 3.704080e-01
344 6.268400e-01 2.344000e-03 3.708160e-01
345 6.264720e-01 2.320000e-03 3.712080e-01
346 6.261560e-01 2.228000e-03 3.716160e-01
347 6.257880e-01 2.228000e-03 3.719840e-01
348 6.253600e-01 2.252000e-03 3.723880e-01
349 6.249800e-01 2.204000e-03 3.728160e-01
350 6.245280e-01 2.264000e-03 3.732080e-01
351 6.241080e-01 2.284000e-03 3.736080e-01
352 6.237400e-01 2.276000e-03 3.739840e-01
353 6.233480e-01 2.268000e-03 3.743840e-01
354 6.229760e-01 2.224000e-03 3.748000e-01
355 6.225960e-01 2.312000e-03 3.750920e-01
356 6.222000e-01 2.316000e-03 3.754840e-01
357 6.217520e-01 2.376000e-03 3.758720e-01
358 6.212800e-01 2.508000e-03 3.762120e-01
359 6.207560e-01 2.536000e-03 3.767080e-01
360 6.202080e-01 2.660000e-03 3.771320e-01
361 6.197040e-01 2.692000e-03 3.776040e-01
362 6.192200e-01 2.716000e-03 3.780640e-01
363 6.187960e-01 2.624000e-03 3.785800e-01
364 6.184200e-01 2.496000e-03 3.790840e-01
365 6.181080e-01 2.384000e-03 3.795080e-01
366 6.177640e-01 2.304000e-03 3.799320e-01
367 6.173920e-01 2.288000e-03 3.803200e-01
368 6.170000e-01 2.288000e-03 3.807120e-01
369 6.166720e-01 2.220000e-03 3.811080e-01
370 6.163320e-01 2.164000e-03 3.815040e-01
371 6.159560e-01 2.152000e-03 3.818920e-01
372 6.156080e-01 2.108000e-03 3.822840e-01
373 6.152080e-01 2.168000e-03 3.826240e-01
374 6.148760e-01 2.088000e-03 3.830360e-01
375 6.145600e-01 2.056000e-03 3.833840e-01
376 6.142480e-01 1.992000e-03 3.837600e-01
377 6.139880e-01 1.920000e-03 3.840920e-01
378 6.136880e-01 1.888000e-03 3.844240e-01
379 6.134160e-01 1.828000e-03 3.847560e-01
380 6.131240e-01 1.840000e-03 3.850360e-01
381 6.128320e-01 1.860000e-03 3.853080e-01
382 6.125760e-01 1.804000e-03 3.856200e-01
383 6.123080e-01 1.724000e-03 3.859680e-01
384 6.119920e-01 1.740000e-03 3.862680e-01
385 6.116520e-01 1.740000e-03 3.866080e-01
386 6.113760e-01 1.732000e-03 3.868920e-01
387 6.111640e-01 1.664000e-03 3.871720e-01
388 6.109200e-01 1.612000e-03 3.874680e-01
389 6.106600e-01 1.588000e-03 3.877520e-01
390 6.104520e-01 1.512000e-03 3.880360e-01
391 6.102760e-01 1.424000e-03 3.883000e-01
392 6.100680e-01 1.408000e-03 3.885240e-01
393 6.098720e-01 1.320000e-03 3.888080e-01
394 6.096560e-01 1.292000e-03 3.890520e-01
395 6.094000e-01 1.352000e-03 3.892480e-01
396 6.091800e-01 1.292000e-03 3.895280e-01
397 6.089080e-01 1.332000e-03 3.897600e-01
398 6.087040e-01 1.312000e-03 3.899840e-01
399 6.084440e-01 1.352000e-03 3.902040e-01
400 6.082160e-01 1.408000e-03 3.903760e-01
401 6.079440e-01 1.432000e-03 3.906240e-01
402 6.077040e-01 1.440000e-03 3.908560e-01
403 6.074080e-01 1.488000e-03 3.911040e-01
404 6.071000e-01 1.552000e-03 3.913480e-01
405 6.067800e-01 1.604000e-03 3.916160e-01
406 6.064680e-01 1.652000e-03 3.918800e-01
407 6.062120e-01 1.624000e-03 3.921640e-01
408 6.059640e-01 1.608000e-03 3.924280e-01
409 6.057560e-01 1.532000e-03 3.927120e-01
410 6.055320e-01 1.460000e-03 3.930080e-01
411 6.053240e-01 1.396000e-03 3.932800e-01
412 6.051280e-01 1.332000e-03 3.935400e-01
413 6.049160e-01 1.300000e-03 3.937840e-01
414 6.047440e-01 1.228000e-03 3.940280e-01
415 6.045800e-01 1.120000e-03 3.943000e-01
416 6.044240e-01 1.076000e-03 3.945000e-01
417 6.042680e-01 1.032000e-03 3.947000e-01
418 6.040920e-01 1.008000e-03 3.949000e-01
419 6.039560e-01 9.960000e-04 3.950480e-01
420 6.038200e-01 9.680000e-04 3.952120e-01
421 6.036560e-01 9.320000e-04 3.954120e-01
422 6.034720e-01 9.280000e-04 3.956000e-01
423 6.033200e-01 9.080000e-04 3.957720e-01
424 6.031200e-01 9.440000e-04 3.959360e-01
425 6.029120e-01 1.032000e-03 3.960560e-01
426 6.026960e-01 1.088000e-03 3.962160e-01
427 6.024640e-01 1.092000e-03 3.964440e-01
428 6.022200e-01 1.172000e-03 3.966080e-01
429 6.020360e-01 1.184000e-03 3.967800e-01
430 6.018080e-01 1.180000e-03 3.970120e-01
431 6.016040e-01 1.200000e-03 3.971960e-01
432 6.014080e-01 1.208000e-03 3.973840e-01
433 6.011520e-01 1.280000e-03 3.975680e-01
434 6.009560e-01 1.276000e-03 3.977680e-01
435 6.007360e-01 1.240000e-03 3.980240e-01
436 6.005120e-01 1.244000e-03 3.982440e-01
437 6.002800e-01 1.336000e-03 3.983840e-01
438 6.000520e-01 1.336000e-03 3.986120e-01
439 5.998440e-01 1.340000e-03 3.988160e-01
440 5.995920e-01 1.404000e-03 3.990040e-01
441 5.993400e-01 1.408000e-03 3.992520e-01
442 5.990880e-01 1.424000e-03 3.994880e-01
443 5.988400e-01 1.448000e-03 3.997120e-01
444 5.986280e-01 1.424000e-03 3.999480e-01
445 5.984400e-01 1.360000e-03 4.002000e-01
446 5.982160e-01 1.324000e-03 4.004600e-01
447 5.979880e-01 1.292000e-03 4.007200e-01
448 5.977480e-01 1.280000e-03 4.009720e-01
449 5.975040e-01 1.264000e-03 4.012320e-01
450 5.972720e-01 1.272000e-03 4.014560e-01
451 5.971000e-01 1.196000e-03 4.017040e-01
452 5.969160e-01 1.148000e-03 4.019360e-01
453 5.966880e-01 1.152000e-03 4.021600e-01
454 5.964920e-01 1.172000e-03 4.023360e-01
455 5.962480e-01 1.232000e-03 4.025200e-01
456 5.959960e-01 1.256000e-03 4.027480e-01
457 5.956200e-01 1.452000e-03 4.029280e-01
458 5.953680e-01 1.464000e-03 4.031680e-01
459 5.951400e-01 1.460000e-03 4.034000e-01
460 5.948840e-01 1.456000e-03 4.036600e-01
461 5.946080e-01 1.500000e-03 4.038920e-01
462 5.942640e-01 1.540000e-03 4.041960e-01
463 5.939280e-01 1.600000e-03 4.044720e-01
464 5.936200e-01 1.588000e-03 4.047920e-01
465 5.933440e-01 1.592000e-03 4.050640e-01
466 5.930960e-01 1.556000e-03 4.053480e-01
467 5.928600e-01 1.520000e-03 4.056200e-01
468 5.926680e-01 1.416000e-03 4.059160e-01
469 5.924440e-01 1.396000e-03 4.061600e-01
470 5.922480e-01 1.336000e-03 4.064160e-01
471 5.920560e-01 1.308000e-03 4.066360e-01
472 5.918760e-01 1.256000e-03 4.068680e-01
473 5.916640e-01 1.236000e-03 4.071000e-01
474 5.914760e-01 1.168000e-03 4.073560e-01
475 5.912840e-01 1.124000e-03 4.075920e-01
476 5.911040e-01 1.132000e-03 4.077640e-01
477 5.908640e-01 1.172000e-03 4.079640e-01
478 5.906200e-01 1.188000e-03 4.081920e-01
479 5.904320e-01 1.140000e-03 4.084280e-01
480 5.902160e-01 1.152000e-03 4.086320e-01
481 5.900480e-01 1.144000e-03 4.088080e-01
482 5.898440e-01 1.148000e-03 4.090080e-01
483 5.896680e-01 1.152000e-03 4.091800e-01
484 5.894760e-01 1.104000e-03 4.094200e-01
485 5.892920e-01 1.096000e-03 4.096120e-01
486 5.891040e-01 1.044000e-03 4.098520e-01
487 5.889080e-01 1.092000e-03 4.100000e-01
488 5.887480e-01 1.100000e-03 4.101520e-01
489 5.885640e-01 1.064000e-03 4.103720e-01
490 5.884040e-01 1.040000e-03 4.105560e-01
491 5.882480e-01 1.020000e-03 4.107320e-01
492 5.880800e-01 1.008000e-03 4.109120e-01
493 5.878760e-01 1.036000e-03 4.110880e-01
494 5.877200e-01 1.036000e-03 4.112440e-01
495 5.875560e-01 1.004000e-03 4.114400e-01
496 5.873480e-01 1.044000e-03 4.116080e-01
497 5.872320e-01 9.920000e-04 4.117760e-01
498 5.871000e-01 1.000000e-03 4.119000e-01
499 5.869560e-01 9.520000e-04 4.120920e-01
500 5.868080e-01 9.560000e-04 4.122360e-01
