1 9.992600e-01 6.600000e-04 8.000000e-05
2 9.986440e-01 1.180000e-03 1.760000e-04
3 9.980680e-01 1.528000e-03 4.040000e-04
4 9.974720e-01 1.820000e-03 7.080000e-04
5 9.968240e-01 2.148000e-03 1.028000e-03
6 9.959720e-01 2.556000e-03 1.472000e-03
7 9.950760e-01 2.988000e-03 1.936000e-03
8 9.942080e-01 3.328000e-03 2.464000e-03
9 9.933360e-01 3.624000e-03 3.040000e-03
10 9.923400e-01 3.968000e-03 3.692000e-03
11 9.914440e-01 4.220000e-03 4.336000e-03
12 9.904640e-01 4.408000e-03 5.128000e-03
13 9.894440e-01 4.640000e-03 5.916000e-03
14 9.884960e-01 4.792000e-03 6.712000e-03
15 9.874960e-01 4.872000e-03 7.632000e-03
16 9.864640e-01 4.980000e-03 8.556000e-03
17 9.853440e-01 5.124000e-03 9.532000e-03
18 9.842800e-01 5.336000e-03 1.038400e-02
19 9.831400e-01 5.548000e-03 1.131200e-02
20 9.817160e-01 5.972000e-03 1.231200e-02
21 9.804440e-01 6.196000e-03 1.336000e-02
22 9.790640e-01 6.456000e-03 1.448000e-02
23 9.776440e-01 6.748000e-03 1.560800e-02
24 9.763600e-01 6.824000e-03 1.681600e-02
25 9.749880e-01 6.960000e-03 1.805200e-02
26 9.735640e-01 7.060000e-03 1.937600e-02
27 9.721360e-01 7.256000e-03 2.060800e-02
28 9.706800e-01 7.324000e-03 2.199600e-02
29 9.693240e-01 7.380000e-03 2.329600e-02
30 9.679560e-01 7.384000e-03 2.466000e-02
31 9.666480e-01 7.408000e-03 2.594400e-02
32 9.652000e-01 7.616000e-03 2.718400e-02
33 9.636040e-01 7.928000e-03 2.846800e-02
34 9.620640e-01 8.000000e-03 2.993600e-02
35 9.604040e-01 8.216000e-03 3.138000e-02
36 9.587880e-01 8.376000e-03 3.283600e-02
37 9.572440e-01 8.472000e-03 3.428400e-02
38 9.554440e-01 8.828000e-03 3.572800e-02
39 9.538400e-01 8.936000e-03 3.722400e-02
40 9.522120e-01 9.000000e-03 3.878800e-02
41 9.505240e-01 9.080000e-03 4.039600e-02
42 9.488840e-01 9.096000e-03 4.202000e-02
43 9.472440e-01 9.016000e-03 4.374000e-02
44 9.455360e-01 9.064000e-03 4.540000e-02
45 9.437560e-01 9.256000e-03 4.698800e-02
46 9.419360e-01 9.504000e-03 4.856000e-02
47 9.402080e-01 9.448000e-03 5.034400e-02
48 9.385040e-01 9.420000e-03 5.207600e-02
49 9.370120e-01 9.320000e-03 5.366800e-02
50 9.353600e-01 9.272000e-03 5.536800e-02
51 9.337680e-01 9.272000e-03 5.696000e-02
52 9.321840e-01 9.272000e-03 5.854400e-02
53 9.305160e-01 9.272000e-03 6.021200e-02
54 9.289400e-01 9.380000e-03 6.168000e-02
55 9.273400e-01 9.248000e-03 6.341200e-02
56 9.257600e-01 9.264000e-03 6.497600e-02
57 9.241040e-01 9.280000e-03 6.661600e-02
58 9.225400e-01 9.196000e-03 6.826400e-02
59 9.209000e-01 9.360000e-03 6.974000e-02
60 9.192960e-01 9.212000e-03 7.149200e-02
61 9.177240e-01 9.204000e-03 7.307200e-02
62 9.161320e-01 9.084000e-03 7.478400e-02
63 9.144480e-01 9.092000e-03 7.646000e-02
64 9.127840e-01 9.240000e-03 7.797600e-02
65 9.111080e-01 9.312000e-03 7.958000e-02
66 9.092920e-01 9.444000e-03 8.126400e-02
67 9.075200e-01 9.608000e-03 8.287200e-02
68 9.057920e-01 9.596000e-03 8.461200e-02
69 9.040120e-01 9.644000e-03 8.634400e-02
70 9.023240e-01 9.784000e-03 8.789200e-02
71 9.006640e-01 9.696000e-03 8.964000e-02
72 8.991640e-01 9.640000e-03 9.119600e-02
73 8.976160e-01 9.492000e-03 9.289200e-02
74 8.960400e-01 9.372000e-03 9.458800e-02
75 8.945360e-01 9.172000e-03 9.629200e-02
76 8.930440e-01 8.976000e-03 9.798000e-02
77 8.917160e-01 8.804000e-03 9.948000e-02
78 8.902000e-01 8.640000e-03 1.011600e-01
79 8.886960e-01 8.660000e-03 1.026440e-01
80 8.871480e-01 8.748000e-03 1.041040e-01
81 8.854440e-01 8.996000e-03 1.055600e-01
82 8.840080e-01 8.720000e-03 1.072720e-01
83 8.825360e-01 8.680000e-03 1.087840e-01
84 8.810960e-01 8.508000e-03 1.103960e-01
85 8.796040e-01 8.512000e-03 1.118840e-01
86 8.780480e-01 8.548000e-03 1.134040e-01
87 8.765080e-01 8.532000e-03 1.149600e-01
88 8.748640e-01 8.732000e-03 1.164040e-01
89 8.733320e-01 8.724000e-03 1.179440e-01
90 8.718520e-01 8.720000e-03 1.194280e-01
91 8.701440e-01 8.836000e-03 1.210200e-01
92 8.683840e-01 8.988000e-03 1.226280e-01
93 8.668000e-01 8.928000e-03 1.242720e-01
94 8.652440e-01 8.860000e-03 1.258960e-01
95 8.636800e-01 8.788000e-03 1.275320e-01
96 8.620400e-01 8.868000e-03 1.290920e-01
97 8.607080e-01 8.604000e-03 1.306880e-01
98 8.592640e-01 8.580000e-03 1.321560e-01
99 8.576720e-01 8.616000e-03 1.337120e-01
100 8.560560e-01 8.732000e-03 1.352120e-01
101 8.545360e-01 8.824000e-03 1.366400e-01
102 8.529560e-01 8.884000e-03 1.381600e-01
103 8.514520e-01 8.856000e-03 1.396920e-01
104 8.499200e-01 8.948000e-03 1.411320e-01
105 8.484760e-01 8.736000e-03 1.427880e-01
106 8.470840e-01 8.628000e-03 1.442880e-01
107 8.455800e-01 8.524000e-03 1.458960e-01
108 8.442960e-01 8.264000e-03 1.474400e-01
109 8.429840e-01 8.104000e-03 1.489120e-01
110 8.416280e-01 8.084000e-03 1.502880e-01
111 8.401280e-01 8.092000e-03 1.517800e-01
112 8.388520e-01 7.796000e-03 1.533520e-01
113 8.373560e-01 7.936000e-03 1.547080e-01
114 8.361000e-01 7.780000e-03 1.561200e-01
115 8.346840e-01 7.796000e-03 1.575200e-01
116 8.333400e-01 7.796000e-03 1.588640e-01
117 8.320120e-01 7.892000e-03 1.600960e-01
118 8.307280e-01 7.800000e-03 1.614720e-01
119 8.294840e-01 7.624000e-03 1.628920e-01
120 8.283080e-01 7.408000e-03 1.642840e-01
121 8.271040e-01 7.156000e-03 1.657400e-01
122 8.258400e-01 7.056000e-03 1.671040e-01
123 8.245880e-01 6.996000e-03 1.684160e-01
124 8.232880e-01 7.076000e-03 1.696360e-01
125 8.220000e-01 7.084000e-03 1.709160e-01
126 8.207720e-01 6.984000e-03 1.722440e-01
127 8.194600e-01 7.180000e-03 1.733600e-01
128 8.180760e-01 7.276000e-03 1.746480e-01
129 8.166920e-01 7.416000e-03 1.758920e-01
130 8.155280e-01 7.300000e-03 1.771720e-01
131 8.142400e-01 7.340000e-03 1.784200e-01
132 8.128480e-01 7.316000e-03 1.798360e-01
133 8.115600e-01 7.232000e-03 1.812080e-01
134 8.103320e-01 7.216000e-03 1.824520e-01
135 8.091560e-01 7.208000e-03 1.836360e-01
136 8.079120e-01 7.228000e-03 1.848600e-01
137 8.067400e-01 7.136000e-03 1.861240e-01
138 8.055920e-01 6.952000e-03 1.874560e-01
139 8.044760e-01 6.904000e-03 1.886200e-01
140 8.031920e-01 7.028000e-03 1.897800e-01
141 8.019520e-01 6.980000e-03 1.910680e-01
142 8.007440e-01 7.052000e-03 1.922040e-01
143 7.995280e-01 7.104000e-03 1.933680e-01
144 7.981800e-01 7.208000e-03 1.946120e-01
145 7.969840e-01 7.168000e-03 1.958480e-01
146 7.957480e-01 7.164000e-03 1.970880e-01
147 7.945360e-01 7.152000e-03 1.983120e-01
148 7.934800e-01 6.984000e-03 1.995360e-01
149 7.924000e-01 6.844000e-03 2.007560e-01
150 7.912960e-01 6.664000e-03 2.020400e-01
151 7.901600e-01 6.552000e-03 2.032880e-01
152 7.889640e-01 6.576000e-03 2.044600e-01
153 7.878400e-01 6.460000e-03 2.057000e-01
154 7.867960e-01 6.432000e-03 2.067720e-01
155 7.855600e-01 6.604000e-03 2.078360e-01
156 7.844240e-01 6.644000e-03 2.089320e-01
157 7.833160e-01 6.552000e-03 2.101320e-01
158 7.820800e-01 6.564000e-03 2.113560e-01
159 7.808120e-01 6.632000e-03 2.125560e-01
160 7.797120e-01 6.660000e-03 2.136280e-01
161 7.784440e-01 6.772000e-03 2.147840e-01
162 7.772000e-01 6.860000e-03 2.159400e-01
163 7.759960e-01 6.776000e-03 2.172280e-01
164 7.748720e-01 6.612000e-03 2.185160e-01
165 7.737720e-01 6.480000e-03 2.197480e-01
166 7.727360e-01 6.452000e-03 2.208120e-01
167 7.716760e-01 6.336000e-03 2.219880e-01
168 7.706080e-01 6.248000e-03 2.231440e-01
169 7.695280e-01 6.164000e-03 2.243080e-01
170 7.684680e-01 6.248000e-03 2.252840e-01
171 7.673840e-01 6.268000e-03 2.263480e-01
172 7.664640e-01 6.176000e-03 2.273600e-01
173 7.652600e-01 6.288000e-03 2.284520e-01
174 7.640960e-01 6.376000e-03 2.295280e-01
175 7.630080e-01 6.292000e-03 2.307000e-01
176 7.618920e-01 6.280000e-03 2.318280e-01
177 7.608280e-01 6.184000e-03 2.329880e-01
178 7.598240e-01 6.104000e-03 2.340720e-01
179 7.588480e-01 6.040000e-03 2.351120e-01
180 7.578880e-01 6.056000e-03 2.360560e-01
181 7.569200e-01 5.868000e-03 2.372120e-01
182 7.558440e-01 5.952000e-03 2.382040e-01
183 7.549040e-01 5.828000e-03 2.392680e-01
184 7.538320e-01 5.820000e-03 2.403480e-01
185 7.526600e-01 6.000000e-03 2.413400e-01
186 7.515160e-01 6.156000e-03 2.423280e-01
187 7.504360e-01 6.292000e-03 2.432720e-01
188 7.494240e-01 6.208000e-03 2.443680e-01
189 7.481800e-01 6.284000e-03 2.455360e-01
190 7.469800e-01 6.408000e-03 2.466120e-01
191 7.459240e-01 6.328000e-03 2.477480e-01
192 7.448480e-01 6.328000e-03 2.488240e-01
193 7.437120e-01 6.364000e-03 2.499240e-01
194 7.426480e-01 6.264000e-03 2.510880e-01
195 7.414520e-01 6.380000e-03 2.521680e-01
196 7.404200e-01 6.392000e-03 2.531880e-01
197 7.392920e-01 6.372000e-03 2.543360e-01
198 7.381960e-01 6.456000e-03 2.553480e-01
199 7.370960e-01 6.492000e-03 2.564120e-01
200 7.359960e-01 6.492000e-03 2.575120e-01
201 7.348120e-01 6.556000e-03 2.586320e-01
202 7.337240e-01 6.492000e-03 2.597840e-01
203 7.326560e-01 6.312000e-03 2.610320e-01
204 7.316000e-01 6.348000e-03 2.620520e-01
205 7.304560e-01 6.404000e-03 2.631400e-01
206 7.293640e-01 6.456000e-03 2.641800e-01
207 7.283560e-01 6.260000e-03 2.653840e-01
208 7.273720e-01 6.180000e-03 2.664480e-01
209 7.264040e-01 6.056000e-03 2.675400e-01
210 7.254040e-01 6.036000e-03 2.685600e-01
211 7.243400e-01 6.048000e-03 2.696120e-01
212 7.233840e-01 5.808000e-03 2.708080e-01
213 7.225160e-01 5.568000e-03 2.719160e-01
214 7.215040e-01 5.592000e-03 2.729040e-01
215 7.203840e-01 5.668000e-03 2.739480e-01
216 7.195200e-01 5.608000e-03 2.748720e-01
217 7.185480e-01 5.580000e-03 2.758720e-01
218 7.176160e-01 5.636000e-03 2.767480e-01
219 7.167520e-01 5.436000e-03 2.778120e-01
220 7.157640e-01 5.444000e-03 2.787920e-01
221 7.148760e-01 5.388000e-03 2.797360e-01
222 7.140920e-01 5.280000e-03 2.806280e-01
223 7.131640e-01 5.340000e-03 2.814960e-01
224 7.123640e-01 5.264000e-03 2.823720e-01
225 7.114520e-01 5.268000e-03 2.832800e-01
226 7.105280e-01 5.260000e-03 2.842120e-01
227 7.095920e-01 5.324000e-03 2.850840e-01
228 7.087520e-01 5.316000e-03 2.859320e-01
229 7.078320e-01 5.248000e-03 2.869200e-01
230 7.069680e-01 5.200000e-03 2.878320e-01
231 7.062040e-01 5.048000e-03 2.887480e-01
232 7.054680e-01 4.852000e-03 2.896800e-01
233 7.047080e-01 4.696000e-03 2.905960e-01
234 7.040400e-01 4.588000e-03 2.913720e-01
235 7.033640e-01 4.468000e-03 2.921680e-01
236 7.026520e-01 4.432000e-03 2.929160e-01
237 7.020840e-01 4.284000e-03 2.936320e-01
238 7.014080e-01 4.200000e-03 2.943920e-01
239 7.006840e-01 4.228000e-03 2.950880e-01
240 7.000200e-01 4.188000e-03 2.957920e-01
241 6.993000e-01 4.184000e-03 2.965160e-01
242 6.986520e-01 4.052000e-03 2.972960e-01
243 6.979360e-01 4.004000e-03 2.980600e-01
244 6.973280e-01 3.932000e-03 2.987400e-01
245 6.966280e-01 3.876000e-03 2.994960e-01
246 6.959320e-01 3.880000e-03 3.001880e-01
247 6.952440e-01 3.888000e-03 3.008680e-01
248 6.946000e-01 3.784000e-03 3.016160e-01
249 6.939480e-01 3.792000e-03 3.022600e-01
250 6.931600e-01 3.872000e-03 3.029680e-01
251 6.924960e-01 3.868000e-03 3.036360e-01
252 6.918440e-01 3.720000e-03 3.044360e-01
253 6.911920e-01 3.772000e-03 3.050360e-01
254 6.905120e-01 3.776000e-03 3.057120e-01
255 6.899080e-01 3.756000e-03 3.063360e-01
256 6.893200e-01 3.612000e-03 3.070680e-01
257 6.886240e-01 3.692000e-03 3.076840e-01
258 6.880120e-01 3.628000e-03 3.083600e-01
259 6.874160e-01 3.600000e-03 3.089840e-01
260 6.868560e-01 3.516000e-03 3.096280e-01
261 6.862680e-01 3.476000e-03 3.102560e-01
262 6.857360e-01 3.320000e-03 3.109440e-01
263 6.851200e-01 3.360000e-03 3.115200e-01
264 6.845960e-01 3.296000e-03 3.121080e-01
265 6.840280e-01 3.292000e-03 3.126800e-01
266 6.835520e-01 3.312000e-03 3.131360e-01
267 6.830000e-01 3.192000e-03 3.138080e-01
268 6.825360e-01 3.132000e-03 3.143320e-01
269 6.820920e-01 3.052000e-03 3.148560e-01
270 6.816720e-01 2.920000e-03 3.154080e-01
271 6.811600e-01 2.916000e-03 3.159240e-01
272 6.806520e-01 2.948000e-03 3.164000e-01
273 6.802080e-01 2.872000e-03 3.169200e-01
274 6.797440e-01 2.820000e-03 3.174360e-01
275 6.793000e-01 2.764000e-03 3.179360e-01
276 6.789640e-01 2.632000e-03 3.184040e-01
277 6.785680e-01 2.568000e-03 3.188640e-01
278 6.782240e-01 2.456000e-03 3.193200e-01
279 6.778160e-01 2.460000e-03 3.197240e-01
280 6.774480e-01 2.384000e-03 3.201680e-01
281 6.770720e-01 2.380000e-03 3.205480e-01
282 6.767240e-01 2.324000e-03 3.209520e-01
283 6.762600e-01 2.456000e-03 3.212840e-01
284 6.758640e-01 2.464000e-03 3.216720e-01
285 6.755040e-01 2.456000e-03 3.220400e-01
286 6.750960e-01 2.440000e-03 3.224640e-01
287 6.746600e-01 2.444000e-03 3.228960e-01
288 6.742440e-01 2.424000e-03 3.233320e-01
289 6.738560e-01 2.364000e-03 3.237800e-01
290 6.734600e-01 2.352000e-03 3.241880e-01
291 6.730360e-01 2.428000e-03 3.245360e-01
292 6.725080e-01 2.556000e-03 3.249360e-01
293 6.720080e-01 2.612000e-03 3.253800e-01
294 6.715240e-01 2.548000e-03 3.259280e-01
295 6.710520e-01 2.644000e-03 3.263040e-01
296 6.705920e-01 2.632000e-03 3.267760e-01
297 6.702360e-01 2.588000e-03 3.271760e-01
298 6.698280e-01 2.576000e-03 3.275960e-01
299 6.694320e-01 2.536000e-03 3.280320e-01
300 6.690080e-01 2.512000e-03 3.284800e-01
301 6.685840e-01 2.500000e-03 3.289160e-01
302 6.680520e-01 2.572000e-03 3.293760e-01
303 6.675720e-01 2.608000e-03 3.298200e-01
304 6.671560e-01 2.528000e-03 3.303160e-01
305 6.667000e-01 2.568000e-03 3.307320e-01
306 6.663000e-01 2.588000e-03 3.311120e-01
307 6.658280e-01 2.592000e-03 3.315800e-01
308 6.654400e-01 2.512000e-03 3.320480e-01
309 6.650520e-01 2.452000e-03 3.324960e-01
310 6.645440e-01 2.532000e-03 3.329240e-01
311 6.640920e-01 2.564000e-03 3.333440e-01
312 6.637360e-01 2.480000e-03 3.337840e-01
313 6.632960e-01 2.424000e-03 3.342800e-01
314 6.628760e-01 2.388000e-03 3.347360e-01
315 6.625440e-01 2.320000e-03 3.351360e-01
316 6.622360e-01 2.208000e-03 3.355560e-01
317 6.619280e-01 2.088000e-03 3.359840e-01
318 6.616880e-01 1.956000e-03 3.363560e-01
319 6.614920e-01 1.884000e-03 3.366240e-01
320 6.612040e-01 1.868000e-03 3.369280e-01
321 6.610120e-01 1.748000e-03 3.372400e-01
322 6.607320e-01 1.732000e-03 3.375360e-01
323 6.605080e-01 1.688000e-03 3.378040e-01
324 6.602280e-01 1.668000e-03 3.381040e-01
325 6.600280e-01 1.612000e-03 3.383600e-01
326 6.597880e-01 1.568000e-03 3.386440e-01
327 6.595560e-01 1.544000e-03 3.389000e-01
328 6.592640e-01 1.536000e-03 3.392000e-01
329 6.589880e-01 1.588000e-03 3.394240e-01
330 6.587080e-01 1.608000e-03 3.396840e-01
331 6.584440e-01 1.584000e-03 3.399720e-01
332 6.582080e-01 1.552000e-03 3.402400e-01
333 6.579160e-01 1.556000e-03 3.405280e-01
334 6.576440e-01 1.540000e-03 3.408160e-01
335 6.573400e-01 1.532000e-03 3.411280e-01
336 6.570280e-01 1.576000e-03 3.413960e-01
337 6.567840e-01 1.532000e-03 3.416840e-01
338 6.565200e-01 1.528000e-03 3.419520e-01
339 6.563120e-01 1.464000e-03 3.422240e-01
340 6.561000e-01 1.456000e-03 3.424440e-01
341 6.558280e-01 1.488000e-03 3.426840e-01
342 6.556000e-01 1.436000e-03 3.429640e-01
343 6.553440e-01 1.484000e-03 3.431720e-01
344 6.550760e-01 1.452000e-03 3.434720e-01
345 6.548680e-01 1.404000e-03 3.437280e-01
346 6.546240e-01 1.424000e-03 3.439520e-01
347 6.543600e-01 1.420000e-03 3.442200e-01
348 6.541360e-01 1.360000e-03 3.445040e-01
349 6.538840e-01 1.304000e-03 3.448120e-01
350 6.536320e-01 1.336000e-03 3.450320e-01
351 6.533760e-01 1.372000e-03 3.452520e-01
352 6.531040e-01 1.360000e-03 3.455360e-01
353 6.528360e-01 1.420000e-03 3.457440e-01
354 6.525480e-01 1.472000e-03 3.459800e-01
355 6.523840e-01 1.344000e-03 3.462720e-01
356 6.522040e-01 1.272000e-03 3.465240e-01
357 6.520000e-01 1.236000e-03 3.467640e-01
358 6.517840e-01 1.212000e-03 3.470040e-01
359 6.516000e-01 1.164000e-03 3.472360e-01
360 6.514160e-01 1.160000e-03 3.474240e-01
361 6.511600e-01 1.228000e-03 3.476120e-01
362 6.509440e-01 1.232000e-03 3.478240e-01
363 6.507840e-01 1.136000e-03 3.480800e-01
364 6.505480e-01 1.188000e-03 3.482640e-01
365 6.503320e-01 1.164000e-03 3.485040e-01
366 6.501280e-01 1.168000e-03 3.487040e-01
367 6.499680e-01 1.056000e-03 3.489760e-01
368 6.497640e-01 1.068000e-03 3.491680e-01
369 6.496240e-01 1.000000e-03 3.493760e-01
370 6.494800e-01 9.880000e-04 3.495320e-01
371 6.493200e-01 9.720000e-04 3.497080e-01
372 6.491080e-01 1.000000e-03 3.498920e-01
373 6.489040e-01 9.880000e-04 3.501080e-01
374 6.486880e-01 1.060000e-03 3.502520e-01
375 6.484480e-01 1.092000e-03 3.504600e-01
376 6.482080e-01 1.188000e-03 3.506040e-01
377 6.479640e-01 1.240000e-03 3.507960e-01
378 6.477280e-01 1.252000e-03 3.510200e-01
379 6.475040e-01 1.280000e-03 3.512160e-01
380 6.472680e-01 1.328000e-03 3.514040e-01
381 6.470720e-01 1.312000e-03 3.516160e-01
382 6.468720e-01 1.292000e-03 3.518360e-01
383 6.466760e-01 1.272000e-03 3.520520e-01
384 6.464160e-01 1.332000e-03 3.522520e-01
385 6.462000e-01 1.260000e-03 3.525400e-01
386 6.460280e-01 1.236000e-03 3.527360e-01
387 6.458440e-01 1.216000e-03 3.529400e-01
388 6.456480e-01 1.176000e-03 3.531760e-01
389 6.454400e-01 1.212000e-03 3.533480e-01
390 6.452040e-01 1.228000e-03 3.535680e-01
391 6.449280e-01 1.300000e-03 3.537720e-01
392 6.447080e-01 1.268000e-03 3.540240e-01
393 6.445520e-01 1.188000e-03 3.542600e-01
394 6.443200e-01 1.208000e-03 3.544720e-01
395 6.441720e-01 1.188000e-03 3.546400e-01
396 6.439720e-01 1.200000e-03 3.548280e-01
397 6.438360e-01 1.132000e-03 3.550320e-01
398 6.435280e-01 1.228000e-03 3.552440e-01
399 6.433080e-01 1.216000e-03 3.554760e-01
400 6.430880e-01 1.236000e-03 3.556760e-01
401 6.429120e-01 1.200000e-03 3.558880e-01
402 6.427120e-01 1.188000e-03 3.561000e-01
403 6.424600e-01 1.240000e-03 3.563000e-01
404 6.421640e-01 1.348000e-03 3.564880e-01
405 6.419320e-01 1.376000e-03 3.566920e-01
406 6.416880e-01 1.420000e-03 3.568920e-01
407 6.414120e-01 1.472000e-03 3.571160e-01
408 6.411320e-01 1.532000e-03 3.573360e-01
409 6.409080e-01 1.488000e-03 3.576040e-01
410 6.406320e-01 1.484000e-03 3.578840e-01
411 6.403560e-01 1.484000e-03 3.581600e-01
412 6.401000e-01 1.520000e-03 3.583800e-01
413 6.399320e-01 1.452000e-03 3.586160e-01
414 6.397480e-01 1.364000e-03 3.588880e-01
415 6.395960e-01 1.244000e-03 3.591600e-01
416 6.394560e-01 1.176000e-03 3.593680e-01
417 6.393320e-01 1.148000e-03 3.595200e-01
418 6.391320e-01 1.124000e-03 3.597440e-01
419 6.389560e-01 1.112000e-03 3.599320e-01
420 6.387520e-01 1.096000e-03 3.601520e-01
421 6.385840e-01 1.056000e-03 3.603600e-01
422 6.384520e-01 1.012000e-03 3.605360e-01
423 6.383120e-01 9.680000e-04 3.607200e-01
424 6.381480e-01 9.640000e-04 3.608880e-01
425 6.380040e-01 9.520000e-04 3.610440e-01
426 6.378600e-01 9.440000e-04 3.611960e-01
427 6.376720e-01 1.012000e-03 3.613160e-01
428 6.374360e-01 1.080000e-03 3.614840e-01
429 6.372200e-01 1.096000e-03 3.616840e-01
430 6.370280e-01 1.088000e-03 3.618840e-01
431 6.368080e-01 1.128000e-03 3.620640e-01
432 6.365200e-01 1.212000e-03 3.622680e-01
433 6.363360e-01 1.168000e-03 3.624960e-01
434 6.360160e-01 1.292000e-03 3.626920e-01
435 6.358080e-01 1.288000e-03 3.629040e-01
436 6.355920e-01 1.276000e-03 3.631320e-01
437 6.353160e-01 1.388000e-03 3.632960e-01
438 6.350360e-01 1.408000e-03 3.635560e-01
439 6.347520e-01 1.432000e-03 3.638160e-01
440 6.345040e-01 1.420000e-03 3.640760e-01
441 6.343200e-01 1.416000e-03 3.642640e-01
442 6.341120e-01 1.396000e-03 3.644920e-01
443 6.339600e-01 1.364000e-03 3.646760e-01
444 6.337600e-01 1.296000e-03 3.649440e-01
445 6.335720e-01 1.268000e-03 3.651600e-01
446 6.333720e-01 1.272000e-03 3.653560e-01
447 6.332160e-01 1.192000e-03 3.655920e-01
448 6.330520e-01 1.104000e-03 3.658440e-01
449 6.328560e-01 1.128000e-03 3.660160e-01
450 6.326920e-01 1.076000e-03 3.662320e-01
451 6.325440e-01 1.040000e-03 3.664160e-01
452 6.323680e-01 1.044000e-03 3.665880e-01
453 6.322320e-01 9.600000e-04 3.668080e-01
454 6.320440e-01 9.440000e-04 3.670120e-01
455 6.318640e-01 9.400000e-04 3.671960e-01
456 6.317040e-01 9.440000e-04 3.673520e-01
457 6.315120e-01 9.400000e-04 3.675480e-01
458 6.312760e-01 1.016000e-03 3.677080e-01
459 6.310520e-01 1.100000e-03 3.678480e-01
460 6.307840e-01 1.148000e-03 3.680680e-01
461 6.305600e-01 1.200000e-03 3.682400e-01
462 6.302880e-01 1.240000e-03 3.684720e-01
463 6.300640e-01 1.216000e-03 3.687200e-01
464 6.298280e-01 1.252000e-03 3.689200e-01
465 6.295520e-01 1.320000e-03 3.691280e-01
466 6.293400e-01 1.320000e-03 3.693400e-01
467 6.291040e-01 1.356000e-03 3.695400e-01
468 6.288640e-01 1.348000e-03 3.697880e-01
469 6.286240e-01 1.340000e-03 3.700360e-01
470 6.284360e-01 1.332000e-03 3.702320e-01
471 6.282080e-01 1.372000e-03 3.704200e-01
472 6.279400e-01 1.420000e-03 3.706400e-01
473 6.277160e-01 1.428000e-03 3.708560e-01
474 6.274440e-01 1.452000e-03 3.711040e-01
475 6.271760e-01 1.456000e-03 3.713680e-01
476 6.269240e-01 1.452000e-03 3.716240e-01
477 6.266680e-01 1.480000e-03 3.718520e-01
478 6.263640e-01 1.524000e-03 3.721120e-01
479 6.261400e-01 1.476000e-03 3.723840e-01
480 6.259080e-01 1.432000e-03 3.726600e-01
481 6.256160e-01 1.448000e-03 3.729360e-01
482 6.253320e-01 1.508000e-03 3.731600e-01
483 6.250320e-01 1.508000e-03 3.734600e-01
484 6.247800e-01 1.528000e-03 3.736920e-01
485 6.245400e-01 1.524000e-03 3.739360e-01
486 6.242280e-01 1.560000e-03 3.742120e-01
487 6.240160e-01 1.504000e-03 3.744800e-01
488 6.238280e-01 1.408000e-03 3.747640e-01
489 6.235800e-01 1.408000e-03 3.750120e-01
490 6.234000e-01 1.340000e-03 3.752600e-01
491 6.232240e-01 1.284000e-03 3.754920e-01
492 6.230040e-01 1.296000e-03 3.757000e-01
493 6.227240e-01 1.296000e-03 3.759800e-01
494 6.225320e-01 1.268000e-03 3.762000e-01
495 6.222880e-01 1.296000e-03 3.764160e-01
496 6.221040e-01 1.312000e-03 3.765840e-01
497 6.219600e-01 1.188000e-03 3.768520e-01
498 6.217880e-01 1.188000e-03 3.770240e-01
499 6.215520e-01 1.260000e-03 3.771880e-01
500 6.213480e-01 1.200000e-03 3.774520e-01
