1 9.991760e-01 6.840000e-04 1.400000e-04
2 9.986120e-01 1.108000e-03 2.800000e-04
3 9.980120e-01 1.484000e-03 5.040000e-04
4 9.973600e-01 1.812000e-03 8.280000e-04
5 9.966520e-01 2.140000e-03 1.208000e-03
6 9.958920e-01 2.440000e-03 1.668000e-03
7 9.950400e-01 2.836000e-03 2.124000e-03
8 9.939880e-01 3.312000e-03 2.700000e-03
9 9.929320e-01 3.748000e-03 3.320000e-03
10 9.919200e-01 4.036000e-03 4.044000e-03
11 9.910240e-01 4.156000e-03 4.820000e-03
12 9.900960e-01 4.364000e-03 5.540000e-03
13 9.892240e-01 4.432000e-03 6.344000e-03
14 9.883320e-01 4.548000e-03 7.120000e-03
15 9.873400e-01 4.768000e-03 7.892000e-03
16 9.862440e-01 5.036000e-03 8.720000e-03
17 9.851640e-01 5.284000e-03 9.552000e-03
18 9.840480e-01 5.500000e-03 1.045200e-02
19 9.828560e-01 5.744000e-03 1.140000e-02
20 9.817720e-01 5.788000e-03 1.244000e-02
21 9.807000e-01 5.924000e-03 1.337600e-02
22 9.796480e-01 5.912000e-03 1.444000e-02
23 9.785000e-01 5.992000e-03 1.550800e-02
24 9.773360e-01 6.104000e-03 1.656000e-02
25 9.762480e-01 6.100000e-03 1.765200e-02
26 9.751480e-01 6.120000e-03 1.873200e-02
27 9.738320e-01 6.388000e-03 1.978000e-02
28 9.725640e-01 6.516000e-03 2.092000e-02
29 9.714280e-01 6.504000e-03 2.206800e-02
30 9.703920e-01 6.336000e-03 2.327200e-02
31 9.694080e-01 6.140000e-03 2.445200e-02
32 9.684000e-01 6.132000e-03 2.546800e-02
33 9.673040e-01 6.000000e-03 2.669600e-02
34 9.662360e-01 6.116000e-03 2.764800e-02
35 9.651640e-01 6.044000e-03 2.879200e-02
36 9.640200e-01 6.144000e-03 2.983600e-02
37 9.630000e-01 6.044000e-03 3.095600e-02
38 9.617560e-01 6.160000e-03 3.208400e-02
39 9.605120e-01 6.252000e-03 3.323600e-02
40 9.593320e-01 6.436000e-03 3.423200e-02
41 9.580960e-01 6.484000e-03 3.542000e-02
42 9.569560e-01 6.484000e-03 3.656000e-02
43 9.557480e-01 6.604000e-03 3.764800e-02
44 9.545280e-01 6.500000e-03 3.897200e-02
45 9.533320e-01 6.476000e-03 4.019200e-02
46 9.519920e-01 6.680000e-03 4.132800e-02
47 9.507800e-01 6.732000e-03 4.248800e-02
48 9.494560e-01 6.968000e-03 4.357600e-02
49 9.482520e-01 6.916000e-03 4.483200e-02
50 9.471560e-01 6.780000e-03 4.606400e-02
51 9.460120e-01 6.708000e-03 4.728000e-02
52 9.448520e-01 6.652000e-03 4.849600e-02
53 9.435760e-01 6.752000e-03 4.967200e-02
54 9.423520e-01 6.940000e-03 5.070800e-02
55 9.410720e-01 7.008000e-03 5.192000e-02
56 9.398480e-01 7.056000e-03 5.309600e-02
57 9.387040e-01 6.928000e-03 5.436800e-02
58 9.373760e-01 7.068000e-03 5.555600e-02
59 9.360360e-01 7.112000e-03 5.685200e-02
60 9.348320e-01 7.000000e-03 5.816800e-02
61 9.336120e-01 7.008000e-03 5.938000e-02
62 9.323400e-01 7.120000e-03 6.054000e-02
63 9.309920e-01 7.312000e-03 6.169600e-02
64 9.297360e-01 7.328000e-03 6.293600e-02
65 9.286400e-01 7.100000e-03 6.426000e-02
66 9.273440e-01 7.304000e-03 6.535200e-02
67 9.260080e-01 7.248000e-03 6.674400e-02
68 9.249080e-01 7.100000e-03 6.799200e-02
69 9.236360e-01 7.248000e-03 6.911600e-02
70 9.223400e-01 7.300000e-03 7.036000e-02
71 9.209840e-01 7.356000e-03 7.166000e-02
72 9.195440e-01 7.436000e-03 7.302000e-02
73 9.182720e-01 7.360000e-03 7.436800e-02
74 9.169000e-01 7.488000e-03 7.561200e-02
75 9.156160e-01 7.520000e-03 7.686400e-02
76 9.143040e-01 7.660000e-03 7.803600e-02
77 9.129560e-01 7.572000e-03 7.947200e-02
78 9.116320e-01 7.692000e-03 8.067600e-02
79 9.103200e-01 7.640000e-03 8.204000e-02
80 9.089960e-01 7.708000e-03 8.329600e-02
81 9.076440e-01 7.728000e-03 8.462800e-02
82 9.063720e-01 7.740000e-03 8.588800e-02
83 9.050840e-01 7.688000e-03 8.722800e-02
84 9.036400e-01 7.692000e-03 8.866800e-02
85 9.022600e-01 7.708000e-03 9.003200e-02
86 9.008160e-01 7.868000e-03 9.131600e-02
87 8.992880e-01 7.948000e-03 9.276400e-02
88 8.978440e-01 7.784000e-03 9.437200e-02
89 8.965320e-01 7.740000e-03 9.572800e-02
90 8.951120e-01 7.712000e-03 9.717600e-02
91 8.939160e-01 7.524000e-03 9.856000e-02
92 8.925720e-01 7.528000e-03 9.990000e-02
93 8.913840e-01 7.372000e-03 1.012440e-01
94 8.902560e-01 7.216000e-03 1.025280e-01
95 8.889720e-01 7.172000e-03 1.038560e-01
96 8.877880e-01 7.088000e-03 1.051240e-01
97 8.864920e-01 7.068000e-03 1.064400e-01
98 8.851760e-01 7.168000e-03 1.076560e-01
99 8.838440e-01 7.228000e-03 1.089280e-01
100 8.825640e-01 7.160000e-03 1.102760e-01
101 8.812800e-01 7.172000e-03 1.115480e-01
102 8.801200e-01 6.992000e-03 1.128880e-01
103 8.789840e-01 6.920000e-03 1.140960e-01
104 8.777440e-01 6.968000e-03 1.152880e-01
105 8.764080e-01 7.032000e-03 1.165600e-01
106 8.750040e-01 7.244000e-03 1.177520e-01
107 8.736040e-01 7.380000e-03 1.190160e-01
108 8.720880e-01 7.660000e-03 1.202520e-01
109 8.707320e-01 7.632000e-03 1.216360e-01
110 8.694880e-01 7.488000e-03 1.230240e-01
111 8.681960e-01 7.536000e-03 1.242680e-01
112 8.669760e-01 7.496000e-03 1.255280e-01
113 8.656400e-01 7.584000e-03 1.267760e-01
114 8.642360e-01 7.712000e-03 1.280520e-01
115 8.629240e-01 7.604000e-03 1.294720e-01
116 8.616440e-01 7.524000e-03 1.308320e-01
117 8.604480e-01 7.468000e-03 1.320840e-01
118 8.592040e-01 7.312000e-03 1.334840e-01
119 8.581640e-01 7.120000e-03 1.347160e-01
120 8.568320e-01 7.248000e-03 1.359200e-01
121 8.555400e-01 7.164000e-03 1.372960e-01
122 8.542440e-01 7.252000e-03 1.385040e-01
123 8.529920e-01 7.172000e-03 1.398360e-01
124 8.517480e-01 7.116000e-03 1.411360e-01
125 8.505200e-01 7.132000e-03 1.423480e-01
126 8.493440e-01 7.128000e-03 1.435280e-01
127 8.481360e-01 7.120000e-03 1.447440e-01
128 8.467280e-01 7.280000e-03 1.459920e-01
129 8.455040e-01 7.216000e-03 1.472800e-01
130 8.441680e-01 7.212000e-03 1.486200e-01
131 8.430080e-01 7.164000e-03 1.498280e-01
132 8.417160e-01 7.244000e-03 1.510400e-01
133 8.403720e-01 7.380000e-03 1.522480e-01
134 8.390480e-01 7.380000e-03 1.535720e-01
135 8.377760e-01 7.440000e-03 1.547840e-01
136 8.364360e-01 7.496000e-03 1.560680e-01
137 8.352680e-01 7.376000e-03 1.573560e-01
138 8.340000e-01 7.384000e-03 1.586160e-01
139 8.327480e-01 7.440000e-03 1.598120e-01
140 8.314040e-01 7.408000e-03 1.611880e-01
141 8.301600e-01 7.352000e-03 1.624880e-01
142 8.289840e-01 7.236000e-03 1.637800e-01
143 8.278280e-01 7.112000e-03 1.650600e-01
144 8.266960e-01 6.960000e-03 1.663440e-01
145 8.255080e-01 6.988000e-03 1.675040e-01
146 8.245480e-01 6.728000e-03 1.687240e-01
147 8.233760e-01 6.780000e-03 1.698440e-01
148 8.222920e-01 6.676000e-03 1.710320e-01
149 8.212480e-01 6.644000e-03 1.721080e-01
150 8.202280e-01 6.444000e-03 1.733280e-01
151 8.190720e-01 6.496000e-03 1.744320e-01
152 8.180400e-01 6.368000e-03 1.755920e-01
153 8.171040e-01 6.160000e-03 1.767360e-01
154 8.159120e-01 6.336000e-03 1.777520e-01
155 8.147960e-01 6.312000e-03 1.788920e-01
156 8.136920e-01 6.280000e-03 1.800280e-01
157 8.126280e-01 6.260000e-03 1.811120e-01
158 8.116320e-01 6.236000e-03 1.821320e-01
159 8.107360e-01 6.048000e-03 1.832160e-01
160 8.097080e-01 6.124000e-03 1.841680e-01
161 8.088200e-01 6.024000e-03 1.851560e-01
162 8.077720e-01 5.984000e-03 1.862440e-01
163 8.068200e-01 5.864000e-03 1.873160e-01
164 8.059360e-01 5.684000e-03 1.883800e-01
165 8.049360e-01 5.712000e-03 1.893520e-01
166 8.038480e-01 5.752000e-03 1.904000e-01
167 8.028080e-01 5.840000e-03 1.913520e-01
168 8.017360e-01 6.024000e-03 1.922400e-01
169 8.007240e-01 6.008000e-03 1.932680e-01
170 7.997520e-01 6.016000e-03 1.942320e-01
171 7.987320e-01 5.960000e-03 1.953080e-01
172 7.976840e-01 6.024000e-03 1.962920e-01
173 7.966240e-01 5.976000e-03 1.974000e-01
174 7.954600e-01 6.112000e-03 1.984280e-01
175 7.946360e-01 5.924000e-03 1.994400e-01
176 7.936200e-01 5.916000e-03 2.004640e-01
177 7.925800e-01 5.900000e-03 2.015200e-01
178 7.914960e-01 6.100000e-03 2.024040e-01
179 7.903760e-01 6.200000e-03 2.034240e-01
180 7.893200e-01 6.204000e-03 2.044760e-01
181 7.882960e-01 6.152000e-03 2.055520e-01
182 7.871920e-01 6.212000e-03 2.065960e-01
183 7.862560e-01 6.020000e-03 2.077240e-01
184 7.853560e-01 5.932000e-03 2.087120e-01
185 7.844040e-01 5.880000e-03 2.097160e-01
186 7.835920e-01 5.732000e-03 2.106760e-01
187 7.825920e-01 5.756000e-03 2.116520e-01
188 7.816040e-01 5.612000e-03 2.127840e-01
189 7.807280e-01 5.540000e-03 2.137320e-01
190 7.798760e-01 5.492000e-03 2.146320e-01
191 7.789720e-01 5.380000e-03 2.156480e-01
192 7.779520e-01 5.496000e-03 2.165520e-01
193 7.769400e-01 5.512000e-03 2.175480e-01
194 7.758800e-01 5.668000e-03 2.184520e-01
195 7.748120e-01 5.776000e-03 2.194120e-01
196 7.736320e-01 5.876000e-03 2.204920e-01
197 7.724880e-01 6.008000e-03 2.215040e-01
198 7.714680e-01 6.040000e-03 2.224920e-01
199 7.703880e-01 6.100000e-03 2.235120e-01
200 7.692760e-01 6.016000e-03 2.247080e-01
201 7.682160e-01 6.012000e-03 2.257720e-01
202 7.670160e-01 6.192000e-03 2.267920e-01
203 7.659600e-01 6.212000e-03 2.278280e-01
204 7.647720e-01 6.300000e-03 2.289280e-01
205 7.635960e-01 6.368000e-03 2.300360e-01
206 7.624880e-01 6.368000e-03 2.311440e-01
207 7.613040e-01 6.376000e-03 2.323200e-01
208 7.603200e-01 6.224000e-03 2.334560e-01
209 7.591080e-01 6.408000e-03 2.344840e-01
210 7.580240e-01 6.376000e-03 2.356000e-01
211 7.569520e-01 6.412000e-03 2.366360e-01
212 7.558040e-01 6.484000e-03 2.377120e-01
213 7.547080e-01 6.488000e-03 2.388040e-01
214 7.536600e-01 6.380000e-03 2.399600e-01
215 7.525360e-01 6.456000e-03 2.410080e-01
216 7.515360e-01 6.308000e-03 2.421560e-01
217 7.505560e-01 6.220000e-03 2.432240e-01
218 7.495080e-01 6.232000e-03 2.442600e-01
219 7.484840e-01 6.132000e-03 2.453840e-01
220 7.473840e-01 6.132000e-03 2.464840e-01
221 7.462840e-01 6.156000e-03 2.475600e-01
222 7.453600e-01 6.084000e-03 2.485560e-01
223 7.443040e-01 6.036000e-03 2.496600e-01
224 7.432160e-01 6.020000e-03 2.507640e-01
225 7.421760e-01 5.920000e-03 2.519040e-01
226 7.412200e-01 5.860000e-03 2.529200e-01
227 7.401640e-01 5.980000e-03 2.538560e-01
228 7.390680e-01 5.964000e-03 2.549680e-01
229 7.380240e-01 5.964000e-03 2.560120e-01
230 7.370360e-01 5.848000e-03 2.571160e-01
231 7.360560e-01 5.796000e-03 2.581480e-01
232 7.350640e-01 5.848000e-03 2.590880e-01
233 7.341720e-01 5.800000e-03 2.600280e-01
234 7.332760e-01 5.708000e-03 2.610160e-01
235 7.322200e-01 5.752000e-03 2.620280e-01
236 7.314040e-01 5.556000e-03 2.630400e-01
237 7.305600e-01 5.424000e-03 2.640160e-01
238 7.297120e-01 5.380000e-03 2.649080e-01
239 7.289400e-01 5.400000e-03 2.656600e-01
240 7.279800e-01 5.496000e-03 2.665240e-01
241 7.271760e-01 5.292000e-03 2.675320e-01
242 7.263360e-01 5.204000e-03 2.684600e-01
243 7.255160e-01 5.156000e-03 2.693280e-01
244 7.246360e-01 5.032000e-03 2.703320e-01
245 7.238600e-01 4.844000e-03 2.712960e-01
246 7.230000e-01 4.856000e-03 2.721440e-01
247 7.221600e-01 4.836000e-03 2.730040e-01
248 7.213880e-01 4.788000e-03 2.738240e-01
249 7.206080e-01 4.600000e-03 2.747920e-01
250 7.199760e-01 4.424000e-03 2.756000e-01
251 7.192440e-01 4.412000e-03 2.763440e-01
252 7.185240e-01 4.268000e-03 2.772080e-01
253 7.179560e-01 4.080000e-03 2.779640e-01
254 7.174080e-01 3.876000e-03 2.787160e-01
255 7.168120e-01 3.772000e-03 2.794160e-01
256 7.162920e-01 3.652000e-03 2.800560e-01
257 7.157240e-01 3.596000e-03 2.806800e-01
258 7.151160e-01 3.664000e-03 2.812200e-01
259 7.144680e-01 3.740000e-03 2.817920e-01
260 7.138920e-01 3.644000e-03 2.824640e-01
261 7.133120e-01 3.612000e-03 2.830760e-01
262 7.127280e-01 3.564000e-03 2.837080e-01
263 7.121360e-01 3.576000e-03 2.842880e-01
264 7.116040e-01 3.416000e-03 2.849800e-01
265 7.110720e-01 3.444000e-03 2.854840e-01
266 7.105120e-01 3.452000e-03 2.860360e-01
267 7.098800e-01 3.516000e-03 2.866040e-01
268 7.093560e-01 3.376000e-03 2.872680e-01
269 7.087480e-01 3.416000e-03 2.878360e-01
270 7.081520e-01 3.488000e-03 2.883600e-01
271 7.075360e-01 3.480000e-03 2.889840e-01
272 7.069320e-01 3.496000e-03 2.895720e-01
273 7.063360e-01 3.472000e-03 2.901920e-01
274 7.058600e-01 3.260000e-03 2.908800e-01
275 7.053000e-01 3.240000e-03 2.914600e-01
276 7.048360e-01 3.124000e-03 2.920400e-01
277 7.044240e-01 3.004000e-03 2.925720e-01
278 7.039880e-01 2.948000e-03 2.930640e-01
279 7.034240e-01 3.032000e-03 2.935440e-01
280 7.029720e-01 2.980000e-03 2.940480e-01
281 7.024520e-01 2.960000e-03 2.945880e-01
282 7.020160e-01 2.852000e-03 2.951320e-01
283 7.015360e-01 2.896000e-03 2.955680e-01
284 7.010720e-01 2.824000e-03 2.961040e-01
285 7.005080e-01 2.936000e-03 2.965560e-01
286 6.999640e-01 2.984000e-03 2.970520e-01
287 6.994320e-01 2.992000e-03 2.975760e-01
288 6.987880e-01 3.180000e-03 2.980320e-01
289 6.982360e-01 3.088000e-03 2.986760e-01
290 6.976280e-01 3.172000e-03 2.992000e-01
291 6.970760e-01 3.192000e-03 2.997320e-01
292 6.965000e-01 3.144000e-03 3.003560e-01
293 6.959160e-01 3.164000e-03 3.009200e-01
294 6.954920e-01 3.084000e-03 3.014240e-01
295 6.949200e-01 3.104000e-03 3.019760e-01
296 6.944200e-01 3.024000e-03 3.025560e-01
297 6.940000e-01 2.876000e-03 3.031240e-01
298 6.935120e-01 2.864000e-03 3.036240e-01
299 6.930680e-01 2.772000e-03 3.041600e-01
300 6.926400e-01 2.760000e-03 3.046000e-01
301 6.921160e-01 2.832000e-03 3.050520e-01
302 6.916880e-01 2.800000e-03 3.055120e-01
303 6.911840e-01 2.792000e-03 3.060240e-01
304 6.907400e-01 2.664000e-03 3.065960e-01
305 6.901960e-01 2.716000e-03 3.070880e-01
306 6.898560e-01 2.616000e-03 3.075280e-01
307 6.893960e-01 2.624000e-03 3.079800e-01
308 6.890080e-01 2.544000e-03 3.084480e-01
309 6.886360e-01 2.532000e-03 3.088320e-01
310 6.881520e-01 2.576000e-03 3.092720e-01
311 6.876440e-01 2.596000e-03 3.097600e-01
312 6.870680e-01 2.760000e-03 3.101720e-01
313 6.865760e-01 2.772000e-03 3.106520e-01
314 6.860960e-01 2.720000e-03 3.111840e-01
315 6.856200e-01 2.680000e-03 3.117000e-01
316 6.852280e-01 2.552000e-03 3.122200e-01
317 6.848080e-01 2.488000e-03 3.127040e-01
318 6.843800e-01 2.464000e-03 3.131560e-01
319 6.839520e-01 2.488000e-03 3.135600e-01
320 6.835640e-01 2.392000e-03 3.140440e-01
321 6.831360e-01 2.348000e-03 3.145160e-01
322 6.827760e-01 2.288000e-03 3.149360e-01
323 6.822720e-01 2.380000e-03 3.153480e-01
324 6.818280e-01 2.484000e-03 3.156880e-01
325 6.814120e-01 2.404000e-03 3.161840e-01
326 6.809320e-01 2.500000e-03 3.165680e-01
327 6.804400e-01 2.536000e-03 3.170240e-01
328 6.799720e-01 2.524000e-03 3.175040e-01
329 6.795280e-01 2.520000e-03 3.179520e-01
330 6.791200e-01 2.504000e-03 3.183760e-01
331 6.786640e-01 2.604000e-03 3.187320e-01
332 6.782920e-01 2.560000e-03 3.191480e-01
333 6.779160e-01 2.484000e-03 3.196000e-01
334 6.774680e-01 2.460000e-03 3.200720e-01
335 6.770080e-01 2.480000e-03 3.205120e-01
336 6.765120e-01 2.612000e-03 3.208760e-01
337 6.760120e-01 2.688000e-03 3.213000e-01
338 6.755400e-01 2.652000e-03 3.218080e-01
339 6.750360e-01 2.740000e-03 3.222240e-01
340 6.745360e-01 2.752000e-03 3.227120e-01
341 6.739560e-01 2.848000e-03 3.231960e-01
342 6.734000e-01 3.000000e-03 3.236000e-01
343 6.728600e-01 2.964000e-03 3.241760e-01
344 6.724200e-01 2.912000e-03 3.246680e-01
345 6.719440e-01 2.928000e-03 3.251280e-01
346 6.715120e-01 2.816000e-03 3.256720e-01
347 6.709800e-01 2.888000e-03 3.261320e-01
348 6.705320e-01 2.840000e-03 3.266280e-01
349 6.700680e-01 2.808000e-03 3.271240e-01
350 6.695680e-01 2.756000e-03 3.276760e-01
351 6.691400e-01 2.664000e-03 3.281960e-01
352 6.686360e-01 2.716000e-03 3.286480e-01
353 6.681800e-01 2.664000e-03 3.291560e-01
354 6.677240e-01 2.656000e-03 3.296200e-01
355 6.671760e-01 2.756000e-03 3.300680e-01
356 6.666600e-01 2.764000e-03 3.305760e-01
357 6.661720e-01 2.768000e-03 3.310600e-01
358 6.656880e-01 2.768000e-03 3.315440e-01
359 6.652160e-01 2.704000e-03 3.320800e-01
360 6.647600e-01 2.644000e-03 3.325960e-01
361 6.642960e-01 2.600000e-03 3.331040e-01
362 6.638320e-01 2.520000e-03 3.336480e-01
363 6.633400e-01 2.580000e-03 3.340800e-01
364 6.628280e-01 2.672000e-03 3.345000e-01
365 6.623160e-01 2.760000e-03 3.349240e-01
366 6.619120e-01 2.560000e-03 3.355280e-01
367 6.615040e-01 2.528000e-03 3.359680e-01
368 6.610400e-01 2.512000e-03 3.364480e-01
369 6.606760e-01 2.476000e-03 3.368480e-01
370 6.602840e-01 2.400000e-03 3.373160e-01
371 6.599280e-01 2.356000e-03 3.377160e-01
372 6.595440e-01 2.324000e-03 3.381320e-01
373 6.591320e-01 2.360000e-03 3.385080e-01
374 6.587240e-01 2.368000e-03 3.389080e-01
375 6.584280e-01 2.204000e-03 3.393680e-01
376 6.581560e-01 2.072000e-03 3.397720e-01
377 6.578840e-01 2.052000e-03 3.400640e-01
378 6.575800e-01 2.008000e-03 3.404120e-01
379 6.572640e-01 2.016000e-03 3.407200e-01
380 6.569520e-01 1.968000e-03 3.410800e-01
381 6.564920e-01 2.036000e-03 3.414720e-01
382 6.561560e-01 1.948000e-03 3.418960e-01
383 6.558920e-01 1.908000e-03 3.422000e-01
384 6.555560e-01 1.956000e-03 3.424880e-01
385 6.552240e-01 1.908000e-03 3.428680e-01
386 6.549280e-01 1.832000e-03 3.432400e-01
387 6.546800e-01 1.752000e-03 3.435680e-01
388 6.543680e-01 1.676000e-03 3.439560e-01
389 6.540840e-01 1.708000e-03 3.442080e-01
390 6.537880e-01 1.736000e-03 3.444760e-01
391 6.535480e-01 1.716000e-03 3.447360e-01
392 6.533440e-01 1.664000e-03 3.449920e-01
393 6.531000e-01 1.572000e-03 3.453280e-01
394 6.528200e-01 1.572000e-03 3.456080e-01
395 6.526120e-01 1.548000e-03 3.458400e-01
396 6.523160e-01 1.556000e-03 3.461280e-01
397 6.520840e-01 1.500000e-03 3.464160e-01
398 6.517960e-01 1.568000e-03 3.466360e-01
399 6.514640e-01 1.636000e-03 3.469000e-01
400 6.512000e-01 1.628000e-03 3.471720e-01
401 6.509120e-01 1.588000e-03 3.475000e-01
402 6.506400e-01 1.596000e-03 3.477640e-01
403 6.502080e-01 1.728000e-03 3.480640e-01
404 6.498920e-01 1.704000e-03 3.484040e-01
405 6.496360e-01 1.680000e-03 3.486840e-01
406 6.493320e-01 1.684000e-03 3.489840e-01
407 6.490880e-01 1.628000e-03 3.492840e-01
408 6.488920e-01 1.572000e-03 3.495360e-01
409 6.486520e-01 1.516000e-03 3.498320e-01
410 6.483800e-01 1.492000e-03 3.501280e-01
411 6.481840e-01 1.432000e-03 3.503840e-01
412 6.479680e-01 1.408000e-03 3.506240e-01
413 6.477520e-01 1.424000e-03 3.508240e-01
414 6.475640e-01 1.332000e-03 3.511040e-01
415 6.473360e-01 1.352000e-03 3.513120e-01
416 6.471720e-01 1.316000e-03 3.515120e-01
417 6.469800e-01 1.252000e-03 3.517680e-01
418 6.467760e-01 1.224000e-03 3.520000e-01
419 6.465520e-01 1.236000e-03 3.522120e-01
420 6.463480e-01 1.236000e-03 3.524160e-01
421 6.461200e-01 1.256000e-03 3.526240e-01
422 6.459160e-01 1.284000e-03 3.528000e-01
423 6.457680e-01 1.224000e-03 3.530080e-01
424 6.456120e-01 1.144000e-03 3.532440e-01
425 6.454400e-01 1.140000e-03 3.534200e-01
426 6.452960e-01 1.072000e-03 3.536320e-01
427 6.451360e-01 1.012000e-03 3.538520e-01
428 6.449640e-01 1.012000e-03 3.540240e-01
429 6.447120e-01 1.104000e-03 3.541840e-01
430 6.445560e-01 1.092000e-03 3.543520e-01
431 6.444200e-01 1.060000e-03 3.545200e-01
432 6.442520e-01 1.012000e-03 3.547360e-01
433 6.440320e-01 9.960000e-04 3.549720e-01
434 6.438000e-01 1.040000e-03 3.551600e-01
435 6.436160e-01 1.060000e-03 3.553240e-01
436 6.434360e-01 1.076000e-03 3.554880e-01
437 6.431880e-01 1.128000e-03 3.556840e-01
438 6.430200e-01 1.104000e-03 3.558760e-01
439 6.429080e-01 1.004000e-03 3.560880e-01
440 6.427280e-01 9.960000e-04 3.562760e-01
441 6.425720e-01 9.840000e-04 3.564440e-01
442 6.423880e-01 9.640000e-04 3.566480e-01
443 6.422400e-01 9.440000e-04 3.568160e-01
444 6.420440e-01 8.960000e-04 3.570600e-01
445 6.418880e-01 8.480000e-04 3.572640e-01
446 6.417040e-01 8.840000e-04 3.574120e-01
447 6.415400e-01 8.920000e-04 3.575680e-01
448 6.413400e-01 9.840000e-04 3.576760e-01
449 6.411680e-01 9.600000e-04 3.578720e-01
450 6.410160e-01 9.280000e-04 3.580560e-01
451 6.407800e-01 9.960000e-04 3.582240e-01
452 6.406160e-01 9.440000e-04 3.584400e-01
453 6.404360e-01 9.120000e-04 3.586520e-01
454 6.403120e-01 8.400000e-04 3.588480e-01
455 6.401960e-01 7.920000e-04 3.590120e-01
456 6.400160e-01 8.680000e-04 3.591160e-01
457 6.397880e-01 9.920000e-04 3.592200e-01
458 6.395560e-01 1.000000e-03 3.594440e-01
459 6.393640e-01 9.920000e-04 3.596440e-01
460 6.391160e-01 1.056000e-03 3.598280e-01
461 6.389320e-01 1.060000e-03 3.600080e-01
462 6.387440e-01 9.880000e-04 3.602680e-01
463 6.385720e-01 9.840000e-04 3.604440e-01
464 6.383960e-01 1.012000e-03 3.605920e-01
465 6.382000e-01 1.056000e-03 3.607440e-01
466 6.379840e-01 1.080000e-03 3.609360e-01
467 6.377840e-01 1.092000e-03 3.611240e-01
468 6.375800e-01 1.120000e-03 3.613000e-01
469 6.373720e-01 1.096000e-03 3.615320e-01
470 6.371160e-01 1.192000e-03 3.616920e-01
471 6.369440e-01 1.164000e-03 3.618920e-01
472 6.367600e-01 1.156000e-03 3.620840e-01
473 6.365880e-01 1.156000e-03 3.622560e-01
474 6.363760e-01 1.164000e-03 3.624600e-01
475 6.361560e-01 1.156000e-03 3.626880e-01
476 6.359880e-01 1.104000e-03 3.629080e-01
477 6.358560e-01 1.024000e-03 3.631200e-01
478 6.357440e-01 9.440000e-04 3.633120e-01
479 6.355960e-01 9.440000e-04 3.634600e-01
480 6.354520e-01 9.480000e-04 3.636000e-01
481 6.352200e-01 1.004000e-03 3.637760e-01
482 6.350520e-01 1.016000e-03 3.639320e-01
483 6.348560e-01 1.036000e-03 3.641080e-01
484 6.347160e-01 9.520000e-04 3.643320e-01
485 6.345800e-01 9.040000e-04 3.645160e-01
486 6.344480e-01 8.720000e-04 3.646800e-01
487 6.343120e-01 8.800000e-04 3.648080e-01
488 6.341040e-01 9.360000e-04 3.649600e-01
489 6.339200e-01 9.520000e-04 3.651280e-01
490 6.337760e-01 9.200000e-04 3.653040e-01
491 6.335760e-01 9.600000e-04 3.654640e-01
492 6.334240e-01 1.004000e-03 3.655720e-01
493 6.332040e-01 1.048000e-03 3.657480e-01
494 6.329600e-01 1.084000e-03 3.659560e-01
495 6.327520e-01 1.060000e-03 3.661880e-01
496 6.325720e-01 1.028000e-03 3.664000e-01
497 6.323600e-01 1.056000e-03 3.665840e-01
498 6.321600e-01 1.056000e-03 3.667840e-01
499 6.319040e-01 1.072000e-03 3.670240e-01
500 6.317320e-01 1.096000e-03 3.671720e-01
