1 9.992640e-01 6.320000e-04 1.040000e-04
2 9.987080e-01 1.068000e-03 2.240000e-04
3 9.980040e-01 1.548000e-03 4.480000e-04
4 9.973600e-01 1.864000e-03 7.760000e-04
5 9.965320e-01 2.312000e-03 1.156000e-03
6 9.955640e-01 2.868000e-03 1.568000e-03
7 9.946400e-01 3.216000e-03 2.144000e-03
8 9.935680e-01 3.640000e-03 2.792000e-03
9 9.925000e-01 4.072000e-03 3.428000e-03
10 9.913920e-01 4.476000e-03 4.132000e-03
11 9.903280e-01 4.772000e-03 4.900000e-03
12 9.891160e-01 5.148000e-03 5.736000e-03
13 9.878720e-01 5.476000e-03 6.652000e-03
14 9.867080e-01 5.704000e-03 7.588000e-03
15 9.856160e-01 5.788000e-03 8.596000e-03
16 9.844240e-01 5.972000e-03 9.604000e-03
17 9.830800e-01 6.256000e-03 1.066400e-02
18 9.816840e-01 6.492000e-03 1.182400e-02
19 9.803480e-01 6.552000e-03 1.310000e-02
20 9.790120e-01 6.724000e-03 1.426400e-02
21 9.776400e-01 6.876000e-03 1.548400e-02
22 9.762760e-01 6.972000e-03 1.675200e-02
23 9.748680e-01 7.076000e-03 1.805600e-02
24 9.734800e-01 7.244000e-03 1.927600e-02
25 9.719960e-01 7.500000e-03 2.050400e-02
26 9.705800e-01 7.688000e-03 2.173200e-02
27 9.690080e-01 7.888000e-03 2.310400e-02
28 9.674440e-01 7.996000e-03 2.456000e-02
29 9.659800e-01 8.052000e-03 2.596800e-02
30 9.643480e-01 8.304000e-03 2.734800e-02
31 9.627720e-01 8.432000e-03 2.879600e-02
32 9.610200e-01 8.640000e-03 3.034000e-02
33 9.594440e-01 8.828000e-03 3.172800e-02
34 9.577600e-01 8.836000e-03 3.340400e-02
35 9.560560e-01 9.036000e-03 3.490800e-02
36 9.543720e-01 9.076000e-03 3.655200e-02
37 9.527280e-01 8.972000e-03 3.830000e-02
38 9.509960e-01 8.996000e-03 4.000800e-02
39 9.492880e-01 9.140000e-03 4.157200e-02
40 9.474800e-01 9.364000e-03 4.315600e-02
41 9.457560e-01 9.532000e-03 4.471200e-02
42 9.440360e-01 9.632000e-03 4.633200e-02
43 9.422960e-01 9.724000e-03 4.798000e-02
44 9.406560e-01 9.580000e-03 4.976400e-02
45 9.392360e-01 9.364000e-03 5.140000e-02
46 9.376400e-01 9.336000e-03 5.302400e-02
47 9.361320e-01 9.284000e-03 5.458400e-02
48 9.345800e-01 9.160000e-03 5.626000e-02
49 9.329000e-01 9.176000e-03 5.792400e-02
50 9.313440e-01 9.220000e-03 5.943600e-02
51 9.296400e-01 9.336000e-03 6.102400e-02
52 9.279440e-01 9.388000e-03 6.266800e-02
53 9.264080e-01 9.224000e-03 6.436800e-02
54 9.249120e-01 9.068000e-03 6.602000e-02
55 9.233920e-01 8.916000e-03 6.769200e-02
56 9.218600e-01 8.812000e-03 6.932800e-02
57 9.202560e-01 8.952000e-03 7.079200e-02
58 9.187640e-01 8.920000e-03 7.231600e-02
59 9.171200e-01 9.048000e-03 7.383200e-02
60 9.156200e-01 9.108000e-03 7.527200e-02
61 9.138640e-01 9.320000e-03 7.681600e-02
62 9.120440e-01 9.460000e-03 7.849600e-02
63 9.103120e-01 9.552000e-03 8.013600e-02
64 9.085600e-01 9.792000e-03 8.164800e-02
65 9.071400e-01 9.540000e-03 8.332000e-02
66 9.055600e-01 9.380000e-03 8.506000e-02
67 9.040200e-01 9.248000e-03 8.673200e-02
68 9.024120e-01 9.136000e-03 8.845200e-02
69 9.009080e-01 9.120000e-03 8.997200e-02
70 8.992560e-01 9.052000e-03 9.169200e-02
71 8.976240e-01 9.120000e-03 9.325600e-02
72 8.960200e-01 9.016000e-03 9.496400e-02
73 8.944880e-01 8.980000e-03 9.653200e-02
74 8.927160e-01 9.176000e-03 9.810800e-02
75 8.911320e-01 9.200000e-03 9.966800e-02
76 8.893840e-01 9.368000e-03 1.012480e-01
77 8.877920e-01 9.336000e-03 1.028720e-01
78 8.860800e-01 9.392000e-03 1.045280e-01
79 8.841680e-01 9.928000e-03 1.059040e-01
80 8.824240e-01 9.864000e-03 1.077120e-01
81 8.806680e-01 9.832000e-03 1.095000e-01
82 8.789360e-01 9.944000e-03 1.111200e-01
83 8.772320e-01 9.960000e-03 1.128080e-01
84 8.753880e-01 9.920000e-03 1.146920e-01
85 8.735040e-01 9.912000e-03 1.165840e-01
86 8.717600e-01 9.852000e-03 1.183880e-01
87 8.698040e-01 1.008800e-02 1.201080e-01
88 8.678240e-01 1.030400e-02 1.218720e-01
89 8.658360e-01 1.066000e-02 1.235040e-01
90 8.639000e-01 1.077200e-02 1.253280e-01
91 8.621800e-01 1.072800e-02 1.270920e-01
92 8.602400e-01 1.068000e-02 1.290800e-01
93 8.584200e-01 1.068400e-02 1.308960e-01
94 8.566520e-01 1.061200e-02 1.327360e-01
95 8.547360e-01 1.071200e-02 1.345520e-01
96 8.529080e-01 1.069200e-02 1.364000e-01
97 8.512440e-01 1.057600e-02 1.381800e-01
98 8.493000e-01 1.064800e-02 1.400520e-01
99 8.475400e-01 1.056800e-02 1.418920e-01
100 8.455840e-01 1.077600e-02 1.436400e-01
101 8.438360e-01 1.070400e-02 1.454600e-01
102 8.419760e-01 1.086000e-02 1.471640e-01
103 8.402240e-01 1.068400e-02 1.490920e-01
104 8.385040e-01 1.057600e-02 1.509200e-01
105 8.369680e-01 1.018800e-02 1.528440e-01
106 8.353400e-01 9.988000e-03 1.546720e-01
107 8.338120e-01 9.756000e-03 1.564320e-01
108 8.324360e-01 9.508000e-03 1.580560e-01
109 8.310240e-01 9.112000e-03 1.598640e-01
110 8.294920e-01 9.024000e-03 1.614840e-01
111 8.280160e-01 8.900000e-03 1.630840e-01
112 8.265640e-01 8.772000e-03 1.646640e-01
113 8.250680e-01 8.748000e-03 1.661840e-01
114 8.236120e-01 8.672000e-03 1.677160e-01
115 8.222040e-01 8.600000e-03 1.691960e-01
116 8.207600e-01 8.468000e-03 1.707720e-01
117 8.193480e-01 8.424000e-03 1.722280e-01
118 8.179040e-01 8.524000e-03 1.735720e-01
119 8.162720e-01 8.676000e-03 1.750520e-01
120 8.148400e-01 8.556000e-03 1.766040e-01
121 8.132800e-01 8.672000e-03 1.780480e-01
122 8.116680e-01 8.616000e-03 1.797160e-01
123 8.101760e-01 8.628000e-03 1.811960e-01
124 8.086360e-01 8.696000e-03 1.826680e-01
125 8.069360e-01 8.840000e-03 1.842240e-01
126 8.054480e-01 8.892000e-03 1.856600e-01
127 8.039320e-01 8.768000e-03 1.873000e-01
128 8.024560e-01 8.696000e-03 1.888480e-01
129 8.010640e-01 8.556000e-03 1.903800e-01
130 7.996360e-01 8.456000e-03 1.919080e-01
131 7.981240e-01 8.412000e-03 1.934640e-01
132 7.964320e-01 8.688000e-03 1.948800e-01
133 7.950720e-01 8.552000e-03 1.963760e-01
134 7.936800e-01 8.532000e-03 1.977880e-01
135 7.922840e-01 8.416000e-03 1.993000e-01
136 7.908440e-01 8.336000e-03 2.008200e-01
137 7.894560e-01 8.268000e-03 2.022760e-01
138 7.881520e-01 8.068000e-03 2.037800e-01
139 7.869000e-01 7.856000e-03 2.052440e-01
140 7.855960e-01 7.844000e-03 2.065600e-01
141 7.842360e-01 7.832000e-03 2.079320e-01
142 7.829480e-01 7.804000e-03 2.092480e-01
143 7.816560e-01 7.768000e-03 2.105760e-01
144 7.803800e-01 7.744000e-03 2.118760e-01
145 7.790840e-01 7.688000e-03 2.132280e-01
146 7.778800e-01 7.560000e-03 2.145600e-01
147 7.765400e-01 7.596000e-03 2.158640e-01
148 7.752320e-01 7.556000e-03 2.172120e-01
149 7.739360e-01 7.588000e-03 2.184760e-01
150 7.728360e-01 7.388000e-03 2.197760e-01
151 7.715520e-01 7.344000e-03 2.211040e-01
152 7.702400e-01 7.340000e-03 2.224200e-01
153 7.691360e-01 7.116000e-03 2.237480e-01
154 7.679840e-01 7.020000e-03 2.249960e-01
155 7.667360e-01 7.012000e-03 2.262520e-01
156 7.655440e-01 6.924000e-03 2.275320e-01
157 7.644360e-01 6.732000e-03 2.288320e-01
158 7.633920e-01 6.724000e-03 2.298840e-01
159 7.621200e-01 6.852000e-03 2.310280e-01
160 7.609840e-01 6.732000e-03 2.322840e-01
161 7.597600e-01 6.744000e-03 2.334960e-01
162 7.587200e-01 6.628000e-03 2.346520e-01
163 7.576200e-01 6.516000e-03 2.358640e-01
164 7.564440e-01 6.528000e-03 2.370280e-01
165 7.552120e-01 6.676000e-03 2.381120e-01
166 7.539480e-01 6.768000e-03 2.392840e-01
167 7.528160e-01 6.676000e-03 2.405080e-01
168 7.516720e-01 6.588000e-03 2.417400e-01
169 7.505480e-01 6.604000e-03 2.428480e-01
170 7.493840e-01 6.548000e-03 2.440680e-01
171 7.481840e-01 6.716000e-03 2.451000e-01
172 7.469000e-01 6.788000e-03 2.463120e-01
173 7.457080e-01 6.812000e-03 2.474800e-01
174 7.444720e-01 6.764000e-03 2.487640e-01
175 7.432880e-01 6.740000e-03 2.499720e-01
176 7.419600e-01 6.900000e-03 2.511400e-01
177 7.408040e-01 6.920000e-03 2.522760e-01
178 7.396680e-01 6.828000e-03 2.535040e-01
179 7.385320e-01 6.880000e-03 2.545880e-01
180 7.372800e-01 6.896000e-03 2.558240e-01
181 7.359720e-01 6.932000e-03 2.570960e-01
182 7.347920e-01 6.864000e-03 2.583440e-01
183 7.334960e-01 6.952000e-03 2.595520e-01
184 7.322960e-01 6.952000e-03 2.607520e-01
185 7.311240e-01 6.796000e-03 2.620800e-01
186 7.298120e-01 6.864000e-03 2.633240e-01
187 7.286320e-01 6.904000e-03 2.644640e-01
188 7.275440e-01 6.828000e-03 2.656280e-01
189 7.265160e-01 6.664000e-03 2.668200e-01
190 7.253760e-01 6.596000e-03 2.680280e-01
191 7.241880e-01 6.728000e-03 2.690840e-01
192 7.231280e-01 6.636000e-03 2.702360e-01
193 7.221720e-01 6.484000e-03 2.713440e-01
194 7.212120e-01 6.444000e-03 2.723440e-01
195 7.202120e-01 6.252000e-03 2.735360e-01
196 7.191920e-01 6.272000e-03 2.745360e-01
197 7.182240e-01 6.184000e-03 2.755920e-01
198 7.172760e-01 6.044000e-03 2.766800e-01
199 7.163680e-01 5.936000e-03 2.776960e-01
200 7.154560e-01 5.812000e-03 2.787320e-01
201 7.145720e-01 5.632000e-03 2.797960e-01
202 7.135880e-01 5.684000e-03 2.807280e-01
203 7.127040e-01 5.548000e-03 2.817480e-01
204 7.119200e-01 5.296000e-03 2.827840e-01
205 7.109640e-01 5.284000e-03 2.837520e-01
206 7.099200e-01 5.464000e-03 2.846160e-01
207 7.090440e-01 5.512000e-03 2.854440e-01
208 7.082200e-01 5.332000e-03 2.864480e-01
209 7.072880e-01 5.316000e-03 2.873960e-01
210 7.063400e-01 5.320000e-03 2.883400e-01
211 7.053680e-01 5.400000e-03 2.892320e-01
212 7.043720e-01 5.512000e-03 2.901160e-01
213 7.034200e-01 5.532000e-03 2.910480e-01
214 7.024960e-01 5.520000e-03 2.919840e-01
215 7.015600e-01 5.472000e-03 2.929680e-01
216 7.005840e-01 5.584000e-03 2.938320e-01
217 6.996640e-01 5.600000e-03 2.947360e-01
218 6.987680e-01 5.544000e-03 2.956880e-01
219 6.979720e-01 5.428000e-03 2.966000e-01
220 6.972240e-01 5.148000e-03 2.976280e-01
221 6.964280e-01 5.084000e-03 2.984880e-01
222 6.955320e-01 5.108000e-03 2.993600e-01
223 6.947680e-01 4.948000e-03 3.002840e-01
224 6.939040e-01 4.940000e-03 3.011560e-01
225 6.930560e-01 4.984000e-03 3.019600e-01
226 6.923280e-01 4.796000e-03 3.028760e-01
227 6.916520e-01 4.624000e-03 3.037240e-01
228 6.909120e-01 4.492000e-03 3.045960e-01
229 6.902160e-01 4.516000e-03 3.052680e-01
230 6.895440e-01 4.424000e-03 3.060320e-01
231 6.888840e-01 4.308000e-03 3.068080e-01
232 6.882920e-01 4.204000e-03 3.075040e-01
233 6.876240e-01 4.108000e-03 3.082680e-01
234 6.869680e-01 4.020000e-03 3.090120e-01
235 6.862600e-01 4.052000e-03 3.096880e-01
236 6.856200e-01 4.056000e-03 3.103240e-01
237 6.848680e-01 4.136000e-03 3.109960e-01
238 6.842480e-01 4.120000e-03 3.116320e-01
239 6.835840e-01 4.208000e-03 3.122080e-01
240 6.829920e-01 4.072000e-03 3.129360e-01
241 6.823240e-01 4.040000e-03 3.136360e-01
242 6.817040e-01 3.988000e-03 3.143080e-01
243 6.811240e-01 3.948000e-03 3.149280e-01
244 6.806640e-01 3.680000e-03 3.156560e-01
245 6.800280e-01 3.716000e-03 3.162560e-01
246 6.794160e-01 3.680000e-03 3.169040e-01
247 6.788640e-01 3.560000e-03 3.175760e-01
248 6.783120e-01 3.444000e-03 3.182440e-01
249 6.777920e-01 3.320000e-03 3.188880e-01
250 6.772520e-01 3.292000e-03 3.194560e-01
251 6.766760e-01 3.220000e-03 3.201040e-01
252 6.762520e-01 3.072000e-03 3.206760e-01
253 6.757960e-01 2.984000e-03 3.212200e-01
254 6.753200e-01 2.920000e-03 3.217600e-01
255 6.748400e-01 2.964000e-03 3.221960e-01
256 6.742640e-01 2.976000e-03 3.227600e-01
257 6.737240e-01 3.004000e-03 3.232720e-01
258 6.732080e-01 2.988000e-03 3.238040e-01
259 6.726680e-01 2.988000e-03 3.243440e-01
260 6.721640e-01 2.964000e-03 3.248720e-01
261 6.716640e-01 2.992000e-03 3.253440e-01
262 6.711720e-01 3.016000e-03 3.258120e-01
263 6.706400e-01 2.988000e-03 3.263720e-01
264 6.701120e-01 3.048000e-03 3.268400e-01
265 6.695480e-01 3.120000e-03 3.273320e-01
266 6.690160e-01 3.164000e-03 3.278200e-01
267 6.683520e-01 3.276000e-03 3.283720e-01
268 6.677800e-01 3.284000e-03 3.289360e-01
269 6.671360e-01 3.420000e-03 3.294440e-01
270 6.665240e-01 3.428000e-03 3.300480e-01
271 6.659400e-01 3.432000e-03 3.306280e-01
272 6.654920e-01 3.336000e-03 3.311720e-01
273 6.647240e-01 3.448000e-03 3.318280e-01
274 6.641560e-01 3.452000e-03 3.323920e-01
275 6.635680e-01 3.384000e-03 3.330480e-01
276 6.630240e-01 3.408000e-03 3.335680e-01
277 6.624680e-01 3.348000e-03 3.341840e-01
278 6.619080e-01 3.272000e-03 3.348200e-01
279 6.614040e-01 3.184000e-03 3.354120e-01
280 6.608160e-01 3.140000e-03 3.360440e-01
281 6.602280e-01 3.184000e-03 3.365880e-01
282 6.595720e-01 3.256000e-03 3.371720e-01
283 6.589520e-01 3.300000e-03 3.377480e-01
284 6.584080e-01 3.272000e-03 3.383200e-01
285 6.578760e-01 3.292000e-03 3.388320e-01
286 6.573120e-01 3.300000e-03 3.393880e-01
287 6.567920e-01 3.144000e-03 3.400640e-01
288 6.562680e-01 3.088000e-03 3.406440e-01
289 6.557000e-01 3.036000e-03 3.412640e-01
290 6.551920e-01 3.076000e-03 3.417320e-01
291 6.546160e-01 3.112000e-03 3.422720e-01
292 6.540520e-01 3.096000e-03 3.428520e-01
293 6.534920e-01 3.048000e-03 3.434600e-01
294 6.529160e-01 3.044000e-03 3.440400e-01
295 6.524360e-01 3.008000e-03 3.445560e-01
296 6.519120e-01 2.984000e-03 3.451040e-01
297 6.514280e-01 2.900000e-03 3.456720e-01
298 6.508920e-01 2.892000e-03 3.462160e-01
299 6.504080e-01 2.864000e-03 3.467280e-01
300 6.498960e-01 2.828000e-03 3.472760e-01
301 6.494040e-01 2.828000e-03 3.477680e-01
302 6.489600e-01 2.824000e-03 3.482160e-01
303 6.484480e-01 2.820000e-03 3.487320e-01
304 6.479800e-01 2.764000e-03 3.492560e-01
305 6.474760e-01 2.784000e-03 3.497400e-01
306 6.470000e-01 2.764000e-03 3.502360e-01
307 6.465080e-01 2.780000e-03 3.507120e-01
308 6.460760e-01 2.748000e-03 3.511760e-01
309 6.456320e-01 2.732000e-03 3.516360e-01
310 6.451600e-01 2.684000e-03 3.521560e-01
311 6.447600e-01 2.624000e-03 3.526160e-01
312 6.442960e-01 2.612000e-03 3.530920e-01
313 6.438040e-01 2.592000e-03 3.536040e-01
314 6.434120e-01 2.552000e-03 3.540360e-01
315 6.429920e-01 2.500000e-03 3.545080e-01
316 6.424640e-01 2.648000e-03 3.548880e-01
317 6.420160e-01 2.604000e-03 3.553800e-01
318 6.414760e-01 2.712000e-03 3.558120e-01
319 6.409800e-01 2.724000e-03 3.562960e-01
320 6.404640e-01 2.712000e-03 3.568240e-01
321 6.399880e-01 2.764000e-03 3.572480e-01
322 6.394200e-01 2.832000e-03 3.577480e-01
323 6.389480e-01 2.792000e-03 3.582600e-01
324 6.384760e-01 2.760000e-03 3.587640e-01
325 6.380880e-01 2.744000e-03 3.591680e-01
326 6.376960e-01 2.708000e-03 3.595960e-01
327 6.372320e-01 2.696000e-03 3.600720e-01
328 6.367760e-01 2.684000e-03 3.605400e-01
329 6.362000e-01 2.752000e-03 3.610480e-01
330 6.357600e-01 2.672000e-03 3.615680e-01
331 6.351680e-01 2.816000e-03 3.620160e-01
332 6.346960e-01 2.764000e-03 3.625400e-01
333 6.341960e-01 2.764000e-03 3.630400e-01
334 6.337120e-01 2.820000e-03 3.634680e-01
335 6.331640e-01 2.796000e-03 3.640400e-01
336 6.325600e-01 2.860000e-03 3.645800e-01
337 6.320480e-01 2.816000e-03 3.651360e-01
338 6.315560e-01 2.832000e-03 3.656120e-01
339 6.310400e-01 2.852000e-03 3.661080e-01
340 6.305200e-01 2.884000e-03 3.665960e-01
341 6.301440e-01 2.776000e-03 3.670800e-01
342 6.297760e-01 2.672000e-03 3.675520e-01
343 6.294160e-01 2.532000e-03 3.680520e-01
344 6.290800e-01 2.396000e-03 3.685240e-01
345 6.286200e-01 2.416000e-03 3.689640e-01
346 6.282360e-01 2.332000e-03 3.694320e-01
347 6.278280e-01 2.392000e-03 3.697800e-01
348 6.274440e-01 2.356000e-03 3.702000e-01
349 6.270280e-01 2.416000e-03 3.705560e-01
350 6.266920e-01 2.340000e-03 3.709680e-01
351 6.263200e-01 2.276000e-03 3.714040e-01
352 6.259040e-01 2.304000e-03 3.717920e-01
353 6.255520e-01 2.256000e-03 3.721920e-01
354 6.251480e-01 2.232000e-03 3.726200e-01
355 6.247600e-01 2.248000e-03 3.729920e-01
356 6.243520e-01 2.264000e-03 3.733840e-01
357 6.239360e-01 2.308000e-03 3.737560e-01
358 6.235360e-01 2.280000e-03 3.741840e-01
359 6.231920e-01 2.244000e-03 3.745640e-01
360 6.227960e-01 2.248000e-03 3.749560e-01
361 6.224480e-01 2.260000e-03 3.752920e-01
362 6.219840e-01 2.316000e-03 3.757000e-01
363 6.215520e-01 2.364000e-03 3.760840e-01
364 6.211600e-01 2.404000e-03 3.764360e-01
365 6.206800e-01 2.472000e-03 3.768480e-01
366 6.202600e-01 2.436000e-03 3.773040e-01
367 6.199000e-01 2.440000e-03 3.776600e-01
368 6.194720e-01 2.452000e-03 3.780760e-01
369 6.190480e-01 2.484000e-03 3.784680e-01
370 6.186400e-01 2.460000e-03 3.789000e-01
371 6.182160e-01 2.440000e-03 3.793440e-01
372 6.177160e-01 2.496000e-03 3.797880e-01
373 6.171920e-01 2.600000e-03 3.802080e-01
374 6.166800e-01 2.616000e-03 3.807040e-01
375 6.162640e-01 2.520000e-03 3.812160e-01
376 6.158600e-01 2.468000e-03 3.816720e-01
377 6.154160e-01 2.408000e-03 3.821760e-01
378 6.149600e-01 2.416000e-03 3.826240e-01
379 6.144920e-01 2.476000e-03 3.830320e-01
380 6.141040e-01 2.428000e-03 3.834680e-01
381 6.136840e-01 2.376000e-03 3.839400e-01
382 6.132600e-01 2.460000e-03 3.842800e-01
383 6.129320e-01 2.448000e-03 3.846200e-01
384 6.125680e-01 2.432000e-03 3.850000e-01
385 6.122680e-01 2.328000e-03 3.854040e-01
386 6.118680e-01 2.308000e-03 3.858240e-01
387 6.114480e-01 2.328000e-03 3.862240e-01
388 6.110320e-01 2.348000e-03 3.866200e-01
389 6.105840e-01 2.340000e-03 3.870760e-01
390 6.101840e-01 2.340000e-03 3.874760e-01
391 6.097440e-01 2.388000e-03 3.878680e-01
392 6.093240e-01 2.348000e-03 3.883280e-01
393 6.088760e-01 2.444000e-03 3.886800e-01
394 6.084040e-01 2.484000e-03 3.891120e-01
395 6.079240e-01 2.508000e-03 3.895680e-01
396 6.074720e-01 2.492000e-03 3.900360e-01
397 6.070920e-01 2.440000e-03 3.904680e-01
398 6.067200e-01 2.424000e-03 3.908560e-01
399 6.063760e-01 2.352000e-03 3.912720e-01
400 6.060880e-01 2.236000e-03 3.916760e-01
401 6.057480e-01 2.164000e-03 3.920880e-01
402 6.054920e-01 2.028000e-03 3.924800e-01
403 6.052080e-01 2.008000e-03 3.927840e-01
404 6.049840e-01 1.936000e-03 3.930800e-01
405 6.046440e-01 1.948000e-03 3.934080e-01
406 6.043480e-01 1.988000e-03 3.936640e-01
407 6.039760e-01 1.960000e-03 3.940640e-01
408 6.036520e-01 1.952000e-03 3.943960e-01
409 6.033840e-01 1.868000e-03 3.947480e-01
410 6.031400e-01 1.780000e-03 3.950800e-01
411 6.029040e-01 1.704000e-03 3.953920e-01
412 6.026120e-01 1.676000e-03 3.957120e-01
413 6.023760e-01 1.580000e-03 3.960440e-01
414 6.020960e-01 1.580000e-03 3.963240e-01
415 6.018120e-01 1.616000e-03 3.965720e-01
416 6.015960e-01 1.576000e-03 3.968280e-01
417 6.013160e-01 1.644000e-03 3.970400e-01
418 6.010200e-01 1.608000e-03 3.973720e-01
419 6.007720e-01 1.580000e-03 3.976480e-01
420 6.005200e-01 1.552000e-03 3.979280e-01
421 6.002480e-01 1.592000e-03 3.981600e-01
422 5.999760e-01 1.592000e-03 3.984320e-01
423 5.996960e-01 1.632000e-03 3.986720e-01
424 5.993600e-01 1.620000e-03 3.990200e-01
425 5.990840e-01 1.640000e-03 3.992760e-01
426 5.988080e-01 1.568000e-03 3.996240e-01
427 5.985440e-01 1.588000e-03 3.998680e-01
428 5.983320e-01 1.556000e-03 4.001120e-01
429 5.980360e-01 1.528000e-03 4.004360e-01
430 5.977960e-01 1.456000e-03 4.007480e-01
431 5.975600e-01 1.396000e-03 4.010440e-01
432 5.973560e-01 1.332000e-03 4.013120e-01
433 5.971360e-01 1.364000e-03 4.015000e-01
434 5.968960e-01 1.352000e-03 4.017520e-01
435 5.967120e-01 1.260000e-03 4.020280e-01
436 5.965000e-01 1.248000e-03 4.022520e-01
437 5.962640e-01 1.268000e-03 4.024680e-01
438 5.959440e-01 1.328000e-03 4.027280e-01
439 5.956720e-01 1.360000e-03 4.029680e-01
440 5.954760e-01 1.340000e-03 4.031840e-01
441 5.952600e-01 1.316000e-03 4.034240e-01
442 5.950360e-01 1.316000e-03 4.036480e-01
443 5.948040e-01 1.336000e-03 4.038600e-01
444 5.945840e-01 1.316000e-03 4.041000e-01
445 5.943680e-01 1.244000e-03 4.043880e-01
446 5.941280e-01 1.292000e-03 4.045800e-01
447 5.939480e-01 1.300000e-03 4.047520e-01
448 5.937120e-01 1.328000e-03 4.049600e-01
449 5.934760e-01 1.376000e-03 4.051480e-01
450 5.932760e-01 1.384000e-03 4.053400e-01
451 5.930440e-01 1.372000e-03 4.055840e-01
452 5.927320e-01 1.468000e-03 4.058000e-01
453 5.924720e-01 1.436000e-03 4.060920e-01
454 5.922480e-01 1.368000e-03 4.063840e-01
455 5.920720e-01 1.276000e-03 4.066520e-01
456 5.918640e-01 1.260000e-03 4.068760e-01
457 5.916120e-01 1.292000e-03 4.070960e-01
458 5.913400e-01 1.388000e-03 4.072720e-01
459 5.911200e-01 1.364000e-03 4.075160e-01
460 5.909280e-01 1.268000e-03 4.078040e-01
461 5.907200e-01 1.272000e-03 4.080080e-01
462 5.905760e-01 1.228000e-03 4.081960e-01
463 5.904040e-01 1.180000e-03 4.084160e-01
464 5.902000e-01 1.188000e-03 4.086120e-01
465 5.900160e-01 1.188000e-03 4.087960e-01
466 5.898240e-01 1.132000e-03 4.090440e-01
467 5.896520e-01 1.096000e-03 4.092520e-01
468 5.894400e-01 1.144000e-03 4.094160e-01
469 5.891840e-01 1.224000e-03 4.095920e-01
470 5.890160e-01 1.204000e-03 4.097800e-01
471 5.887440e-01 1.248000e-03 4.100080e-01
472 5.885760e-01 1.216000e-03 4.102080e-01
473 5.883120e-01 1.268000e-03 4.104200e-01
474 5.881280e-01 1.216000e-03 4.106560e-01
475 5.879960e-01 1.088000e-03 4.109160e-01
476 5.878040e-01 1.112000e-03 4.110840e-01
477 5.875880e-01 1.148000e-03 4.112640e-01
478 5.873520e-01 1.200000e-03 4.114480e-01
479 5.872360e-01 1.104000e-03 4.116600e-01
480 5.871000e-01 1.048000e-03 4.118520e-01
481 5.869800e-01 9.840000e-04 4.120360e-01
482 5.868240e-01 9.560000e-04 4.122200e-01
483 5.866720e-01 9.520000e-04 4.123760e-01
484 5.865320e-01 9.200000e-04 4.125480e-01
485 5.862840e-01 9.760000e-04 4.127400e-01
486 5.860360e-01 1.032000e-03 4.129320e-01
487 5.858560e-01 1.016000e-03 4.131280e-01
488 5.856760e-01 1.004000e-03 4.133200e-01
489 5.855360e-01 9.480000e-04 4.135160e-01
490 5.853800e-01 9.600000e-04 4.136600e-01
491 5.851800e-01 1.032000e-03 4.137880e-01
492 5.850560e-01 9.640000e-04 4.139800e-01
493 5.849280e-01 9.280000e-04 4.141440e-01
494 5.848200e-01 8.560000e-04 4.143240e-01
495 5.846680e-01 8.240000e-04 4.145080e-01
496 5.845360e-01 8.200000e-04 4.146440e-01
497 5.844000e-01 8.080000e-04 4.147920e-01
498 5.842920e-01 7.880000e-04 4.149200e-01
499 5.842000e-01 7.440000e-04 4.150560e-01
500 5.841120e-01 6.880000e-04 4.152000e-01
