1 9.992600e-01 6.200000e-04 1.200000e-04
2 9.987640e-01 1.016000e-03 2.200000e-04
3 9.981520e-01 1.420000e-03 4.280000e-04
4 9.974240e-01 1.888000e-03 6.880000e-04
5 9.965520e-01 2.344000e-03 1.104000e-03
6 9.956720e-01 2.812000e-03 1.516000e-03
7 9.946800e-01 3.212000e-03 2.108000e-03
8 9.935520e-01 3.692000e-03 2.756000e-03
9 9.924720e-01 4.104000e-03 3.424000e-03
10 9.913520e-01 4.408000e-03 4.240000e-03
11 9.901760e-01 4.836000e-03 4.988000e-03
12 9.890440e-01 5.052000e-03 5.904000e-03
13 9.878800e-01 5.300000e-03 6.820000e-03
14 9.866280e-01 5.568000e-03 7.804000e-03
15 9.853640e-01 5.848000e-03 8.788000e-03
16 9.841600e-01 5.948000e-03 9.892000e-03
17 9.828720e-01 6.244000e-03 1.088400e-02
18 9.814480e-01 6.572000e-03 1.198000e-02
19 9.801440e-01 6.796000e-03 1.306000e-02
20 9.785960e-01 7.148000e-03 1.425600e-02
21 9.771120e-01 7.440000e-03 1.544800e-02
22 9.756680e-01 7.644000e-03 1.668800e-02
23 9.742920e-01 7.724000e-03 1.798400e-02
24 9.727680e-01 7.892000e-03 1.934000e-02
25 9.711280e-01 8.036000e-03 2.083600e-02
26 9.694320e-01 8.336000e-03 2.223200e-02
27 9.678480e-01 8.468000e-03 2.368400e-02
28 9.661880e-01 8.648000e-03 2.516400e-02
29 9.646400e-01 8.720000e-03 2.664000e-02
30 9.631320e-01 8.660000e-03 2.820800e-02
31 9.615520e-01 8.672000e-03 2.977600e-02
32 9.600320e-01 8.724000e-03 3.124400e-02
33 9.583720e-01 8.776000e-03 3.285200e-02
34 9.568800e-01 8.656000e-03 3.446400e-02
35 9.553120e-01 8.756000e-03 3.593200e-02
36 9.536040e-01 8.876000e-03 3.752000e-02
37 9.520000e-01 8.988000e-03 3.901200e-02
38 9.502480e-01 9.104000e-03 4.064800e-02
39 9.487760e-01 8.932000e-03 4.229200e-02
40 9.470720e-01 9.152000e-03 4.377600e-02
41 9.451760e-01 9.520000e-03 4.530400e-02
42 9.433880e-01 9.572000e-03 4.704000e-02
43 9.416080e-01 9.660000e-03 4.873200e-02
44 9.399400e-01 9.608000e-03 5.045200e-02
45 9.380280e-01 9.960000e-03 5.201200e-02
46 9.361800e-01 1.010800e-02 5.371200e-02
47 9.340720e-01 1.030800e-02 5.562000e-02
48 9.320080e-01 1.044000e-02 5.755200e-02
49 9.303400e-01 1.028400e-02 5.937600e-02
50 9.284400e-01 1.044000e-02 6.112000e-02
51 9.265680e-01 1.044800e-02 6.298400e-02
52 9.246040e-01 1.046400e-02 6.493200e-02
53 9.225760e-01 1.075600e-02 6.666800e-02
54 9.204880e-01 1.109200e-02 6.842000e-02
55 9.186160e-01 1.114000e-02 7.024400e-02
56 9.164800e-01 1.144400e-02 7.207600e-02
57 9.143760e-01 1.158400e-02 7.404000e-02
58 9.122360e-01 1.165600e-02 7.610800e-02
59 9.100240e-01 1.177200e-02 7.820400e-02
60 9.078520e-01 1.174800e-02 8.040000e-02
61 9.058960e-01 1.173600e-02 8.236800e-02
62 9.038520e-01 1.177200e-02 8.437600e-02
63 9.017720e-01 1.175200e-02 8.647600e-02
64 8.996560e-01 1.186400e-02 8.848000e-02
65 8.975600e-01 1.198400e-02 9.045600e-02
66 8.956240e-01 1.190000e-02 9.247600e-02
67 8.934920e-01 1.187600e-02 9.463200e-02
68 8.915520e-01 1.177600e-02 9.667200e-02
69 8.895520e-01 1.166000e-02 9.878800e-02
70 8.876120e-01 1.164400e-02 1.007440e-01
71 8.855880e-01 1.161200e-02 1.028000e-01
72 8.835720e-01 1.160800e-02 1.048200e-01
73 8.815880e-01 1.148000e-02 1.069320e-01
74 8.796640e-01 1.132000e-02 1.090160e-01
75 8.778360e-01 1.116000e-02 1.110040e-01
76 8.759160e-01 1.117200e-02 1.129120e-01
77 8.739720e-01 1.123200e-02 1.147960e-01
78 8.719680e-01 1.112000e-02 1.169120e-01
79 8.699080e-01 1.114000e-02 1.189520e-01
80 8.679600e-01 1.123200e-02 1.208080e-01
81 8.658880e-01 1.134000e-02 1.227720e-01
82 8.640400e-01 1.101600e-02 1.249440e-01
83 8.622200e-01 1.084400e-02 1.269360e-01
84 8.602880e-01 1.086400e-02 1.288480e-01
85 8.583720e-01 1.086800e-02 1.307600e-01
86 8.564240e-01 1.098000e-02 1.325960e-01
87 8.544680e-01 1.111200e-02 1.344200e-01
88 8.524280e-01 1.117200e-02 1.364000e-01
89 8.504080e-01 1.121200e-02 1.383800e-01
90 8.484360e-01 1.110400e-02 1.404600e-01
91 8.464120e-01 1.114800e-02 1.424400e-01
92 8.442480e-01 1.128400e-02 1.444680e-01
93 8.422240e-01 1.120400e-02 1.465720e-01
94 8.401760e-01 1.125600e-02 1.485680e-01
95 8.380840e-01 1.146800e-02 1.504480e-01
96 8.362560e-01 1.119600e-02 1.525480e-01
97 8.341600e-01 1.142800e-02 1.544120e-01
98 8.321400e-01 1.137600e-02 1.564840e-01
99 8.300880e-01 1.141200e-02 1.585000e-01
100 8.280000e-01 1.149200e-02 1.605080e-01
101 8.260080e-01 1.141600e-02 1.625760e-01
102 8.241200e-01 1.122400e-02 1.646560e-01
103 8.222680e-01 1.106400e-02 1.666680e-01
104 8.203600e-01 1.111600e-02 1.685240e-01
105 8.185320e-01 1.104000e-02 1.704280e-01
106 8.167880e-01 1.095600e-02 1.722560e-01
107 8.148320e-01 1.103200e-02 1.741360e-01
108 8.129120e-01 1.112400e-02 1.759640e-01
109 8.110120e-01 1.110000e-02 1.778880e-01
110 8.091360e-01 1.113600e-02 1.797280e-01
111 8.073400e-01 1.093200e-02 1.817280e-01
112 8.055320e-01 1.078800e-02 1.836800e-01
113 8.038200e-01 1.062800e-02 1.855520e-01
114 8.020840e-01 1.049600e-02 1.874200e-01
115 8.004560e-01 1.032800e-02 1.892160e-01
116 7.986960e-01 1.012400e-02 1.911800e-01
117 7.971440e-01 9.876000e-03 1.929800e-01
118 7.956000e-01 9.808000e-03 1.945920e-01
119 7.939200e-01 9.756000e-03 1.963240e-01
120 7.922560e-01 9.740000e-03 1.980040e-01
121 7.904920e-01 9.828000e-03 1.996800e-01
122 7.887600e-01 9.784000e-03 2.014560e-01
123 7.870440e-01 9.856000e-03 2.031000e-01
124 7.852480e-01 9.964000e-03 2.047880e-01
125 7.834040e-01 1.002800e-02 2.065680e-01
126 7.815680e-01 1.004400e-02 2.083880e-01
127 7.797760e-01 9.912000e-03 2.103120e-01
128 7.779120e-01 1.003200e-02 2.120560e-01
129 7.762760e-01 9.836000e-03 2.138880e-01
130 7.745120e-01 9.896000e-03 2.155920e-01
131 7.726120e-01 1.011600e-02 2.172720e-01
132 7.709120e-01 1.004800e-02 2.190400e-01
133 7.693200e-01 9.832000e-03 2.208480e-01
134 7.677640e-01 9.580000e-03 2.226560e-01
135 7.662120e-01 9.488000e-03 2.243000e-01
136 7.646880e-01 9.436000e-03 2.258760e-01
137 7.631760e-01 9.240000e-03 2.275840e-01
138 7.615160e-01 9.244000e-03 2.292400e-01
139 7.599640e-01 9.144000e-03 2.308920e-01
140 7.583640e-01 9.048000e-03 2.325880e-01
141 7.567520e-01 9.148000e-03 2.341000e-01
142 7.552200e-01 9.036000e-03 2.357440e-01
143 7.536080e-01 9.080000e-03 2.373120e-01
144 7.520160e-01 9.244000e-03 2.387400e-01
145 7.505600e-01 9.016000e-03 2.404240e-01
146 7.491360e-01 8.952000e-03 2.419120e-01
147 7.476120e-01 8.888000e-03 2.435000e-01
148 7.460240e-01 8.944000e-03 2.450320e-01
149 7.444000e-01 8.960000e-03 2.466400e-01
150 7.428240e-01 8.972000e-03 2.482040e-01
151 7.413120e-01 8.940000e-03 2.497480e-01
152 7.398160e-01 8.864000e-03 2.513200e-01
153 7.383080e-01 8.812000e-03 2.528800e-01
154 7.367120e-01 8.832000e-03 2.544560e-01
155 7.353080e-01 8.612000e-03 2.560800e-01
156 7.339080e-01 8.388000e-03 2.577040e-01
157 7.324120e-01 8.516000e-03 2.590720e-01
158 7.310120e-01 8.608000e-03 2.603800e-01
159 7.295720e-01 8.488000e-03 2.619400e-01
160 7.281840e-01 8.396000e-03 2.634200e-01
161 7.267280e-01 8.456000e-03 2.648160e-01
162 7.253120e-01 8.416000e-03 2.662720e-01
163 7.238000e-01 8.460000e-03 2.677400e-01
164 7.223800e-01 8.364000e-03 2.692560e-01
165 7.209760e-01 8.328000e-03 2.706960e-01
166 7.194720e-01 8.376000e-03 2.721520e-01
167 7.181200e-01 8.288000e-03 2.735920e-01
168 7.167760e-01 8.236000e-03 2.749880e-01
169 7.156400e-01 7.992000e-03 2.763680e-01
170 7.143840e-01 7.912000e-03 2.777040e-01
171 7.130680e-01 7.792000e-03 2.791400e-01
172 7.117480e-01 7.764000e-03 2.804880e-01
173 7.105000e-01 7.676000e-03 2.818240e-01
174 7.091360e-01 7.716000e-03 2.831480e-01
175 7.079480e-01 7.576000e-03 2.844760e-01
176 7.068240e-01 7.300000e-03 2.858760e-01
177 7.056920e-01 7.220000e-03 2.870880e-01
178 7.045360e-01 7.160000e-03 2.883040e-01
179 7.033200e-01 7.148000e-03 2.895320e-01
180 7.021600e-01 7.036000e-03 2.908040e-01
181 7.009000e-01 7.060000e-03 2.920400e-01
182 6.996200e-01 7.156000e-03 2.932240e-01
183 6.983640e-01 7.068000e-03 2.945680e-01
184 6.970600e-01 7.116000e-03 2.958240e-01
185 6.957160e-01 7.100000e-03 2.971840e-01
186 6.945040e-01 6.988000e-03 2.985080e-01
187 6.934440e-01 6.776000e-03 2.997800e-01
188 6.923040e-01 6.676000e-03 3.010200e-01
189 6.911360e-01 6.696000e-03 3.021680e-01
190 6.900080e-01 6.700000e-03 3.032920e-01
191 6.888840e-01 6.628000e-03 3.044880e-01
192 6.878480e-01 6.508000e-03 3.056440e-01
193 6.866160e-01 6.488000e-03 3.068960e-01
194 6.853560e-01 6.452000e-03 3.081920e-01
195 6.842120e-01 6.460000e-03 3.093280e-01
196 6.831240e-01 6.476000e-03 3.104000e-01
197 6.820440e-01 6.484000e-03 3.114720e-01
198 6.810000e-01 6.392000e-03 3.126080e-01
199 6.799200e-01 6.400000e-03 3.136800e-01
200 6.789240e-01 6.348000e-03 3.147280e-01
201 6.779440e-01 6.272000e-03 3.157840e-01
202 6.769720e-01 6.160000e-03 3.168680e-01
203 6.760960e-01 6.028000e-03 3.178760e-01
204 6.749840e-01 6.080000e-03 3.189360e-01
205 6.739840e-01 6.008000e-03 3.200080e-01
206 6.730080e-01 5.968000e-03 3.210240e-01
207 6.721160e-01 5.900000e-03 3.219840e-01
208 6.712560e-01 5.724000e-03 3.230200e-01
209 6.704000e-01 5.620000e-03 3.239800e-01
210 6.694520e-01 5.632000e-03 3.249160e-01
211 6.685000e-01 5.620000e-03 3.258800e-01
212 6.676160e-01 5.588000e-03 3.267960e-01
213 6.666800e-01 5.512000e-03 3.278080e-01
214 6.656560e-01 5.584000e-03 3.287600e-01
215 6.647120e-01 5.560000e-03 3.297280e-01
216 6.637280e-01 5.608000e-03 3.306640e-01
217 6.628840e-01 5.512000e-03 3.316040e-01
218 6.619880e-01 5.604000e-03 3.324080e-01
219 6.610560e-01 5.568000e-03 3.333760e-01
220 6.602080e-01 5.376000e-03 3.344160e-01
221 6.593680e-01 5.284000e-03 3.353480e-01
222 6.583440e-01 5.412000e-03 3.362440e-01
223 6.574040e-01 5.328000e-03 3.372680e-01
224 6.565680e-01 5.172000e-03 3.382600e-01
225 6.555840e-01 5.144000e-03 3.392720e-01
226 6.546920e-01 5.204000e-03 3.401040e-01
227 6.537240e-01 5.200000e-03 3.410760e-01
228 6.526240e-01 5.412000e-03 3.419640e-01
229 6.515960e-01 5.456000e-03 3.429480e-01
230 6.505600e-01 5.576000e-03 3.438640e-01
231 6.495360e-01 5.552000e-03 3.449120e-01
232 6.485840e-01 5.540000e-03 3.458760e-01
233 6.475280e-01 5.644000e-03 3.468280e-01
234 6.467000e-01 5.496000e-03 3.478040e-01
235 6.457760e-01 5.444000e-03 3.487800e-01
236 6.449120e-01 5.312000e-03 3.497760e-01
237 6.440120e-01 5.340000e-03 3.506480e-01
238 6.431720e-01 5.300000e-03 3.515280e-01
239 6.423040e-01 5.228000e-03 3.524680e-01
240 6.414520e-01 5.180000e-03 3.533680e-01
241 6.406000e-01 5.164000e-03 3.542360e-01
242 6.398520e-01 5.056000e-03 3.550920e-01
243 6.390520e-01 5.060000e-03 3.558880e-01
244 6.383240e-01 4.948000e-03 3.567280e-01
245 6.376480e-01 4.744000e-03 3.576080e-01
246 6.370120e-01 4.524000e-03 3.584640e-01
247 6.362520e-01 4.480000e-03 3.592680e-01
248 6.356400e-01 4.388000e-03 3.599720e-01
249 6.348880e-01 4.352000e-03 3.607600e-01
250 6.342160e-01 4.340000e-03 3.614440e-01
251 6.335040e-01 4.364000e-03 3.621320e-01
252 6.327840e-01 4.320000e-03 3.628960e-01
253 6.321120e-01 4.164000e-03 3.637240e-01
254 6.313320e-01 4.216000e-03 3.644520e-01
255 6.306400e-01 4.128000e-03 3.652320e-01
256 6.298360e-01 4.252000e-03 3.659120e-01
257 6.291440e-01 4.220000e-03 3.666360e-01
258 6.284520e-01 4.168000e-03 3.673800e-01
259 6.277960e-01 4.088000e-03 3.681160e-01
260 6.270440e-01 4.080000e-03 3.688760e-01
261 6.263680e-01 4.064000e-03 3.695680e-01
262 6.256800e-01 4.000000e-03 3.703200e-01
263 6.248720e-01 4.052000e-03 3.710760e-01
264 6.242520e-01 4.024000e-03 3.717240e-01
265 6.235720e-01 3.912000e-03 3.725160e-01
266 6.229560e-01 3.872000e-03 3.731720e-01
267 6.223040e-01 3.864000e-03 3.738320e-01
268 6.215320e-01 4.048000e-03 3.744200e-01
269 6.207600e-01 4.092000e-03 3.751480e-01
270 6.201200e-01 4.092000e-03 3.757880e-01
271 6.195080e-01 3.956000e-03 3.765360e-01
272 6.189160e-01 3.940000e-03 3.771440e-01
273 6.182440e-01 3.936000e-03 3.778200e-01
274 6.177160e-01 3.744000e-03 3.785400e-01
275 6.172120e-01 3.604000e-03 3.791840e-01
276 6.165760e-01 3.680000e-03 3.797440e-01
277 6.159760e-01 3.688000e-03 3.803360e-01
278 6.153480e-01 3.656000e-03 3.809960e-01
279 6.147640e-01 3.672000e-03 3.815640e-01
280 6.141640e-01 3.632000e-03 3.822040e-01
281 6.136600e-01 3.480000e-03 3.828600e-01
282 6.130360e-01 3.480000e-03 3.834840e-01
283 6.124600e-01 3.420000e-03 3.841200e-01
284 6.118960e-01 3.324000e-03 3.847800e-01
285 6.113880e-01 3.300000e-03 3.853120e-01
286 6.108320e-01 3.304000e-03 3.858640e-01
287 6.102240e-01 3.316000e-03 3.864600e-01
288 6.096920e-01 3.280000e-03 3.870280e-01
289 6.093000e-01 3.084000e-03 3.876160e-01
290 6.089120e-01 2.968000e-03 3.881200e-01
291 6.084240e-01 2.976000e-03 3.886000e-01
292 6.079480e-01 2.952000e-03 3.891000e-01
293 6.076120e-01 2.788000e-03 3.896000e-01
294 6.071680e-01 2.780000e-03 3.900520e-01
295 6.067640e-01 2.664000e-03 3.905720e-01
296 6.063680e-01 2.612000e-03 3.910200e-01
297 6.059120e-01 2.536000e-03 3.915520e-01
298 6.054640e-01 2.532000e-03 3.920040e-01
299 6.050960e-01 2.516000e-03 3.923880e-01
300 6.046120e-01 2.580000e-03 3.928080e-01
301 6.042160e-01 2.524000e-03 3.932600e-01
302 6.037720e-01 2.580000e-03 3.936480e-01
303 6.032960e-01 2.600000e-03 3.941040e-01
304 6.028080e-01 2.564000e-03 3.946280e-01
305 6.024480e-01 2.428000e-03 3.951240e-01
306 6.021280e-01 2.400000e-03 3.954720e-01
307 6.017320e-01 2.296000e-03 3.959720e-01
308 6.013200e-01 2.252000e-03 3.964280e-01
309 6.008240e-01 2.404000e-03 3.967720e-01
310 6.003560e-01 2.424000e-03 3.972200e-01
311 5.999240e-01 2.460000e-03 3.976160e-01
312 5.993960e-01 2.560000e-03 3.980440e-01
313 5.989560e-01 2.528000e-03 3.985160e-01
314 5.985600e-01 2.432000e-03 3.990080e-01
315 5.980960e-01 2.428000e-03 3.994760e-01
316 5.977080e-01 2.456000e-03 3.998360e-01
317 5.973240e-01 2.468000e-03 4.002080e-01
318 5.969040e-01 2.480000e-03 4.006160e-01
319 5.965080e-01 2.460000e-03 4.010320e-01
320 5.960160e-01 2.512000e-03 4.014720e-01
321 5.955480e-01 2.524000e-03 4.019280e-01
322 5.950440e-01 2.660000e-03 4.022960e-01
323 5.945840e-01 2.672000e-03 4.027440e-01
324 5.941440e-01 2.644000e-03 4.032120e-01
325 5.937240e-01 2.556000e-03 4.037200e-01
326 5.932240e-01 2.644000e-03 4.041320e-01
327 5.927600e-01 2.668000e-03 4.045720e-01
328 5.923440e-01 2.648000e-03 4.050080e-01
329 5.918680e-01 2.704000e-03 4.054280e-01
330 5.913360e-01 2.776000e-03 4.058880e-01
331 5.908240e-01 2.732000e-03 4.064440e-01
332 5.903000e-01 2.696000e-03 4.070040e-01
333 5.898520e-01 2.632000e-03 4.075160e-01
334 5.894560e-01 2.668000e-03 4.078760e-01
335 5.889760e-01 2.676000e-03 4.083480e-01
336 5.884800e-01 2.692000e-03 4.088280e-01
337 5.881120e-01 2.564000e-03 4.093240e-01
338 5.876560e-01 2.620000e-03 4.097240e-01
339 5.872200e-01 2.648000e-03 4.101320e-01
340 5.867760e-01 2.548000e-03 4.106760e-01
341 5.862560e-01 2.596000e-03 4.111480e-01
342 5.858720e-01 2.512000e-03 4.116160e-01
343 5.854920e-01 2.460000e-03 4.120480e-01
344 5.850480e-01 2.512000e-03 4.124400e-01
345 5.845800e-01 2.496000e-03 4.129240e-01
346 5.840640e-01 2.548000e-03 4.133880e-01
347 5.835680e-01 2.628000e-03 4.138040e-01
348 5.830320e-01 2.684000e-03 4.142840e-01
349 5.825480e-01 2.680000e-03 4.147720e-01
350 5.820360e-01 2.696000e-03 4.152680e-01
351 5.815240e-01 2.736000e-03 4.157400e-01
352 5.810800e-01 2.656000e-03 4.162640e-01
353 5.805880e-01 2.664000e-03 4.167480e-01
354 5.800760e-01 2.668000e-03 4.172560e-01
355 5.796480e-01 2.644000e-03 4.177080e-01
356 5.792160e-01 2.636000e-03 4.181480e-01
357 5.787960e-01 2.628000e-03 4.185760e-01
358 5.783920e-01 2.492000e-03 4.191160e-01
359 5.780000e-01 2.372000e-03 4.196280e-01
360 5.775880e-01 2.296000e-03 4.201160e-01
361 5.772520e-01 2.196000e-03 4.205520e-01
362 5.768640e-01 2.208000e-03 4.209280e-01
363 5.764960e-01 2.196000e-03 4.213080e-01
364 5.760720e-01 2.200000e-03 4.217280e-01
365 5.757520e-01 2.148000e-03 4.221000e-01
366 5.753520e-01 2.204000e-03 4.224440e-01
367 5.749400e-01 2.224000e-03 4.228360e-01
368 5.745720e-01 2.232000e-03 4.231960e-01
369 5.741920e-01 2.232000e-03 4.235760e-01
370 5.739120e-01 2.124000e-03 4.239640e-01
371 5.735600e-01 2.124000e-03 4.243160e-01
372 5.732360e-01 2.076000e-03 4.246880e-01
373 5.730040e-01 1.948000e-03 4.250480e-01
374 5.726960e-01 1.900000e-03 4.254040e-01
375 5.724760e-01 1.752000e-03 4.257720e-01
376 5.722360e-01 1.752000e-03 4.260120e-01
377 5.719880e-01 1.744000e-03 4.262680e-01
378 5.717360e-01 1.656000e-03 4.266080e-01
379 5.713920e-01 1.704000e-03 4.269040e-01
380 5.711760e-01 1.636000e-03 4.271880e-01
381 5.708920e-01 1.668000e-03 4.274400e-01
382 5.706400e-01 1.596000e-03 4.277640e-01
383 5.703760e-01 1.592000e-03 4.280320e-01
384 5.701400e-01 1.600000e-03 4.282600e-01
385 5.698960e-01 1.544000e-03 4.285600e-01
386 5.696000e-01 1.588000e-03 4.288120e-01
387 5.693520e-01 1.616000e-03 4.290320e-01
388 5.691240e-01 1.576000e-03 4.293000e-01
389 5.688560e-01 1.584000e-03 4.295600e-01
390 5.685840e-01 1.576000e-03 4.298400e-01
391 5.682800e-01 1.632000e-03 4.300880e-01
392 5.680200e-01 1.616000e-03 4.303640e-01
393 5.677800e-01 1.540000e-03 4.306800e-01
394 5.675040e-01 1.552000e-03 4.309440e-01
395 5.672920e-01 1.484000e-03 4.312240e-01
396 5.670640e-01 1.460000e-03 4.314760e-01
397 5.668160e-01 1.436000e-03 4.317480e-01
398 5.666640e-01 1.300000e-03 4.320360e-01
399 5.664440e-01 1.356000e-03 4.322000e-01
400 5.662480e-01 1.332000e-03 4.324200e-01
401 5.660200e-01 1.368000e-03 4.326120e-01
402 5.657840e-01 1.404000e-03 4.328120e-01
403 5.655680e-01 1.408000e-03 4.330240e-01
404 5.653200e-01 1.388000e-03 4.332920e-01
405 5.650200e-01 1.432000e-03 4.335480e-01
406 5.648200e-01 1.364000e-03 4.338160e-01
407 5.646040e-01 1.360000e-03 4.340360e-01
408 5.644000e-01 1.308000e-03 4.342920e-01
409 5.642240e-01 1.276000e-03 4.345000e-01
410 5.640520e-01 1.236000e-03 4.347120e-01
411 5.638600e-01 1.176000e-03 4.349640e-01
412 5.636760e-01 1.136000e-03 4.351880e-01
413 5.634240e-01 1.180000e-03 4.353960e-01
414 5.632480e-01 1.124000e-03 4.356280e-01
415 5.630800e-01 1.140000e-03 4.357800e-01
416 5.628800e-01 1.128000e-03 4.359920e-01
417 5.626920e-01 1.136000e-03 4.361720e-01
418 5.625120e-01 1.132000e-03 4.363560e-01
419 5.623120e-01 1.124000e-03 4.365640e-01
420 5.621320e-01 1.084000e-03 4.367840e-01
421 5.619800e-01 1.052000e-03 4.369680e-01
422 5.618040e-01 1.016000e-03 4.371800e-01
423 5.616720e-01 9.360000e-04 4.373920e-01
424 5.614920e-01 9.680000e-04 4.375400e-01
425 5.613680e-01 9.880000e-04 4.376440e-01
426 5.612520e-01 9.520000e-04 4.377960e-01
427 5.610600e-01 1.016000e-03 4.379240e-01
428 5.608920e-01 9.600000e-04 4.381480e-01
429 5.606800e-01 9.520000e-04 4.383680e-01
430 5.604600e-01 1.008000e-03 4.385320e-01
431 5.602400e-01 1.048000e-03 4.387120e-01
432 5.600160e-01 1.036000e-03 4.389480e-01
433 5.597720e-01 1.148000e-03 4.390800e-01
434 5.595040e-01 1.248000e-03 4.392480e-01
435 5.591760e-01 1.356000e-03 4.394680e-01
436 5.588440e-01 1.480000e-03 4.396760e-01
437 5.584520e-01 1.588000e-03 4.399600e-01
438 5.581880e-01 1.560000e-03 4.402520e-01
439 5.580000e-01 1.472000e-03 4.405280e-01
440 5.577560e-01 1.464000e-03 4.407800e-01
441 5.575200e-01 1.496000e-03 4.409840e-01
442 5.573280e-01 1.404000e-03 4.412680e-01
443 5.571200e-01 1.344000e-03 4.415360e-01
444 5.569240e-01 1.268000e-03 4.418080e-01
445 5.568080e-01 1.156000e-03 4.420360e-01
446 5.566240e-01 1.156000e-03 4.422200e-01
447 5.564560e-01 1.140000e-03 4.424040e-01
448 5.563040e-01 1.056000e-03 4.426400e-01
449 5.561680e-01 1.040000e-03 4.427920e-01
450 5.560000e-01 1.016000e-03 4.429840e-01
451 5.558320e-01 1.024000e-03 4.431440e-01
452 5.556440e-01 1.028000e-03 4.433280e-01
453 5.555320e-01 9.520000e-04 4.435160e-01
454 5.554320e-01 8.840000e-04 4.436840e-01
455 5.552880e-01 8.160000e-04 4.438960e-01
456 5.551680e-01 8.080000e-04 4.440240e-01
457 5.550800e-01 7.480000e-04 4.441720e-01
458 5.549800e-01 7.160000e-04 4.443040e-01
459 5.548760e-01 7.160000e-04 4.444080e-01
460 5.548040e-01 6.680000e-04 4.445280e-01
461 5.547080e-01 6.440000e-04 4.446480e-01
462 5.546560e-01 5.680000e-04 4.447760e-01
463 5.546080e-01 5.200000e-04 4.448720e-01
464 5.545120e-01 5.240000e-04 4.449640e-01
465 5.544480e-01 5.040000e-04 4.450480e-01
466 5.543840e-01 4.840000e-04 4.451320e-01
467 5.543120e-01 4.680000e-04 4.452200e-01
468 5.542280e-01 4.840000e-04 4.452880e-01
469 5.541120e-01 5.160000e-04 4.453720e-01
470 5.540080e-01 5.160000e-04 4.454760e-01
471 5.539280e-01 4.920000e-04 4.455800e-01
472 5.538120e-01 5.240000e-04 4.456640e-01
473 5.536640e-01 5.720000e-04 4.457640e-01
474 5.535480e-01 5.600000e-04 4.458920e-01
475 5.534640e-01 5.520000e-04 4.459840e-01
476 5.533680e-01 5.720000e-04 4.460600e-01
477 5.532960e-01 5.560000e-04 4.461480e-01
478 5.531880e-01 5.680000e-04 4.462440e-01
479 5.530680e-01 5.600000e-04 4.463720e-01
480 5.529600e-01 5.840000e-04 4.464560e-01
481 5.528640e-01 5.640000e-04 4.465720e-01
482 5.527600e-01 5.480000e-04 4.466920e-01
483 5.527080e-01 4.760000e-04 4.468160e-01
484 5.526320e-01 4.760000e-04 4.468920e-01
485 5.525560e-01 4.600000e-04 4.469840e-01
486 5.524680e-01 4.440000e-04 4.470880e-01
487 5.524040e-01 4.200000e-04 4.471760e-01
488 5.523480e-01 4.200000e-04 4.472320e-01
489 5.522640e-01 4.080000e-04 4.473280e-01
490 5.521600e-01 4.360000e-04 4.474040e-01
491 5.520640e-01 4.640000e-04 4.474720e-01
492 5.519880e-01 4.440000e-04 4.475680e-01
493 5.519240e-01 4.320000e-04 4.476440e-01
494 5.518520e-01 4.160000e-04 4.477320e-01
495 5.517840e-01 4.480000e-04 4.477680e-01
496 5.517240e-01 4.280000e-04 4.478480e-01
497 5.516520e-01 4.240000e-04 4.479240e-01
498 5.515840e-01 4.160000e-04 4.480000e-01
499 5.515240e-01 4.080000e-04 4.480680e-01
500 5.514360e-01 4.480000e-04 4.481160e-01
