1 9.992360e-01 7.040000e-04 6.000000e-05
2 9.986760e-01 1.108000e-03 2.160000e-04
3 9.980200e-01 1.544000e-03 4.360000e-04
4 9.972840e-01 1.976000e-03 7.400000e-04
5 9.964480e-01 2.432000e-03 1.120000e-03
6 9.955240e-01 2.868000e-03 1.608000e-03
7 9.945240e-01 3.308000e-03 2.168000e-03
8 9.936000e-01 3.644000e-03 2.756000e-03
9 9.926000e-01 3.936000e-03 3.464000e-03
10 9.914840e-01 4.384000e-03 4.132000e-03
11 9.903120e-01 4.696000e-03 4.992000e-03
12 9.891760e-01 4.972000e-03 5.852000e-03
13 9.881240e-01 5.096000e-03 6.780000e-03
14 9.869920e-01 5.332000e-03 7.676000e-03
15 9.858360e-01 5.528000e-03 8.636000e-03
16 9.846480e-01 5.756000e-03 9.596000e-03
17 9.834920e-01 5.876000e-03 1.063200e-02
18 9.821880e-01 6.128000e-03 1.168400e-02
19 9.807600e-01 6.432000e-03 1.280800e-02
20 9.795160e-01 6.528000e-03 1.395600e-02
21 9.780600e-01 6.816000e-03 1.512400e-02
22 9.765640e-01 7.048000e-03 1.638800e-02
23 9.750800e-01 7.300000e-03 1.762000e-02
24 9.733560e-01 7.656000e-03 1.898800e-02
25 9.718320e-01 7.868000e-03 2.030000e-02
26 9.701360e-01 8.160000e-03 2.170400e-02
27 9.685040e-01 8.452000e-03 2.304400e-02
28 9.668840e-01 8.420000e-03 2.469600e-02
29 9.652240e-01 8.420000e-03 2.635600e-02
30 9.637840e-01 8.220000e-03 2.799600e-02
31 9.621120e-01 8.524000e-03 2.936400e-02
32 9.605640e-01 8.488000e-03 3.094800e-02
33 9.591960e-01 8.292000e-03 3.251200e-02
34 9.575240e-01 8.600000e-03 3.387600e-02
35 9.558720e-01 8.756000e-03 3.537200e-02
36 9.542720e-01 8.732000e-03 3.699600e-02
37 9.525920e-01 8.808000e-03 3.860000e-02
38 9.509000e-01 8.996000e-03 4.010400e-02
39 9.492800e-01 9.060000e-03 4.166000e-02
40 9.475440e-01 9.180000e-03 4.327600e-02
41 9.459360e-01 9.248000e-03 4.481600e-02
42 9.443840e-01 9.120000e-03 4.649600e-02
43 9.428720e-01 9.072000e-03 4.805600e-02
44 9.411480e-01 9.196000e-03 4.965600e-02
45 9.395040e-01 9.256000e-03 5.124000e-02
46 9.379160e-01 9.192000e-03 5.289200e-02
47 9.362960e-01 9.140000e-03 5.456400e-02
48 9.346560e-01 9.076000e-03 5.626800e-02
49 9.331200e-01 8.972000e-03 5.790800e-02
50 9.315960e-01 9.008000e-03 5.939600e-02
51 9.301240e-01 8.844000e-03 6.103200e-02
52 9.286400e-01 8.676000e-03 6.268400e-02
53 9.272880e-01 8.548000e-03 6.416400e-02
54 9.258000e-01 8.552000e-03 6.564800e-02
55 9.242920e-01 8.544000e-03 6.716400e-02
56 9.228600e-01 8.476000e-03 6.866400e-02
57 9.214120e-01 8.448000e-03 7.014000e-02
58 9.200360e-01 8.396000e-03 7.156800e-02
59 9.185880e-01 8.320000e-03 7.309200e-02
60 9.171760e-01 8.264000e-03 7.456000e-02
61 9.157600e-01 8.132000e-03 7.610800e-02
62 9.145000e-01 7.980000e-03 7.752000e-02
63 9.131080e-01 8.004000e-03 7.888800e-02
64 9.115360e-01 8.124000e-03 8.034000e-02
65 9.100480e-01 8.276000e-03 8.167600e-02
66 9.087600e-01 8.120000e-03 8.312000e-02
67 9.073360e-01 8.144000e-03 8.452000e-02
68 9.058840e-01 8.152000e-03 8.596400e-02
69 9.043760e-01 8.304000e-03 8.732000e-02
70 9.030120e-01 8.192000e-03 8.879600e-02
71 9.015440e-01 8.196000e-03 9.026000e-02
72 9.000360e-01 8.220000e-03 9.174400e-02
73 8.987080e-01 7.976000e-03 9.331600e-02
74 8.972840e-01 7.928000e-03 9.478800e-02
75 8.960120e-01 7.756000e-03 9.623200e-02
76 8.946680e-01 7.688000e-03 9.764400e-02
77 8.934920e-01 7.524000e-03 9.898400e-02
78 8.922000e-01 7.600000e-03 1.002000e-01
79 8.909760e-01 7.520000e-03 1.015040e-01
80 8.896440e-01 7.484000e-03 1.028720e-01
81 8.882080e-01 7.464000e-03 1.043280e-01
82 8.869520e-01 7.476000e-03 1.055720e-01
83 8.857400e-01 7.424000e-03 1.068360e-01
84 8.844120e-01 7.472000e-03 1.081160e-01
85 8.829760e-01 7.584000e-03 1.094400e-01
86 8.817000e-01 7.480000e-03 1.108200e-01
87 8.804240e-01 7.468000e-03 1.121080e-01
88 8.792240e-01 7.204000e-03 1.135720e-01
89 8.779200e-01 7.328000e-03 1.147520e-01
90 8.766000e-01 7.388000e-03 1.160120e-01
91 8.753720e-01 7.384000e-03 1.172440e-01
92 8.741160e-01 7.292000e-03 1.185920e-01
93 8.730360e-01 7.096000e-03 1.198680e-01
94 8.717000e-01 7.196000e-03 1.211040e-01
95 8.705640e-01 7.072000e-03 1.223640e-01
96 8.694640e-01 6.916000e-03 1.236200e-01
97 8.683520e-01 6.816000e-03 1.248320e-01
98 8.673080e-01 6.728000e-03 1.259640e-01
99 8.661920e-01 6.708000e-03 1.271000e-01
100 8.651560e-01 6.556000e-03 1.282880e-01
101 8.640800e-01 6.464000e-03 1.294560e-01
102 8.630080e-01 6.388000e-03 1.306040e-01
103 8.619720e-01 6.256000e-03 1.317720e-01
104 8.607920e-01 6.300000e-03 1.329080e-01
105 8.597080e-01 6.256000e-03 1.340360e-01
106 8.586760e-01 6.220000e-03 1.351040e-01
107 8.575160e-01 6.128000e-03 1.363560e-01
108 8.565000e-01 6.088000e-03 1.374120e-01
109 8.553760e-01 6.160000e-03 1.384640e-01
110 8.542760e-01 6.240000e-03 1.394840e-01
111 8.531960e-01 6.120000e-03 1.406840e-01
112 8.520600e-01 6.192000e-03 1.417480e-01
113 8.508760e-01 6.296000e-03 1.428280e-01
114 8.497880e-01 6.244000e-03 1.439680e-01
115 8.485920e-01 6.224000e-03 1.451840e-01
116 8.474720e-01 6.244000e-03 1.462840e-01
117 8.464640e-01 6.228000e-03 1.473080e-01
118 8.454480e-01 6.100000e-03 1.484520e-01
119 8.445280e-01 5.956000e-03 1.495160e-01
120 8.435960e-01 5.840000e-03 1.505640e-01
121 8.427040e-01 5.716000e-03 1.515800e-01
122 8.418560e-01 5.556000e-03 1.525880e-01
123 8.408760e-01 5.572000e-03 1.535520e-01
124 8.398360e-01 5.660000e-03 1.545040e-01
125 8.388800e-01 5.656000e-03 1.554640e-01
126 8.379920e-01 5.564000e-03 1.564440e-01
127 8.371320e-01 5.404000e-03 1.574640e-01
128 8.363280e-01 5.328000e-03 1.583440e-01
129 8.354880e-01 5.200000e-03 1.593120e-01
130 8.344960e-01 5.244000e-03 1.602600e-01
131 8.336040e-01 5.224000e-03 1.611720e-01
132 8.326560e-01 5.216000e-03 1.621280e-01
133 8.317200e-01 5.280000e-03 1.630000e-01
134 8.307720e-01 5.244000e-03 1.639840e-01
135 8.299320e-01 5.272000e-03 1.647960e-01
136 8.289480e-01 5.256000e-03 1.657960e-01
137 8.280400e-01 5.284000e-03 1.666760e-01
138 8.270240e-01 5.300000e-03 1.676760e-01
139 8.259800e-01 5.428000e-03 1.685920e-01
140 8.250320e-01 5.468000e-03 1.695000e-01
141 8.239640e-01 5.588000e-03 1.704480e-01
142 8.229920e-01 5.608000e-03 1.714000e-01
143 8.219920e-01 5.616000e-03 1.723920e-01
144 8.208680e-01 5.756000e-03 1.733760e-01
145 8.198640e-01 5.644000e-03 1.744920e-01
146 8.187880e-01 5.648000e-03 1.755640e-01
147 8.177200e-01 5.804000e-03 1.764760e-01
148 8.166280e-01 5.888000e-03 1.774840e-01
149 8.156520e-01 5.812000e-03 1.785360e-01
150 8.146920e-01 5.788000e-03 1.795200e-01
151 8.136480e-01 5.828000e-03 1.805240e-01
152 8.125320e-01 5.928000e-03 1.815400e-01
153 8.115920e-01 5.752000e-03 1.826560e-01
154 8.106000e-01 5.640000e-03 1.837600e-01
155 8.096640e-01 5.608000e-03 1.847280e-01
156 8.086600e-01 5.532000e-03 1.858080e-01
157 8.076640e-01 5.500000e-03 1.868360e-01
158 8.067600e-01 5.516000e-03 1.877240e-01
159 8.058640e-01 5.440000e-03 1.886960e-01
160 8.049920e-01 5.464000e-03 1.895440e-01
161 8.040360e-01 5.436000e-03 1.905280e-01
162 8.030960e-01 5.368000e-03 1.915360e-01
163 8.021240e-01 5.364000e-03 1.925120e-01
164 8.011720e-01 5.348000e-03 1.934800e-01
165 8.002880e-01 5.376000e-03 1.943360e-01
166 7.991600e-01 5.584000e-03 1.952560e-01
167 7.982000e-01 5.620000e-03 1.961800e-01
168 7.971880e-01 5.572000e-03 1.972400e-01
169 7.963840e-01 5.524000e-03 1.980920e-01
170 7.953880e-01 5.468000e-03 1.991440e-01
171 7.943880e-01 5.572000e-03 2.000400e-01
172 7.934240e-01 5.552000e-03 2.010240e-01
173 7.925960e-01 5.380000e-03 2.020240e-01
174 7.916160e-01 5.384000e-03 2.030000e-01
175 7.906000e-01 5.332000e-03 2.040680e-01
176 7.898000e-01 5.056000e-03 2.051440e-01
177 7.889360e-01 5.012000e-03 2.060520e-01
178 7.880400e-01 5.056000e-03 2.069040e-01
179 7.869960e-01 5.208000e-03 2.077960e-01
180 7.860000e-01 5.232000e-03 2.087680e-01
181 7.850120e-01 5.316000e-03 2.096720e-01
182 7.841600e-01 5.264000e-03 2.105760e-01
183 7.833640e-01 5.096000e-03 2.115400e-01
184 7.825880e-01 5.052000e-03 2.123600e-01
185 7.817520e-01 5.040000e-03 2.132080e-01
186 7.809400e-01 4.844000e-03 2.142160e-01
187 7.801320e-01 4.752000e-03 2.151160e-01
188 7.793720e-01 4.644000e-03 2.159840e-01
189 7.786240e-01 4.464000e-03 2.169120e-01
190 7.779280e-01 4.248000e-03 2.178240e-01
191 7.771600e-01 4.292000e-03 2.185480e-01
192 7.764520e-01 4.288000e-03 2.192600e-01
193 7.755840e-01 4.372000e-03 2.200440e-01
194 7.748720e-01 4.304000e-03 2.208240e-01
195 7.740840e-01 4.340000e-03 2.215760e-01
196 7.733800e-01 4.272000e-03 2.223480e-01
197 7.726400e-01 4.192000e-03 2.231680e-01
198 7.718240e-01 4.296000e-03 2.238800e-01
199 7.711200e-01 4.316000e-03 2.245640e-01
200 7.703680e-01 4.300000e-03 2.253320e-01
201 7.696240e-01 4.360000e-03 2.260160e-01
202 7.688760e-01 4.344000e-03 2.267800e-01
203 7.680920e-01 4.432000e-03 2.274760e-01
204 7.673120e-01 4.360000e-03 2.283280e-01
205 7.665160e-01 4.388000e-03 2.290960e-01
206 7.656480e-01 4.428000e-03 2.299240e-01
207 7.648280e-01 4.476000e-03 2.306960e-01
208 7.641200e-01 4.384000e-03 2.314960e-01
209 7.633320e-01 4.404000e-03 2.322640e-01
210 7.626480e-01 4.396000e-03 2.329560e-01
211 7.618280e-01 4.364000e-03 2.338080e-01
212 7.611120e-01 4.280000e-03 2.346080e-01
213 7.604480e-01 4.220000e-03 2.353320e-01
214 7.597840e-01 4.088000e-03 2.361280e-01
215 7.591880e-01 3.984000e-03 2.368280e-01
216 7.586560e-01 3.900000e-03 2.374440e-01
217 7.580440e-01 3.780000e-03 2.381760e-01
218 7.574080e-01 3.792000e-03 2.388000e-01
219 7.568080e-01 3.788000e-03 2.394040e-01
220 7.561480e-01 3.844000e-03 2.400080e-01
221 7.554840e-01 3.776000e-03 2.407400e-01
222 7.548800e-01 3.696000e-03 2.414240e-01
223 7.542800e-01 3.592000e-03 2.421280e-01
224 7.537280e-01 3.496000e-03 2.427760e-01
225 7.531480e-01 3.456000e-03 2.433960e-01
226 7.525840e-01 3.436000e-03 2.439800e-01
227 7.519760e-01 3.372000e-03 2.446520e-01
228 7.513040e-01 3.388000e-03 2.453080e-01
229 7.506560e-01 3.476000e-03 2.458680e-01
230 7.501200e-01 3.472000e-03 2.464080e-01
231 7.495080e-01 3.464000e-03 2.470280e-01
232 7.489280e-01 3.388000e-03 2.476840e-01
233 7.482400e-01 3.528000e-03 2.482320e-01
234 7.476440e-01 3.472000e-03 2.488840e-01
235 7.469600e-01 3.552000e-03 2.494880e-01
236 7.465120e-01 3.400000e-03 2.500880e-01
237 7.459040e-01 3.416000e-03 2.506800e-01
238 7.452760e-01 3.428000e-03 2.512960e-01
239 7.445720e-01 3.508000e-03 2.519200e-01
240 7.438160e-01 3.592000e-03 2.525920e-01
241 7.431400e-01 3.544000e-03 2.533160e-01
242 7.425440e-01 3.412000e-03 2.540440e-01
243 7.419720e-01 3.396000e-03 2.546320e-01
244 7.414600e-01 3.364000e-03 2.551760e-01
245 7.408880e-01 3.320000e-03 2.557920e-01
246 7.402880e-01 3.344000e-03 2.563680e-01
247 7.397640e-01 3.308000e-03 2.569280e-01
248 7.392640e-01 3.216000e-03 2.575200e-01
249 7.386360e-01 3.332000e-03 2.580320e-01
250 7.380240e-01 3.344000e-03 2.586320e-01
251 7.374560e-01 3.364000e-03 2.591800e-01
252 7.368640e-01 3.364000e-03 2.597720e-01
253 7.363160e-01 3.396000e-03 2.602880e-01
254 7.356840e-01 3.412000e-03 2.609040e-01
255 7.351560e-01 3.368000e-03 2.614760e-01
256 7.346560e-01 3.288000e-03 2.620560e-01
257 7.342040e-01 3.232000e-03 2.625640e-01
258 7.336560e-01 3.240000e-03 2.631040e-01
259 7.331600e-01 3.152000e-03 2.636880e-01
260 7.327320e-01 3.016000e-03 2.642520e-01
261 7.321760e-01 3.100000e-03 2.647240e-01
262 7.317240e-01 3.012000e-03 2.652640e-01
263 7.311760e-01 3.056000e-03 2.657680e-01
264 7.306280e-01 3.040000e-03 2.663320e-01
265 7.302680e-01 2.876000e-03 2.668560e-01
266 7.298520e-01 2.836000e-03 2.673120e-01
267 7.293160e-01 2.744000e-03 2.679400e-01
268 7.289200e-01 2.608000e-03 2.684720e-01
269 7.285600e-01 2.500000e-03 2.689400e-01
270 7.280160e-01 2.568000e-03 2.694160e-01
271 7.276360e-01 2.564000e-03 2.698000e-01
272 7.272360e-01 2.488000e-03 2.702760e-01
273 7.267800e-01 2.524000e-03 2.706960e-01
274 7.263880e-01 2.484000e-03 2.711280e-01
275 7.259680e-01 2.444000e-03 2.715880e-01
276 7.255600e-01 2.424000e-03 2.720160e-01
277 7.251880e-01 2.376000e-03 2.724360e-01
278 7.249080e-01 2.236000e-03 2.728560e-01
279 7.244840e-01 2.292000e-03 2.732240e-01
280 7.242000e-01 2.140000e-03 2.736600e-01
281 7.239080e-01 2.036000e-03 2.740560e-01
282 7.235840e-01 1.988000e-03 2.744280e-01
283 7.232120e-01 2.000000e-03 2.747880e-01
284 7.228680e-01 2.048000e-03 2.750840e-01
285 7.224720e-01 2.152000e-03 2.753760e-01
286 7.221400e-01 2.076000e-03 2.757840e-01
287 7.217440e-01 2.140000e-03 2.761160e-01
288 7.214520e-01 1.992000e-03 2.765560e-01
289 7.211440e-01 1.876000e-03 2.769800e-01
290 7.208120e-01 1.888000e-03 2.773000e-01
291 7.204760e-01 1.876000e-03 2.776480e-01
292 7.201680e-01 1.860000e-03 2.779720e-01
293 7.198080e-01 1.888000e-03 2.783040e-01
294 7.194880e-01 1.912000e-03 2.786000e-01
295 7.191800e-01 1.872000e-03 2.789480e-01
296 7.189320e-01 1.784000e-03 2.792840e-01
297 7.186200e-01 1.792000e-03 2.795880e-01
298 7.183400e-01 1.748000e-03 2.799120e-01
299 7.180440e-01 1.724000e-03 2.802320e-01
300 7.177840e-01 1.664000e-03 2.805520e-01
301 7.174200e-01 1.680000e-03 2.809000e-01
302 7.171760e-01 1.596000e-03 2.812280e-01
303 7.169280e-01 1.540000e-03 2.815320e-01
304 7.166520e-01 1.596000e-03 2.817520e-01
305 7.163880e-01 1.584000e-03 2.820280e-01
306 7.160880e-01 1.568000e-03 2.823440e-01
307 7.158200e-01 1.504000e-03 2.826760e-01
308 7.155760e-01 1.516000e-03 2.829080e-01
309 7.152840e-01 1.524000e-03 2.831920e-01
310 7.149560e-01 1.592000e-03 2.834520e-01
311 7.146680e-01 1.592000e-03 2.837400e-01
312 7.143520e-01 1.628000e-03 2.840200e-01
313 7.141120e-01 1.584000e-03 2.843040e-01
314 7.138280e-01 1.552000e-03 2.846200e-01
315 7.135640e-01 1.580000e-03 2.848560e-01
316 7.133480e-01 1.500000e-03 2.851520e-01
317 7.131240e-01 1.432000e-03 2.854440e-01
318 7.128880e-01 1.420000e-03 2.856920e-01
319 7.126480e-01 1.392000e-03 2.859600e-01
320 7.124040e-01 1.396000e-03 2.862000e-01
321 7.121360e-01 1.388000e-03 2.864760e-01
322 7.118680e-01 1.400000e-03 2.867320e-01
323 7.116160e-01 1.372000e-03 2.870120e-01
324 7.113360e-01 1.416000e-03 2.872480e-01
325 7.109680e-01 1.560000e-03 2.874720e-01
326 7.106840e-01 1.592000e-03 2.877240e-01
327 7.104840e-01 1.512000e-03 2.880040e-01
328 7.102480e-01 1.444000e-03 2.883080e-01
329 7.100680e-01 1.300000e-03 2.886320e-01
330 7.098520e-01 1.312000e-03 2.888360e-01
331 7.096040e-01 1.372000e-03 2.890240e-01
332 7.093360e-01 1.424000e-03 2.892400e-01
333 7.091280e-01 1.332000e-03 2.895400e-01
334 7.088560e-01 1.348000e-03 2.897960e-01
335 7.086000e-01 1.328000e-03 2.900720e-01
336 7.084320e-01 1.292000e-03 2.902760e-01
337 7.082120e-01 1.284000e-03 2.905040e-01
338 7.079920e-01 1.248000e-03 2.907600e-01
339 7.077760e-01 1.260000e-03 2.909640e-01
340 7.075440e-01 1.292000e-03 2.911640e-01
341 7.072880e-01 1.332000e-03 2.913800e-01
342 7.069560e-01 1.352000e-03 2.916920e-01
343 7.066680e-01 1.388000e-03 2.919440e-01
344 7.063200e-01 1.452000e-03 2.922280e-01
345 7.060480e-01 1.460000e-03 2.924920e-01
346 7.058560e-01 1.432000e-03 2.927120e-01
347 7.055560e-01 1.464000e-03 2.929800e-01
348 7.052520e-01 1.504000e-03 2.932440e-01
349 7.049120e-01 1.560000e-03 2.935280e-01
350 7.046200e-01 1.544000e-03 2.938360e-01
351 7.043240e-01 1.556000e-03 2.941200e-01
352 7.040360e-01 1.556000e-03 2.944080e-01
353 7.037520e-01 1.576000e-03 2.946720e-01
354 7.034800e-01 1.568000e-03 2.949520e-01
355 7.032400e-01 1.476000e-03 2.952840e-01
356 7.030120e-01 1.448000e-03 2.955400e-01
357 7.027760e-01 1.412000e-03 2.958120e-01
358 7.025480e-01 1.384000e-03 2.960680e-01
359 7.022960e-01 1.356000e-03 2.963480e-01
360 7.020280e-01 1.320000e-03 2.966520e-01
361 7.018200e-01 1.308000e-03 2.968720e-01
362 7.015360e-01 1.356000e-03 2.971080e-01
363 7.012560e-01 1.416000e-03 2.973280e-01
364 7.010120e-01 1.420000e-03 2.975680e-01
365 7.007520e-01 1.456000e-03 2.977920e-01
366 7.005680e-01 1.360000e-03 2.980720e-01
367 7.003000e-01 1.400000e-03 2.983000e-01
368 6.999960e-01 1.484000e-03 2.985200e-01
369 6.997520e-01 1.436000e-03 2.988120e-01
370 6.995520e-01 1.388000e-03 2.990600e-01
371 6.992920e-01 1.348000e-03 2.993600e-01
372 6.990840e-01 1.360000e-03 2.995560e-01
373 6.988960e-01 1.304000e-03 2.998000e-01
374 6.986120e-01 1.352000e-03 3.000360e-01
375 6.983760e-01 1.312000e-03 3.003120e-01
376 6.981720e-01 1.316000e-03 3.005120e-01
377 6.980120e-01 1.236000e-03 3.007520e-01
378 6.978000e-01 1.236000e-03 3.009640e-01
379 6.976200e-01 1.200000e-03 3.011800e-01
380 6.974400e-01 1.160000e-03 3.014000e-01
381 6.972440e-01 1.196000e-03 3.015600e-01
382 6.970600e-01 1.180000e-03 3.017600e-01
383 6.968840e-01 1.196000e-03 3.019200e-01
384 6.967400e-01 1.152000e-03 3.021080e-01
385 6.966200e-01 1.092000e-03 3.022880e-01
386 6.964640e-01 1.080000e-03 3.024560e-01
387 6.962880e-01 1.056000e-03 3.026560e-01
388 6.961240e-01 1.056000e-03 3.028200e-01
389 6.959240e-01 1.088000e-03 3.029880e-01
390 6.957280e-01 1.068000e-03 3.032040e-01
391 6.955440e-01 1.076000e-03 3.033800e-01
392 6.954040e-01 1.056000e-03 3.035400e-01
393 6.952760e-01 1.032000e-03 3.036920e-01
394 6.950520e-01 1.052000e-03 3.038960e-01
395 6.948760e-01 1.032000e-03 3.040920e-01
396 6.947080e-01 1.032000e-03 3.042600e-01
397 6.945320e-01 1.040000e-03 3.044280e-01
398 6.943800e-01 1.028000e-03 3.045920e-01
399 6.942560e-01 1.012000e-03 3.047320e-01
400 6.941520e-01 9.680000e-04 3.048800e-01
401 6.940520e-01 9.160000e-04 3.050320e-01
402 6.939120e-01 9.080000e-04 3.051800e-01
403 6.937960e-01 8.520000e-04 3.053520e-01
404 6.936880e-01 7.960000e-04 3.055160e-01
405 6.935480e-01 8.320000e-04 3.056200e-01
406 6.934040e-01 8.200000e-04 3.057760e-01
407 6.932680e-01 8.080000e-04 3.059240e-01
408 6.931000e-01 8.400000e-04 3.060600e-01
409 6.930000e-01 7.600000e-04 3.062400e-01
410 6.928800e-01 7.240000e-04 3.063960e-01
411 6.927600e-01 6.880000e-04 3.065520e-01
412 6.926640e-01 6.800000e-04 3.066560e-01
413 6.925720e-01 6.560000e-04 3.067720e-01
414 6.924760e-01 6.240000e-04 3.069000e-01
415 6.924080e-01 5.760000e-04 3.070160e-01
416 6.922760e-01 6.120000e-04 3.071120e-01
417 6.921640e-01 5.880000e-04 3.072480e-01
418 6.920680e-01 5.960000e-04 3.073360e-01
419 6.919840e-01 5.600000e-04 3.074560e-01
420 6.919240e-01 5.320000e-04 3.075440e-01
421 6.918480e-01 5.400000e-04 3.076120e-01
422 6.917320e-01 5.960000e-04 3.076720e-01
423 6.916160e-01 6.000000e-04 3.077840e-01
424 6.915040e-01 5.920000e-04 3.079040e-01
425 6.914360e-01 5.400000e-04 3.080240e-01
426 6.913200e-01 5.800000e-04 3.081000e-01
427 6.912280e-01 5.840000e-04 3.081880e-01
428 6.911480e-01 5.440000e-04 3.083080e-01
429 6.910200e-01 5.800000e-04 3.084000e-01
430 6.908960e-01 5.800000e-04 3.085240e-01
431 6.908240e-01 5.360000e-04 3.086400e-01
432 6.907240e-01 5.480000e-04 3.087280e-01
433 6.906000e-01 5.800000e-04 3.088200e-01
434 6.904560e-01 6.120000e-04 3.089320e-01
435 6.903360e-01 5.920000e-04 3.090720e-01
436 6.901800e-01 6.240000e-04 3.091960e-01
437 6.900720e-01 6.040000e-04 3.093240e-01
438 6.899360e-01 6.280000e-04 3.094360e-01
439 6.898280e-01 6.080000e-04 3.095640e-01
440 6.897640e-01 5.280000e-04 3.097080e-01
441 6.896760e-01 5.400000e-04 3.097840e-01
442 6.896200e-01 5.120000e-04 3.098680e-01
443 6.895720e-01 4.680000e-04 3.099600e-01
444 6.895120e-01 4.520000e-04 3.100360e-01
445 6.894360e-01 4.840000e-04 3.100800e-01
446 6.893480e-01 5.400000e-04 3.101120e-01
447 6.892560e-01 5.520000e-04 3.101920e-01
448 6.891400e-01 5.640000e-04 3.102960e-01
449 6.890520e-01 5.720000e-04 3.103760e-01
450 6.889200e-01 6.200000e-04 3.104600e-01
451 6.888280e-01 5.880000e-04 3.105840e-01
452 6.887120e-01 5.880000e-04 3.107000e-01
453 6.886360e-01 5.680000e-04 3.107960e-01
454 6.885320e-01 5.720000e-04 3.108960e-01
455 6.884520e-01 5.440000e-04 3.110040e-01
456 6.883600e-01 5.760000e-04 3.110640e-01
457 6.882480e-01 6.120000e-04 3.111400e-01
458 6.881240e-01 6.480000e-04 3.112280e-01
459 6.879680e-01 6.480000e-04 3.113840e-01
460 6.878680e-01 6.400000e-04 3.114920e-01
461 6.877440e-01 6.600000e-04 3.115960e-01
462 6.876720e-01 6.080000e-04 3.117200e-01
463 6.875800e-01 6.000000e-04 3.118200e-01
464 6.875080e-01 5.640000e-04 3.119280e-01
465 6.874120e-01 6.000000e-04 3.119880e-01
466 6.873000e-01 6.200000e-04 3.120800e-01
467 6.872120e-01 6.040000e-04 3.121840e-01
468 6.871240e-01 5.920000e-04 3.122840e-01
469 6.870200e-01 5.920000e-04 3.123880e-01
470 6.869040e-01 6.160000e-04 3.124800e-01
471 6.867960e-01 5.720000e-04 3.126320e-01
472 6.867080e-01 5.480000e-04 3.127440e-01
473 6.866200e-01 5.040000e-04 3.128760e-01
474 6.865280e-01 4.840000e-04 3.129880e-01
475 6.864160e-01 5.040000e-04 3.130800e-01
476 6.863840e-01 4.360000e-04 3.131800e-01
477 6.863320e-01 4.280000e-04 3.132400e-01
478 6.862320e-01 4.640000e-04 3.133040e-01
479 6.861560e-01 4.400000e-04 3.134040e-01
480 6.860280e-01 4.800000e-04 3.134920e-01
481 6.859680e-01 4.640000e-04 3.135680e-01
482 6.858920e-01 4.600000e-04 3.136480e-01
483 6.858160e-01 4.240000e-04 3.137600e-01
484 6.857440e-01 4.240000e-04 3.138320e-01
485 6.856960e-01 3.920000e-04 3.139120e-01
486 6.856120e-01 4.160000e-04 3.139720e-01
487 6.855240e-01 4.280000e-04 3.140480e-01
488 6.854440e-01 4.320000e-04 3.141240e-01
489 6.853560e-01 4.600000e-04 3.141840e-01
490 6.852720e-01 4.640000e-04 3.142640e-01
491 6.851840e-01 4.560000e-04 3.143600e-01
492 6.850920e-01 4.520000e-04 3.144560e-01
493 6.849880e-01 4.800000e-04 3.145320e-01
494 6.849200e-01 5.040000e-04 3.145760e-01
495 6.848360e-01 5.000000e-04 3.146640e-01
496 6.847480e-01 4.320000e-04 3.148200e-01
497 6.846920e-01 4.120000e-04 3.148960e-01
498 6.846360e-01 4.000000e-04 3.149640e-01
499 6.845360e-01 4.240000e-04 3.150400e-01
500 6.844440e-01 4.520000e-04 3.151040e-01
