1 9.992440e-01 6.640000e-04 9.200000e-05
2 9.987480e-01 1.024000e-03 2.280000e-04
3 9.981920e-01 1.384000e-03 4.240000e-04
4 9.974480e-01 1.852000e-03 7.000000e-04
5 9.966920e-01 2.260000e-03 1.048000e-03
6 9.958400e-01 2.724000e-03 1.436000e-03
7 9.949320e-01 3.120000e-03 1.948000e-03
8 9.939000e-01 3.536000e-03 2.564000e-03
9 9.928480e-01 3.936000e-03 3.216000e-03
10 9.916720e-01 4.412000e-03 3.916000e-03
11 9.905160e-01 4.668000e-03 4.816000e-03
12 9.892920e-01 5.004000e-03 5.704000e-03
13 9.881240e-01 5.216000e-03 6.660000e-03
14 9.868640e-01 5.536000e-03 7.600000e-03
15 9.856800e-01 5.644000e-03 8.676000e-03
16 9.844240e-01 5.956000e-03 9.620000e-03
17 9.832680e-01 6.072000e-03 1.066000e-02
18 9.819360e-01 6.340000e-03 1.172400e-02
19 9.806880e-01 6.360000e-03 1.295200e-02
20 9.793520e-01 6.424000e-03 1.422400e-02
21 9.780840e-01 6.556000e-03 1.536000e-02
22 9.767120e-01 6.648000e-03 1.664000e-02
23 9.753640e-01 6.828000e-03 1.780800e-02
24 9.739240e-01 7.104000e-03 1.897200e-02
25 9.724760e-01 7.216000e-03 2.030800e-02
26 9.710440e-01 7.280000e-03 2.167600e-02
27 9.695800e-01 7.524000e-03 2.289600e-02
28 9.681560e-01 7.664000e-03 2.418000e-02
29 9.668440e-01 7.692000e-03 2.546400e-02
30 9.653640e-01 7.776000e-03 2.686000e-02
31 9.638000e-01 8.072000e-03 2.812800e-02
32 9.622640e-01 8.176000e-03 2.956000e-02
33 9.608880e-01 8.068000e-03 3.104400e-02
34 9.595600e-01 8.004000e-03 3.243600e-02
35 9.580440e-01 8.012000e-03 3.394400e-02
36 9.566600e-01 7.976000e-03 3.536400e-02
37 9.552040e-01 8.020000e-03 3.677600e-02
38 9.538360e-01 7.984000e-03 3.818000e-02
39 9.522280e-01 8.168000e-03 3.960400e-02
40 9.507240e-01 8.220000e-03 4.105600e-02
41 9.493480e-01 8.312000e-03 4.234000e-02
42 9.478000e-01 8.488000e-03 4.371200e-02
43 9.462200e-01 8.560000e-03 4.522000e-02
44 9.447400e-01 8.552000e-03 4.670800e-02
45 9.431720e-01 8.584000e-03 4.824400e-02
46 9.416960e-01 8.564000e-03 4.974000e-02
47 9.400640e-01 8.804000e-03 5.113200e-02
48 9.384160e-01 9.024000e-03 5.256000e-02
49 9.367840e-01 9.040000e-03 5.417600e-02
50 9.350320e-01 9.144000e-03 5.582400e-02
51 9.334600e-01 9.048000e-03 5.749200e-02
52 9.318960e-01 8.948000e-03 5.915600e-02
53 9.302880e-01 8.996000e-03 6.071600e-02
54 9.285200e-01 9.092000e-03 6.238800e-02
55 9.267600e-01 9.296000e-03 6.394400e-02
56 9.250920e-01 9.332000e-03 6.557600e-02
57 9.230920e-01 9.608000e-03 6.730000e-02
58 9.213160e-01 9.684000e-03 6.900000e-02
59 9.195520e-01 9.792000e-03 7.065600e-02
60 9.178280e-01 9.728000e-03 7.244400e-02
61 9.161760e-01 9.640000e-03 7.418400e-02
62 9.143400e-01 9.652000e-03 7.600800e-02
63 9.125920e-01 9.672000e-03 7.773600e-02
64 9.107560e-01 9.660000e-03 7.958400e-02
65 9.092040e-01 9.504000e-03 8.129200e-02
66 9.073800e-01 9.584000e-03 8.303600e-02
67 9.054720e-01 9.784000e-03 8.474400e-02
68 9.038120e-01 9.856000e-03 8.633200e-02
69 9.021280e-01 9.860000e-03 8.801200e-02
70 9.003600e-01 1.003200e-02 8.960800e-02
71 8.986240e-01 1.006400e-02 9.131200e-02
72 8.969760e-01 9.976000e-03 9.304800e-02
73 8.954080e-01 9.696000e-03 9.489600e-02
74 8.939640e-01 9.528000e-03 9.650800e-02
75 8.924160e-01 9.392000e-03 9.819200e-02
76 8.910200e-01 9.176000e-03 9.980400e-02
77 8.893840e-01 9.168000e-03 1.014480e-01
78 8.878080e-01 9.020000e-03 1.031720e-01
79 8.863200e-01 9.008000e-03 1.046720e-01
80 8.846320e-01 9.144000e-03 1.062240e-01
81 8.830920e-01 9.016000e-03 1.078920e-01
82 8.813720e-01 9.200000e-03 1.094280e-01
83 8.797320e-01 9.072000e-03 1.111960e-01
84 8.782800e-01 8.872000e-03 1.128480e-01
85 8.766320e-01 9.000000e-03 1.143680e-01
86 8.750360e-01 9.080000e-03 1.158840e-01
87 8.732880e-01 9.360000e-03 1.173520e-01
88 8.715800e-01 9.364000e-03 1.190560e-01
89 8.698560e-01 9.416000e-03 1.207280e-01
90 8.681480e-01 9.556000e-03 1.222960e-01
91 8.663640e-01 9.780000e-03 1.238560e-01
92 8.645040e-01 9.992000e-03 1.255040e-01
93 8.627600e-01 1.011200e-02 1.271280e-01
94 8.609480e-01 1.004000e-02 1.290120e-01
95 8.591800e-01 1.010400e-02 1.307160e-01
96 8.573400e-01 1.023600e-02 1.324240e-01
97 8.554600e-01 1.020000e-02 1.343400e-01
98 8.537360e-01 1.022400e-02 1.360400e-01
99 8.518040e-01 1.035200e-02 1.378440e-01
100 8.498720e-01 1.044800e-02 1.396800e-01
101 8.480800e-01 1.051200e-02 1.414080e-01
102 8.460680e-01 1.070000e-02 1.432320e-01
103 8.443000e-01 1.049200e-02 1.452080e-01
104 8.426360e-01 1.042800e-02 1.469360e-01
105 8.410280e-01 1.026000e-02 1.487120e-01
106 8.394360e-01 9.988000e-03 1.505760e-01
107 8.379560e-01 9.752000e-03 1.522920e-01
108 8.364640e-01 9.540000e-03 1.539960e-01
109 8.349640e-01 9.448000e-03 1.555880e-01
110 8.334120e-01 9.492000e-03 1.570960e-01
111 8.318240e-01 9.372000e-03 1.588040e-01
112 8.301240e-01 9.356000e-03 1.605200e-01
113 8.285880e-01 9.228000e-03 1.621840e-01
114 8.270080e-01 9.404000e-03 1.635880e-01
115 8.253160e-01 9.512000e-03 1.651720e-01
116 8.234760e-01 9.616000e-03 1.669080e-01
117 8.218360e-01 9.616000e-03 1.685480e-01
118 8.202560e-01 9.580000e-03 1.701640e-01
119 8.188120e-01 9.316000e-03 1.718720e-01
120 8.173680e-01 9.124000e-03 1.735080e-01
121 8.159640e-01 8.812000e-03 1.752240e-01
122 8.144640e-01 8.740000e-03 1.767960e-01
123 8.129800e-01 8.728000e-03 1.782920e-01
124 8.114720e-01 8.700000e-03 1.798280e-01
125 8.099320e-01 8.692000e-03 1.813760e-01
126 8.083720e-01 8.820000e-03 1.828080e-01
127 8.068280e-01 8.796000e-03 1.843760e-01
128 8.054040e-01 8.712000e-03 1.858840e-01
129 8.041280e-01 8.476000e-03 1.873960e-01
130 8.028440e-01 8.400000e-03 1.887560e-01
131 8.013360e-01 8.348000e-03 1.903160e-01
132 7.999720e-01 8.236000e-03 1.917920e-01
133 7.987480e-01 8.004000e-03 1.932480e-01
134 7.973080e-01 8.052000e-03 1.946400e-01
135 7.959000e-01 8.168000e-03 1.959320e-01
136 7.944720e-01 8.204000e-03 1.973240e-01
137 7.930080e-01 8.320000e-03 1.986720e-01
138 7.916880e-01 8.324000e-03 1.999880e-01
139 7.903720e-01 8.104000e-03 2.015240e-01
140 7.889720e-01 8.152000e-03 2.028760e-01
141 7.877160e-01 7.992000e-03 2.042920e-01
142 7.863000e-01 8.068000e-03 2.056320e-01
143 7.849720e-01 8.000000e-03 2.070280e-01
144 7.837680e-01 7.888000e-03 2.083440e-01
145 7.823640e-01 7.892000e-03 2.097440e-01
146 7.810360e-01 7.896000e-03 2.110680e-01
147 7.796840e-01 7.924000e-03 2.123920e-01
148 7.780880e-01 8.092000e-03 2.138200e-01
149 7.766040e-01 8.092000e-03 2.153040e-01
150 7.752400e-01 8.096000e-03 2.166640e-01
151 7.736920e-01 8.228000e-03 2.180800e-01
152 7.723120e-01 8.276000e-03 2.194120e-01
153 7.708440e-01 8.384000e-03 2.207720e-01
154 7.693960e-01 8.420000e-03 2.221840e-01
155 7.681360e-01 8.004000e-03 2.238600e-01
156 7.669160e-01 7.748000e-03 2.253360e-01
157 7.655360e-01 7.788000e-03 2.266760e-01
158 7.641000e-01 7.868000e-03 2.280320e-01
159 7.627360e-01 7.924000e-03 2.293400e-01
160 7.613920e-01 7.884000e-03 2.307240e-01
161 7.602440e-01 7.628000e-03 2.321280e-01
162 7.589800e-01 7.592000e-03 2.334280e-01
163 7.577600e-01 7.432000e-03 2.348080e-01
164 7.565720e-01 7.244000e-03 2.361840e-01
165 7.553600e-01 7.224000e-03 2.374160e-01
166 7.541160e-01 7.132000e-03 2.387520e-01
167 7.528560e-01 7.044000e-03 2.401000e-01
168 7.515440e-01 7.024000e-03 2.414320e-01
169 7.503000e-01 7.048000e-03 2.426520e-01
170 7.490520e-01 6.960000e-03 2.439880e-01
171 7.478440e-01 6.944000e-03 2.452120e-01
172 7.465960e-01 7.084000e-03 2.463200e-01
173 7.453280e-01 7.088000e-03 2.475840e-01
174 7.439880e-01 7.256000e-03 2.487560e-01
175 7.426680e-01 7.388000e-03 2.499440e-01
176 7.414400e-01 7.408000e-03 2.511520e-01
177 7.402920e-01 7.348000e-03 2.523600e-01
178 7.390320e-01 7.432000e-03 2.535360e-01
179 7.377160e-01 7.468000e-03 2.548160e-01
180 7.365360e-01 7.328000e-03 2.561360e-01
181 7.354680e-01 7.152000e-03 2.573800e-01
182 7.343560e-01 7.000000e-03 2.586440e-01
183 7.331360e-01 6.996000e-03 2.598680e-01
184 7.320560e-01 6.860000e-03 2.610840e-01
185 7.310000e-01 6.800000e-03 2.622000e-01
186 7.300040e-01 6.484000e-03 2.635120e-01
187 7.289160e-01 6.372000e-03 2.647120e-01
188 7.278840e-01 6.384000e-03 2.657320e-01
189 7.269440e-01 6.160000e-03 2.668960e-01
190 7.258880e-01 6.132000e-03 2.679800e-01
191 7.248840e-01 6.072000e-03 2.690440e-01
192 7.239560e-01 5.900000e-03 2.701440e-01
193 7.229680e-01 5.784000e-03 2.712480e-01
194 7.220640e-01 5.680000e-03 2.722560e-01
195 7.211480e-01 5.616000e-03 2.732360e-01
196 7.200640e-01 5.780000e-03 2.741560e-01
197 7.190400e-01 5.768000e-03 2.751920e-01
198 7.180800e-01 5.788000e-03 2.761320e-01
199 7.171480e-01 5.720000e-03 2.771320e-01
200 7.162520e-01 5.572000e-03 2.781760e-01
201 7.153720e-01 5.556000e-03 2.790720e-01
202 7.144520e-01 5.396000e-03 2.801520e-01
203 7.134800e-01 5.316000e-03 2.812040e-01
204 7.125480e-01 5.340000e-03 2.821120e-01
205 7.116560e-01 5.276000e-03 2.830680e-01
206 7.107480e-01 5.288000e-03 2.839640e-01
207 7.097360e-01 5.352000e-03 2.849120e-01
208 7.089240e-01 5.220000e-03 2.858560e-01
209 7.080000e-01 5.276000e-03 2.867240e-01
210 7.070520e-01 5.404000e-03 2.875440e-01
211 7.061960e-01 5.344000e-03 2.884600e-01
212 7.053040e-01 5.288000e-03 2.894080e-01
213 7.042160e-01 5.360000e-03 2.904240e-01
214 7.034080e-01 5.200000e-03 2.913920e-01
215 7.025640e-01 5.196000e-03 2.922400e-01
216 7.018160e-01 5.000000e-03 2.931840e-01
217 7.010680e-01 4.912000e-03 2.940200e-01
218 7.002480e-01 4.912000e-03 2.948400e-01
219 6.995280e-01 4.840000e-03 2.956320e-01
220 6.987760e-01 4.772000e-03 2.964520e-01
221 6.980920e-01 4.668000e-03 2.972400e-01
222 6.973720e-01 4.620000e-03 2.980080e-01
223 6.966600e-01 4.552000e-03 2.987880e-01
224 6.959720e-01 4.436000e-03 2.995920e-01
225 6.953000e-01 4.268000e-03 3.004320e-01
226 6.946000e-01 4.188000e-03 3.012120e-01
227 6.939960e-01 4.060000e-03 3.019440e-01
228 6.933040e-01 4.028000e-03 3.026680e-01
229 6.925720e-01 4.092000e-03 3.033360e-01
230 6.919480e-01 3.968000e-03 3.040840e-01
231 6.912320e-01 4.004000e-03 3.047640e-01
232 6.904880e-01 3.956000e-03 3.055560e-01
233 6.898880e-01 3.848000e-03 3.062640e-01
234 6.892600e-01 3.796000e-03 3.069440e-01
235 6.886320e-01 3.760000e-03 3.076080e-01
236 6.879720e-01 3.832000e-03 3.081960e-01
237 6.873320e-01 3.828000e-03 3.088400e-01
238 6.865800e-01 3.896000e-03 3.095240e-01
239 6.859680e-01 3.812000e-03 3.102200e-01
240 6.853840e-01 3.656000e-03 3.109600e-01
241 6.848160e-01 3.548000e-03 3.116360e-01
242 6.842480e-01 3.476000e-03 3.122760e-01
243 6.837440e-01 3.336000e-03 3.129200e-01
244 6.831880e-01 3.284000e-03 3.135280e-01
245 6.826800e-01 3.204000e-03 3.141160e-01
246 6.821360e-01 3.184000e-03 3.146800e-01
247 6.815680e-01 3.200000e-03 3.152320e-01
248 6.810360e-01 3.144000e-03 3.158200e-01
249 6.805640e-01 3.068000e-03 3.163680e-01
250 6.799600e-01 3.228000e-03 3.168120e-01
251 6.794160e-01 3.212000e-03 3.173720e-01
252 6.787720e-01 3.344000e-03 3.178840e-01
253 6.781280e-01 3.416000e-03 3.184560e-01
254 6.775160e-01 3.412000e-03 3.190720e-01
255 6.770200e-01 3.308000e-03 3.196720e-01
256 6.764040e-01 3.336000e-03 3.202600e-01
257 6.758160e-01 3.264000e-03 3.209200e-01
258 6.751880e-01 3.268000e-03 3.215440e-01
259 6.745920e-01 3.356000e-03 3.220520e-01
260 6.740520e-01 3.284000e-03 3.226640e-01
261 6.734480e-01 3.236000e-03 3.233160e-01
262 6.728080e-01 3.276000e-03 3.239160e-01
263 6.722440e-01 3.236000e-03 3.245200e-01
264 6.717560e-01 3.200000e-03 3.250440e-01
265 6.712200e-01 3.212000e-03 3.255680e-01
266 6.707000e-01 3.176000e-03 3.261240e-01
267 6.702440e-01 3.132000e-03 3.266240e-01
268 6.697520e-01 3.088000e-03 3.271600e-01
269 6.692800e-01 3.004000e-03 3.277160e-01
270 6.688160e-01 2.944000e-03 3.282400e-01
271 6.683800e-01 2.928000e-03 3.286920e-01
272 6.679480e-01 2.856000e-03 3.291960e-01
273 6.675240e-01 2.872000e-03 3.296040e-01
274 6.670640e-01 2.800000e-03 3.301360e-01
275 6.666720e-01 2.688000e-03 3.306400e-01
276 6.662560e-01 2.640000e-03 3.311040e-01
277 6.659080e-01 2.544000e-03 3.315480e-01
278 6.654520e-01 2.604000e-03 3.319440e-01
279 6.650560e-01 2.560000e-03 3.323840e-01
280 6.645600e-01 2.672000e-03 3.327680e-01
281 6.640680e-01 2.628000e-03 3.333040e-01
282 6.636240e-01 2.572000e-03 3.338040e-01
283 6.631840e-01 2.496000e-03 3.343200e-01
284 6.627280e-01 2.484000e-03 3.347880e-01
285 6.623000e-01 2.412000e-03 3.352880e-01
286 6.618600e-01 2.396000e-03 3.357440e-01
287 6.614200e-01 2.444000e-03 3.361360e-01
288 6.609800e-01 2.416000e-03 3.366040e-01
289 6.604800e-01 2.480000e-03 3.370400e-01
290 6.600400e-01 2.436000e-03 3.375240e-01
291 6.596160e-01 2.440000e-03 3.379440e-01
292 6.591520e-01 2.524000e-03 3.383240e-01
293 6.587000e-01 2.488000e-03 3.388120e-01
294 6.582400e-01 2.568000e-03 3.391920e-01
295 6.578320e-01 2.580000e-03 3.395880e-01
296 6.573560e-01 2.596000e-03 3.400480e-01
297 6.568720e-01 2.648000e-03 3.404800e-01
298 6.564760e-01 2.524000e-03 3.410000e-01
299 6.560920e-01 2.488000e-03 3.414200e-01
300 6.556800e-01 2.464000e-03 3.418560e-01
301 6.553440e-01 2.344000e-03 3.423120e-01
302 6.549080e-01 2.348000e-03 3.427440e-01
303 6.545000e-01 2.360000e-03 3.431400e-01
304 6.541680e-01 2.208000e-03 3.436240e-01
305 6.538120e-01 2.160000e-03 3.440280e-01
306 6.534480e-01 2.124000e-03 3.444280e-01
307 6.531160e-01 2.088000e-03 3.447960e-01
308 6.527760e-01 1.972000e-03 3.452520e-01
309 6.524600e-01 1.980000e-03 3.455600e-01
310 6.520840e-01 1.980000e-03 3.459360e-01
311 6.517840e-01 1.940000e-03 3.462760e-01
312 6.514480e-01 1.876000e-03 3.466760e-01
313 6.511920e-01 1.816000e-03 3.469920e-01
314 6.509280e-01 1.796000e-03 3.472760e-01
315 6.506560e-01 1.724000e-03 3.476200e-01
316 6.504440e-01 1.656000e-03 3.479000e-01
317 6.502920e-01 1.504000e-03 3.482040e-01
318 6.500280e-01 1.512000e-03 3.484600e-01
319 6.497440e-01 1.572000e-03 3.486840e-01
320 6.495320e-01 1.504000e-03 3.489640e-01
321 6.493080e-01 1.412000e-03 3.492800e-01
322 6.490880e-01 1.412000e-03 3.495000e-01
323 6.488000e-01 1.464000e-03 3.497360e-01
324 6.485600e-01 1.476000e-03 3.499640e-01
325 6.483120e-01 1.500000e-03 3.501880e-01
326 6.481200e-01 1.388000e-03 3.504920e-01
327 6.478760e-01 1.380000e-03 3.507440e-01
328 6.476680e-01 1.344000e-03 3.509880e-01
329 6.475040e-01 1.280000e-03 3.512160e-01
330 6.473120e-01 1.268000e-03 3.514200e-01
331 6.471480e-01 1.144000e-03 3.517080e-01
332 6.469520e-01 1.108000e-03 3.519400e-01
333 6.467840e-01 1.104000e-03 3.521120e-01
334 6.466280e-01 1.060000e-03 3.523120e-01
335 6.464240e-01 1.096000e-03 3.524800e-01
336 6.462520e-01 1.040000e-03 3.527080e-01
337 6.460880e-01 1.036000e-03 3.528760e-01
338 6.459440e-01 9.800000e-04 3.530760e-01
339 6.457960e-01 9.520000e-04 3.532520e-01
340 6.456280e-01 9.760000e-04 3.533960e-01
341 6.454720e-01 9.680000e-04 3.535600e-01
342 6.453360e-01 9.040000e-04 3.537600e-01
343 6.452480e-01 8.520000e-04 3.539000e-01
344 6.451440e-01 7.840000e-04 3.540720e-01
345 6.450600e-01 7.360000e-04 3.542040e-01
346 6.449600e-01 7.120000e-04 3.543280e-01
347 6.449000e-01 6.560000e-04 3.544440e-01
348 6.448240e-01 5.960000e-04 3.545800e-01
349 6.446920e-01 6.440000e-04 3.546640e-01
350 6.446000e-01 6.120000e-04 3.547880e-01
351 6.444680e-01 6.280000e-04 3.549040e-01
352 6.443800e-01 5.960000e-04 3.550240e-01
353 6.442880e-01 5.640000e-04 3.551480e-01
354 6.441680e-01 5.960000e-04 3.552360e-01
355 6.440320e-01 6.040000e-04 3.553640e-01
356 6.439440e-01 5.920000e-04 3.554640e-01
357 6.438320e-01 6.080000e-04 3.555600e-01
358 6.437200e-01 6.320000e-04 3.556480e-01
359 6.436480e-01 5.960000e-04 3.557560e-01
360 6.435480e-01 5.720000e-04 3.558800e-01
361 6.433800e-01 6.400000e-04 3.559800e-01
362 6.432720e-01 5.880000e-04 3.561400e-01
363 6.431360e-01 6.160000e-04 3.562480e-01
364 6.430440e-01 6.080000e-04 3.563480e-01
365 6.429560e-01 6.040000e-04 3.564400e-01
366 6.428600e-01 6.040000e-04 3.565360e-01
367 6.427600e-01 5.960000e-04 3.566440e-01
368 6.426800e-01 5.760000e-04 3.567440e-01
369 6.425760e-01 5.520000e-04 3.568720e-01
370 6.424880e-01 5.440000e-04 3.569680e-01
371 6.424200e-01 5.120000e-04 3.570680e-01
372 6.423280e-01 5.280000e-04 3.571440e-01
373 6.422160e-01 5.600000e-04 3.572240e-01
374 6.420920e-01 6.080000e-04 3.573000e-01
375 6.420000e-01 5.800000e-04 3.574200e-01
376 6.419040e-01 5.560000e-04 3.575400e-01
377 6.417520e-01 6.160000e-04 3.576320e-01
378 6.416560e-01 6.240000e-04 3.577200e-01
379 6.415400e-01 6.160000e-04 3.578440e-01
380 6.413840e-01 6.600000e-04 3.579560e-01
381 6.412800e-01 6.320000e-04 3.580880e-01
382 6.411680e-01 6.120000e-04 3.582200e-01
383 6.411040e-01 5.720000e-04 3.583240e-01
384 6.409960e-01 5.840000e-04 3.584200e-01
385 6.408880e-01 6.040000e-04 3.585080e-01
386 6.407640e-01 6.080000e-04 3.586280e-01
387 6.406240e-01 6.440000e-04 3.587320e-01
388 6.405160e-01 6.400000e-04 3.588440e-01
389 6.404000e-01 6.560000e-04 3.589440e-01
390 6.402880e-01 6.640000e-04 3.590480e-01
391 6.401800e-01 6.680000e-04 3.591520e-01
392 6.400320e-01 7.080000e-04 3.592600e-01
393 6.399400e-01 6.840000e-04 3.593760e-01
394 6.398400e-01 6.720000e-04 3.594880e-01
395 6.397520e-01 6.240000e-04 3.596240e-01
396 6.397080e-01 5.640000e-04 3.597280e-01
397 6.396400e-01 5.240000e-04 3.598360e-01
398 6.395560e-01 5.120000e-04 3.599320e-01
399 6.394800e-01 4.960000e-04 3.600240e-01
400 6.394360e-01 4.360000e-04 3.601280e-01
401 6.393880e-01 4.120000e-04 3.602000e-01
402 6.393280e-01 3.720000e-04 3.603000e-01
403 6.392920e-01 3.600000e-04 3.603480e-01
404 6.392360e-01 3.320000e-04 3.604320e-01
405 6.391920e-01 3.360000e-04 3.604720e-01
406 6.391080e-01 3.520000e-04 3.605400e-01
407 6.390720e-01 3.400000e-04 3.605880e-01
408 6.390000e-01 3.600000e-04 3.606400e-01
409 6.389040e-01 4.080000e-04 3.606880e-01
410 6.388240e-01 4.160000e-04 3.607600e-01
411 6.387720e-01 3.680000e-04 3.608600e-01
412 6.387280e-01 3.640000e-04 3.609080e-01
413 6.386640e-01 3.600000e-04 3.609760e-01
414 6.386200e-01 3.400000e-04 3.610400e-01
415 6.385760e-01 3.400000e-04 3.610840e-01
416 6.385000e-01 3.440000e-04 3.611560e-01
417 6.384640e-01 3.280000e-04 3.612080e-01
418 6.384120e-01 3.280000e-04 3.612600e-01
419 6.383440e-01 3.200000e-04 3.613360e-01
420 6.383200e-01 2.920000e-04 3.613880e-01
421 6.382800e-01 2.880000e-04 3.614320e-01
422 6.382440e-01 2.680000e-04 3.614880e-01
423 6.382120e-01 2.360000e-04 3.615520e-01
424 6.381720e-01 2.480000e-04 3.615800e-01
425 6.381440e-01 2.160000e-04 3.616400e-01
426 6.380920e-01 2.320000e-04 3.616760e-01
427 6.380760e-01 2.120000e-04 3.617120e-01
428 6.380440e-01 1.920000e-04 3.617640e-01
429 6.380200e-01 2.040000e-04 3.617760e-01
430 6.379840e-01 2.160000e-04 3.618000e-01
431 6.379520e-01 2.160000e-04 3.618320e-01
432 6.379080e-01 2.120000e-04 3.618800e-01
433 6.378760e-01 2.080000e-04 3.619160e-01
434 6.378640e-01 1.840000e-04 3.619520e-01
435 6.378360e-01 1.760000e-04 3.619880e-01
436 6.378240e-01 1.640000e-04 3.620120e-01
437 6.378080e-01 1.640000e-04 3.620280e-01
438 6.377640e-01 1.760000e-04 3.620600e-01
439 6.377480e-01 1.640000e-04 3.620880e-01
440 6.376840e-01 1.960000e-04 3.621200e-01
441 6.376680e-01 1.920000e-04 3.621400e-01
442 6.376240e-01 1.880000e-04 3.621880e-01
443 6.376040e-01 1.640000e-04 3.622320e-01
444 6.375880e-01 1.480000e-04 3.622640e-01
445 6.375640e-01 1.400000e-04 3.622960e-01
446 6.375360e-01 1.200000e-04 3.623440e-01
447 6.374960e-01 1.360000e-04 3.623680e-01
448 6.374320e-01 1.680000e-04 3.624000e-01
449 6.373880e-01 1.880000e-04 3.624240e-01
450 6.373440e-01 2.280000e-04 3.624280e-01
451 6.372560e-01 2.680000e-04 3.624760e-01
452 6.371520e-01 3.240000e-04 3.625240e-01
453 6.370640e-01 3.440000e-04 3.625920e-01
454 6.370160e-01 3.400000e-04 3.626440e-01
455 6.369920e-01 2.880000e-04 3.627200e-01
456 6.369720e-01 2.560000e-04 3.627720e-01
457 6.369360e-01 2.480000e-04 3.628160e-01
458 6.369160e-01 2.240000e-04 3.628600e-01
459 6.368840e-01 2.240000e-04 3.628920e-01
460 6.368520e-01 2.320000e-04 3.629160e-01
461 6.368360e-01 2.040000e-04 3.629600e-01
462 6.368240e-01 1.760000e-04 3.630000e-01
463 6.367920e-01 1.960000e-04 3.630120e-01
464 6.367840e-01 1.840000e-04 3.630320e-01
465 6.367520e-01 1.880000e-04 3.630600e-01
466 6.367240e-01 2.000000e-04 3.630760e-01
467 6.367040e-01 1.880000e-04 3.631080e-01
468 6.366760e-01 1.680000e-04 3.631560e-01
469 6.366440e-01 1.880000e-04 3.631680e-01
470 6.365960e-01 2.040000e-04 3.632000e-01
471 6.365400e-01 2.200000e-04 3.632400e-01
472 6.365000e-01 2.160000e-04 3.632840e-01
473 6.364480e-01 2.120000e-04 3.633400e-01
474 6.364080e-01 2.200000e-04 3.633720e-01
475 6.363400e-01 2.520000e-04 3.634080e-01
476 6.363160e-01 2.360000e-04 3.634480e-01
477 6.362840e-01 2.240000e-04 3.634920e-01
478 6.362280e-01 2.240000e-04 3.635480e-01
479 6.362200e-01 1.840000e-04 3.635960e-01
480 6.361880e-01 2.000000e-04 3.636120e-01
481 6.361360e-01 1.840000e-04 3.636800e-01
482 6.361040e-01 1.800000e-04 3.637160e-01
483 6.360680e-01 1.880000e-04 3.637440e-01
484 6.360320e-01 1.880000e-04 3.637800e-01
485 6.360000e-01 1.840000e-04 3.638160e-01
486 6.359560e-01 2.120000e-04 3.638320e-01
487 6.359040e-01 2.240000e-04 3.638720e-01
488 6.358520e-01 2.320000e-04 3.639160e-01
489 6.358040e-01 2.280000e-04 3.639680e-01
490 6.357640e-01 2.360000e-04 3.640000e-01
491 6.357280e-01 2.400000e-04 3.640320e-01
492 6.357080e-01 2.000000e-04 3.640920e-01
493 6.356840e-01 2.000000e-04 3.641160e-01
494 6.356720e-01 1.640000e-04 3.641640e-01
495 6.356400e-01 1.520000e-04 3.642080e-01
496 6.356040e-01 1.640000e-04 3.642320e-01
497 6.355880e-01 1.480000e-04 3.642640e-01
498 6.355760e-01 1.360000e-04 3.642880e-01
499 6.355400e-01 1.360000e-04 3.643240e-01
500 6.355320e-01 1.200000e-04 3.643480e-01
