1 9.992240e-01 7.080000e-04 6.800000e-05
2 9.986880e-01 1.076000e-03 2.360000e-04
3 9.980240e-01 1.536000e-03 4.400000e-04
4 9.973240e-01 1.920000e-03 7.560000e-04
5 9.964880e-01 2.392000e-03 1.120000e-03
6 9.956160e-01 2.832000e-03 1.552000e-03
7 9.945200e-01 3.444000e-03 2.036000e-03
8 9.935560e-01 3.792000e-03 2.652000e-03
9 9.924600e-01 4.200000e-03 3.340000e-03
10 9.913120e-01 4.652000e-03 4.036000e-03
11 9.901640e-01 4.884000e-03 4.952000e-03
12 9.889680e-01 5.140000e-03 5.892000e-03
13 9.877160e-01 5.516000e-03 6.768000e-03
14 9.864880e-01 5.812000e-03 7.700000e-03
15 9.852040e-01 6.076000e-03 8.720000e-03
16 9.838680e-01 6.372000e-03 9.760000e-03
17 9.824560e-01 6.636000e-03 1.090800e-02
18 9.812600e-01 6.620000e-03 1.212000e-02
19 9.797960e-01 6.912000e-03 1.329200e-02
20 9.783400e-01 7.236000e-03 1.442400e-02
21 9.768280e-01 7.428000e-03 1.574400e-02
22 9.752720e-01 7.756000e-03 1.697200e-02
23 9.739160e-01 7.680000e-03 1.840400e-02
24 9.725960e-01 7.648000e-03 1.975600e-02
25 9.711840e-01 7.672000e-03 2.114400e-02
26 9.696800e-01 7.872000e-03 2.244800e-02
27 9.681720e-01 8.040000e-03 2.378800e-02
28 9.667320e-01 8.116000e-03 2.515200e-02
29 9.652400e-01 8.232000e-03 2.652800e-02
30 9.635640e-01 8.408000e-03 2.802800e-02
31 9.621560e-01 8.316000e-03 2.952800e-02
32 9.606640e-01 8.312000e-03 3.102400e-02
33 9.591160e-01 8.280000e-03 3.260400e-02
34 9.576320e-01 8.184000e-03 3.418400e-02
35 9.562360e-01 8.252000e-03 3.551200e-02
36 9.547360e-01 8.300000e-03 3.696400e-02
37 9.531800e-01 8.440000e-03 3.838000e-02
38 9.515640e-01 8.548000e-03 3.988800e-02
39 9.499560e-01 8.680000e-03 4.136400e-02
40 9.482960e-01 8.668000e-03 4.303600e-02
41 9.466040e-01 8.968000e-03 4.442800e-02
42 9.451840e-01 8.820000e-03 4.599600e-02
43 9.435040e-01 9.048000e-03 4.744800e-02
44 9.420120e-01 9.048000e-03 4.894000e-02
45 9.405080e-01 8.924000e-03 5.056800e-02
46 9.390360e-01 8.744000e-03 5.222000e-02
47 9.374280e-01 8.824000e-03 5.374800e-02
48 9.357480e-01 8.824000e-03 5.542800e-02
49 9.340400e-01 8.948000e-03 5.701200e-02
50 9.322920e-01 9.088000e-03 5.862000e-02
51 9.305520e-01 9.356000e-03 6.009200e-02
52 9.288520e-01 9.336000e-03 6.181200e-02
53 9.271680e-01 9.328000e-03 6.350400e-02
54 9.253840e-01 9.524000e-03 6.509200e-02
55 9.236440e-01 9.688000e-03 6.666800e-02
56 9.219840e-01 9.600000e-03 6.841600e-02
57 9.204320e-01 9.544000e-03 7.002400e-02
58 9.187520e-01 9.612000e-03 7.163600e-02
59 9.168440e-01 9.796000e-03 7.336000e-02
60 9.148680e-01 1.004800e-02 7.508400e-02
61 9.130400e-01 1.011600e-02 7.684400e-02
62 9.112440e-01 1.020000e-02 7.855600e-02
63 9.094520e-01 1.031200e-02 8.023600e-02
64 9.076800e-01 1.023200e-02 8.208800e-02
65 9.057480e-01 1.038400e-02 8.386800e-02
66 9.037920e-01 1.048400e-02 8.572400e-02
67 9.018440e-01 1.069600e-02 8.746000e-02
68 8.998920e-01 1.074000e-02 8.936800e-02
69 8.978920e-01 1.092000e-02 9.118800e-02
70 8.959840e-01 1.096400e-02 9.305200e-02
71 8.939880e-01 1.102000e-02 9.499200e-02
72 8.920000e-01 1.096400e-02 9.703600e-02
73 8.899240e-01 1.112400e-02 9.895200e-02
74 8.879920e-01 1.105200e-02 1.009560e-01
75 8.859320e-01 1.121200e-02 1.028560e-01
76 8.840280e-01 1.110000e-02 1.048720e-01
77 8.822160e-01 1.090000e-02 1.068840e-01
78 8.806200e-01 1.071200e-02 1.086680e-01
79 8.789000e-01 1.060000e-02 1.105000e-01
80 8.770560e-01 1.057200e-02 1.123720e-01
81 8.753000e-01 1.046800e-02 1.142320e-01
82 8.734200e-01 1.063600e-02 1.159440e-01
83 8.715680e-01 1.060800e-02 1.178240e-01
84 8.695480e-01 1.084400e-02 1.196080e-01
85 8.675840e-01 1.093200e-02 1.214840e-01
86 8.657920e-01 1.086400e-02 1.233440e-01
87 8.638920e-01 1.067200e-02 1.254360e-01
88 8.619920e-01 1.066400e-02 1.273440e-01
89 8.600920e-01 1.068000e-02 1.292280e-01
90 8.581760e-01 1.065600e-02 1.311680e-01
91 8.563480e-01 1.067200e-02 1.329800e-01
92 8.545320e-01 1.064800e-02 1.348200e-01
93 8.526440e-01 1.074400e-02 1.366120e-01
94 8.508160e-01 1.080000e-02 1.383840e-01
95 8.489520e-01 1.087600e-02 1.401720e-01
96 8.469720e-01 1.084000e-02 1.421880e-01
97 8.451000e-01 1.094400e-02 1.439560e-01
98 8.431680e-01 1.102400e-02 1.458080e-01
99 8.411480e-01 1.116000e-02 1.476920e-01
100 8.391000e-01 1.125200e-02 1.496480e-01
101 8.371160e-01 1.130000e-02 1.515840e-01
102 8.353840e-01 1.106800e-02 1.535480e-01
103 8.334040e-01 1.112400e-02 1.554720e-01
104 8.313600e-01 1.121600e-02 1.574240e-01
105 8.294600e-01 1.120800e-02 1.593320e-01
106 8.277760e-01 1.093600e-02 1.612880e-01
107 8.259600e-01 1.086000e-02 1.631800e-01
108 8.240440e-01 1.086400e-02 1.650920e-01
109 8.222320e-01 1.085200e-02 1.669160e-01
110 8.203520e-01 1.078400e-02 1.688640e-01
111 8.185720e-01 1.064400e-02 1.707840e-01
112 8.168800e-01 1.050400e-02 1.726160e-01
113 8.149200e-01 1.050800e-02 1.745720e-01
114 8.129840e-01 1.081200e-02 1.762040e-01
115 8.110480e-01 1.074800e-02 1.782040e-01
116 8.092600e-01 1.060400e-02 1.801360e-01
117 8.074400e-01 1.056800e-02 1.819920e-01
118 8.057440e-01 1.062000e-02 1.836360e-01
119 8.041200e-01 1.036000e-02 1.855200e-01
120 8.024560e-01 1.030800e-02 1.872360e-01
121 8.007720e-01 1.016000e-02 1.890680e-01
122 7.988680e-01 1.025600e-02 1.908760e-01
123 7.971440e-01 1.008000e-02 1.927760e-01
124 7.953880e-01 1.008400e-02 1.945280e-01
125 7.937520e-01 9.888000e-03 1.963600e-01
126 7.922360e-01 9.716000e-03 1.980480e-01
127 7.904920e-01 9.812000e-03 1.996960e-01
128 7.888120e-01 9.932000e-03 2.012560e-01
129 7.872160e-01 9.804000e-03 2.029800e-01
130 7.856000e-01 9.820000e-03 2.045800e-01
131 7.839720e-01 9.736000e-03 2.062920e-01
132 7.822760e-01 9.828000e-03 2.078960e-01
133 7.806360e-01 9.704000e-03 2.096600e-01
134 7.791080e-01 9.600000e-03 2.112920e-01
135 7.775160e-01 9.644000e-03 2.128400e-01
136 7.760800e-01 9.404000e-03 2.145160e-01
137 7.746800e-01 9.120000e-03 2.162000e-01
138 7.732120e-01 8.944000e-03 2.178440e-01
139 7.716720e-01 8.844000e-03 2.194840e-01
140 7.701480e-01 8.916000e-03 2.209360e-01
141 7.685160e-01 9.044000e-03 2.224400e-01
142 7.670320e-01 8.840000e-03 2.241280e-01
143 7.654000e-01 8.924000e-03 2.256760e-01
144 7.638240e-01 8.988000e-03 2.271880e-01
145 7.622120e-01 9.076000e-03 2.287120e-01
146 7.607040e-01 8.976000e-03 2.303200e-01
147 7.590320e-01 9.196000e-03 2.317720e-01
148 7.573800e-01 9.252000e-03 2.333680e-01
149 7.558280e-01 9.052000e-03 2.351200e-01
150 7.544160e-01 8.872000e-03 2.367120e-01
151 7.529040e-01 8.760000e-03 2.383360e-01
152 7.515240e-01 8.524000e-03 2.399520e-01
153 7.501040e-01 8.480000e-03 2.414160e-01
154 7.488280e-01 8.272000e-03 2.429000e-01
155 7.475240e-01 8.216000e-03 2.442600e-01
156 7.462640e-01 8.180000e-03 2.455560e-01
157 7.448240e-01 8.264000e-03 2.469120e-01
158 7.435080e-01 8.104000e-03 2.483880e-01
159 7.422160e-01 8.016000e-03 2.497680e-01
160 7.410120e-01 7.892000e-03 2.510960e-01
161 7.398280e-01 7.848000e-03 2.523240e-01
162 7.385160e-01 7.764000e-03 2.537200e-01
163 7.371960e-01 7.736000e-03 2.550680e-01
164 7.359960e-01 7.644000e-03 2.563600e-01
165 7.346800e-01 7.712000e-03 2.576080e-01
166 7.333040e-01 7.768000e-03 2.589280e-01
167 7.320720e-01 7.704000e-03 2.602240e-01
168 7.308560e-01 7.540000e-03 2.616040e-01
169 7.296840e-01 7.360000e-03 2.629560e-01
170 7.285640e-01 7.308000e-03 2.641280e-01
171 7.274280e-01 7.176000e-03 2.653960e-01
172 7.260760e-01 7.188000e-03 2.667360e-01
173 7.250120e-01 7.124000e-03 2.678640e-01
174 7.237280e-01 7.084000e-03 2.691880e-01
175 7.226520e-01 6.884000e-03 2.704640e-01
176 7.216440e-01 6.644000e-03 2.717120e-01
177 7.205880e-01 6.596000e-03 2.728160e-01
178 7.195160e-01 6.532000e-03 2.739520e-01
179 7.186600e-01 6.444000e-03 2.748960e-01
180 7.177240e-01 6.196000e-03 2.760800e-01
181 7.166280e-01 6.204000e-03 2.771680e-01
182 7.157040e-01 6.076000e-03 2.782200e-01
183 7.146080e-01 6.284000e-03 2.791080e-01
184 7.135680e-01 6.240000e-03 2.801920e-01
185 7.125720e-01 6.024000e-03 2.814040e-01
186 7.116280e-01 5.904000e-03 2.824680e-01
187 7.106840e-01 5.868000e-03 2.834480e-01
188 7.096600e-01 5.808000e-03 2.845320e-01
189 7.087720e-01 5.708000e-03 2.855200e-01
190 7.076280e-01 5.864000e-03 2.865080e-01
191 7.065320e-01 5.860000e-03 2.876080e-01
192 7.055520e-01 5.732000e-03 2.887160e-01
193 7.046840e-01 5.612000e-03 2.897040e-01
194 7.038080e-01 5.508000e-03 2.906840e-01
195 7.030480e-01 5.280000e-03 2.916720e-01
196 7.021400e-01 5.276000e-03 2.925840e-01
197 7.013880e-01 5.120000e-03 2.934920e-01
198 7.006240e-01 5.036000e-03 2.943400e-01
199 6.998120e-01 5.004000e-03 2.951840e-01
200 6.991360e-01 4.772000e-03 2.960920e-01
201 6.984960e-01 4.536000e-03 2.969680e-01
202 6.977200e-01 4.520000e-03 2.977600e-01
203 6.969600e-01 4.400000e-03 2.986400e-01
204 6.962480e-01 4.320000e-03 2.994320e-01
205 6.955160e-01 4.244000e-03 3.002400e-01
206 6.948560e-01 4.196000e-03 3.009480e-01
207 6.941400e-01 4.188000e-03 3.016720e-01
208 6.933800e-01 4.172000e-03 3.024480e-01
209 6.927040e-01 4.128000e-03 3.031680e-01
210 6.921080e-01 3.976000e-03 3.039160e-01
211 6.914640e-01 3.940000e-03 3.045960e-01
212 6.908600e-01 3.832000e-03 3.053080e-01
213 6.902080e-01 3.820000e-03 3.059720e-01
214 6.896480e-01 3.716000e-03 3.066360e-01
215 6.889240e-01 3.820000e-03 3.072560e-01
216 6.882280e-01 3.908000e-03 3.078640e-01
217 6.875440e-01 3.952000e-03 3.085040e-01
218 6.869040e-01 3.956000e-03 3.091400e-01
219 6.862720e-01 3.872000e-03 3.098560e-01
220 6.855360e-01 3.888000e-03 3.105760e-01
221 6.848520e-01 3.828000e-03 3.113200e-01
222 6.842440e-01 3.756000e-03 3.120000e-01
223 6.836280e-01 3.672000e-03 3.127000e-01
224 6.829520e-01 3.696000e-03 3.133520e-01
225 6.823080e-01 3.640000e-03 3.140520e-01
226 6.816600e-01 3.600000e-03 3.147400e-01
227 6.809760e-01 3.692000e-03 3.153320e-01
228 6.803840e-01 3.592000e-03 3.160240e-01
229 6.798120e-01 3.572000e-03 3.166160e-01
230 6.792800e-01 3.548000e-03 3.171720e-01
231 6.787520e-01 3.504000e-03 3.177440e-01
232 6.781120e-01 3.556000e-03 3.183320e-01
233 6.774840e-01 3.524000e-03 3.189920e-01
234 6.768400e-01 3.524000e-03 3.196360e-01
235 6.763080e-01 3.384000e-03 3.203080e-01
236 6.757680e-01 3.284000e-03 3.209480e-01
237 6.752120e-01 3.260000e-03 3.215280e-01
238 6.746640e-01 3.328000e-03 3.220080e-01
239 6.740280e-01 3.400000e-03 3.225720e-01
240 6.733920e-01 3.404000e-03 3.232040e-01
241 6.728200e-01 3.336000e-03 3.238440e-01
242 6.723200e-01 3.244000e-03 3.244360e-01
243 6.718400e-01 3.224000e-03 3.249360e-01
244 6.712840e-01 3.272000e-03 3.254440e-01
245 6.707920e-01 3.224000e-03 3.259840e-01
246 6.702600e-01 3.188000e-03 3.265520e-01
247 6.697440e-01 3.184000e-03 3.270720e-01
248 6.692200e-01 3.092000e-03 3.276880e-01
249 6.687600e-01 3.048000e-03 3.281920e-01
250 6.682360e-01 3.032000e-03 3.287320e-01
251 6.677360e-01 3.000000e-03 3.292640e-01
252 6.672360e-01 2.976000e-03 3.297880e-01
253 6.666880e-01 2.968000e-03 3.303440e-01
254 6.661480e-01 3.036000e-03 3.308160e-01
255 6.657320e-01 2.948000e-03 3.313200e-01
256 6.652920e-01 2.900000e-03 3.318080e-01
257 6.647760e-01 2.840000e-03 3.323840e-01
258 6.643440e-01 2.788000e-03 3.328680e-01
259 6.638400e-01 2.780000e-03 3.333800e-01
260 6.634200e-01 2.680000e-03 3.339000e-01
261 6.629040e-01 2.656000e-03 3.344400e-01
262 6.624640e-01 2.656000e-03 3.348800e-01
263 6.620360e-01 2.644000e-03 3.353200e-01
264 6.615960e-01 2.652000e-03 3.357520e-01
265 6.610800e-01 2.696000e-03 3.362240e-01
266 6.606760e-01 2.580000e-03 3.367440e-01
267 6.602680e-01 2.536000e-03 3.371960e-01
268 6.599440e-01 2.388000e-03 3.376680e-01
269 6.595840e-01 2.308000e-03 3.381080e-01
270 6.592040e-01 2.328000e-03 3.384680e-01
271 6.588880e-01 2.256000e-03 3.388560e-01
272 6.585840e-01 2.144000e-03 3.392720e-01
273 6.582080e-01 2.148000e-03 3.396440e-01
274 6.579000e-01 2.064000e-03 3.400360e-01
275 6.575600e-01 2.076000e-03 3.403640e-01
276 6.572400e-01 1.996000e-03 3.407640e-01
277 6.569160e-01 1.940000e-03 3.411440e-01
278 6.565960e-01 1.932000e-03 3.414720e-01
279 6.563360e-01 1.828000e-03 3.418360e-01
280 6.560800e-01 1.756000e-03 3.421640e-01
281 6.558240e-01 1.692000e-03 3.424840e-01
282 6.555520e-01 1.632000e-03 3.428160e-01
283 6.552480e-01 1.680000e-03 3.430720e-01
284 6.549760e-01 1.668000e-03 3.433560e-01
285 6.547160e-01 1.628000e-03 3.436560e-01
286 6.544480e-01 1.616000e-03 3.439360e-01
287 6.542240e-01 1.556000e-03 3.442200e-01
288 6.539680e-01 1.552000e-03 3.444800e-01
289 6.536160e-01 1.652000e-03 3.447320e-01
290 6.533800e-01 1.596000e-03 3.450240e-01
291 6.532200e-01 1.448000e-03 3.453320e-01
292 6.530280e-01 1.392000e-03 3.455800e-01
293 6.528240e-01 1.352000e-03 3.458240e-01
294 6.525680e-01 1.376000e-03 3.460560e-01
295 6.523400e-01 1.332000e-03 3.463280e-01
296 6.520960e-01 1.360000e-03 3.465440e-01
297 6.518600e-01 1.328000e-03 3.468120e-01
298 6.516160e-01 1.360000e-03 3.470240e-01
299 6.513320e-01 1.456000e-03 3.472120e-01
300 6.511120e-01 1.424000e-03 3.474640e-01
301 6.508640e-01 1.424000e-03 3.477120e-01
302 6.506440e-01 1.396000e-03 3.479600e-01
303 6.503640e-01 1.444000e-03 3.481920e-01
304 6.500680e-01 1.452000e-03 3.484800e-01
305 6.498200e-01 1.496000e-03 3.486840e-01
306 6.495920e-01 1.444000e-03 3.489640e-01
307 6.493800e-01 1.368000e-03 3.492520e-01
308 6.491600e-01 1.336000e-03 3.495040e-01
309 6.490080e-01 1.232000e-03 3.497600e-01
310 6.487960e-01 1.232000e-03 3.499720e-01
311 6.486000e-01 1.224000e-03 3.501760e-01
312 6.483400e-01 1.276000e-03 3.503840e-01
313 6.481360e-01 1.256000e-03 3.506080e-01
314 6.479120e-01 1.204000e-03 3.508840e-01
315 6.476480e-01 1.232000e-03 3.511200e-01
316 6.474240e-01 1.236000e-03 3.513400e-01
317 6.472200e-01 1.228000e-03 3.515520e-01
318 6.470680e-01 1.192000e-03 3.517400e-01
319 6.468720e-01 1.168000e-03 3.519600e-01
320 6.466840e-01 1.160000e-03 3.521560e-01
321 6.464920e-01 1.148000e-03 3.523600e-01
322 6.462960e-01 1.144000e-03 3.525600e-01
323 6.461080e-01 1.108000e-03 3.527840e-01
324 6.459840e-01 1.024000e-03 3.529920e-01
325 6.458040e-01 1.004000e-03 3.531920e-01
326 6.456800e-01 9.600000e-04 3.533600e-01
327 6.455360e-01 9.560000e-04 3.535080e-01
328 6.453760e-01 9.920000e-04 3.536320e-01
329 6.451880e-01 9.920000e-04 3.538200e-01
330 6.450400e-01 9.640000e-04 3.539960e-01
331 6.448360e-01 1.000000e-03 3.541640e-01
332 6.445960e-01 1.056000e-03 3.543480e-01
333 6.444280e-01 1.032000e-03 3.545400e-01
334 6.443160e-01 9.600000e-04 3.547240e-01
335 6.441760e-01 9.520000e-04 3.548720e-01
336 6.440720e-01 8.920000e-04 3.550360e-01
337 6.439840e-01 8.080000e-04 3.552080e-01
338 6.438840e-01 7.440000e-04 3.553720e-01
339 6.437920e-01 6.720000e-04 3.555360e-01
340 6.436560e-01 6.640000e-04 3.556800e-01
341 6.435640e-01 6.560000e-04 3.557800e-01
342 6.434760e-01 6.240000e-04 3.559000e-01
343 6.434200e-01 5.880000e-04 3.559920e-01
344 6.432640e-01 6.360000e-04 3.561000e-01
345 6.431440e-01 6.240000e-04 3.562320e-01
346 6.430520e-01 6.400000e-04 3.563080e-01
347 6.429400e-01 6.280000e-04 3.564320e-01
348 6.428320e-01 6.560000e-04 3.565120e-01
349 6.427560e-01 6.000000e-04 3.566440e-01
350 6.427040e-01 5.320000e-04 3.567640e-01
351 6.426200e-01 5.200000e-04 3.568600e-01
352 6.424960e-01 5.800000e-04 3.569240e-01
353 6.424360e-01 4.760000e-04 3.570880e-01
354 6.423800e-01 4.600000e-04 3.571600e-01
355 6.423040e-01 4.720000e-04 3.572240e-01
356 6.422520e-01 4.160000e-04 3.573320e-01
357 6.422200e-01 4.160000e-04 3.573640e-01
358 6.421600e-01 4.280000e-04 3.574120e-01
359 6.420880e-01 4.440000e-04 3.574680e-01
360 6.420560e-01 3.920000e-04 3.575520e-01
361 6.419920e-01 4.160000e-04 3.575920e-01
362 6.419160e-01 3.840000e-04 3.577000e-01
363 6.418520e-01 3.960000e-04 3.577520e-01
364 6.417960e-01 4.000000e-04 3.578040e-01
365 6.417720e-01 3.480000e-04 3.578800e-01
366 6.417640e-01 2.920000e-04 3.579440e-01
367 6.417400e-01 2.600000e-04 3.580000e-01
368 6.417240e-01 2.240000e-04 3.580520e-01
369 6.417000e-01 2.280000e-04 3.580720e-01
370 6.416880e-01 2.000000e-04 3.581120e-01
371 6.416680e-01 1.880000e-04 3.581440e-01
372 6.416440e-01 1.840000e-04 3.581720e-01
373 6.416360e-01 1.480000e-04 3.582160e-01
374 6.416080e-01 1.600000e-04 3.582320e-01
375 6.415880e-01 1.440000e-04 3.582680e-01
376 6.415720e-01 1.280000e-04 3.583000e-01
377 6.415480e-01 1.440000e-04 3.583080e-01
378 6.415040e-01 1.720000e-04 3.583240e-01
379 6.414640e-01 1.760000e-04 3.583600e-01
380 6.414200e-01 1.880000e-04 3.583920e-01
381 6.414000e-01 1.720000e-04 3.584280e-01
382 6.413680e-01 1.760000e-04 3.584560e-01
383 6.413440e-01 1.600000e-04 3.584960e-01
384 6.413160e-01 1.640000e-04 3.585200e-01
385 6.412880e-01 1.720000e-04 3.585400e-01
386 6.412480e-01 1.960000e-04 3.585560e-01
387 6.412040e-01 2.160000e-04 3.585800e-01
388 6.411600e-01 2.400000e-04 3.586000e-01
389 6.410840e-01 2.600000e-04 3.586560e-01
390 6.410280e-01 2.720000e-04 3.587000e-01
391 6.409560e-01 2.880000e-04 3.587560e-01
392 6.409160e-01 2.960000e-04 3.587880e-01
393 6.408760e-01 3.120000e-04 3.588120e-01
394 6.408240e-01 3.280000e-04 3.588480e-01
395 6.407800e-01 3.120000e-04 3.589080e-01
396 6.407040e-01 3.240000e-04 3.589720e-01
397 6.406240e-01 3.600000e-04 3.590160e-01
398 6.405680e-01 3.560000e-04 3.590760e-01
399 6.405400e-01 3.120000e-04 3.591480e-01
400 6.405040e-01 3.120000e-04 3.591840e-01
401 6.404360e-01 3.200000e-04 3.592440e-01
402 6.403600e-01 3.280000e-04 3.593120e-01
403 6.402720e-01 3.640000e-04 3.593640e-01
404 6.401680e-01 4.280000e-04 3.594040e-01
405 6.400880e-01 4.560000e-04 3.594560e-01
406 6.400080e-01 4.480000e-04 3.595440e-01
407 6.399160e-01 4.600000e-04 3.596240e-01
408 6.398440e-01 4.880000e-04 3.596680e-01
409 6.397800e-01 4.680000e-04 3.597520e-01
410 6.397120e-01 4.640000e-04 3.598240e-01
411 6.396520e-01 4.440000e-04 3.599040e-01
412 6.395960e-01 4.200000e-04 3.599840e-01
413 6.395160e-01 4.280000e-04 3.600560e-01
414 6.394360e-01 4.480000e-04 3.601160e-01
415 6.393560e-01 4.680000e-04 3.601760e-01
416 6.392640e-01 4.680000e-04 3.602680e-01
417 6.391760e-01 4.920000e-04 3.603320e-01
418 6.391240e-01 4.600000e-04 3.604160e-01
419 6.390160e-01 5.120000e-04 3.604720e-01
420 6.389480e-01 4.920000e-04 3.605600e-01
421 6.388680e-01 5.200000e-04 3.606120e-01
422 6.387600e-01 5.720000e-04 3.606680e-01
423 6.386440e-01 5.840000e-04 3.607720e-01
424 6.385680e-01 5.600000e-04 3.608720e-01
425 6.384640e-01 5.840000e-04 3.609520e-01
426 6.383920e-01 5.400000e-04 3.610680e-01
427 6.382920e-01 5.680000e-04 3.611400e-01
428 6.381480e-01 6.080000e-04 3.612440e-01
429 6.380240e-01 6.320000e-04 3.613440e-01
430 6.379160e-01 6.560000e-04 3.614280e-01
431 6.378200e-01 6.560000e-04 3.615240e-01
432 6.377000e-01 6.520000e-04 3.616480e-01
433 6.375760e-01 7.000000e-04 3.617240e-01
434 6.374480e-01 6.800000e-04 3.618720e-01
435 6.373480e-01 6.320000e-04 3.620200e-01
436 6.372320e-01 6.120000e-04 3.621560e-01
437 6.371440e-01 5.800000e-04 3.622760e-01
438 6.370720e-01 5.360000e-04 3.623920e-01
439 6.369960e-01 5.520000e-04 3.624520e-01
440 6.368920e-01 5.640000e-04 3.625440e-01
441 6.367720e-01 6.000000e-04 3.626280e-01
442 6.367160e-01 5.520000e-04 3.627320e-01
443 6.366080e-01 5.560000e-04 3.628360e-01
444 6.364880e-01 5.440000e-04 3.629680e-01
445 6.363480e-01 5.920000e-04 3.630600e-01
446 6.362440e-01 6.000000e-04 3.631560e-01
447 6.361680e-01 5.640000e-04 3.632680e-01
448 6.360560e-01 5.920000e-04 3.633520e-01
449 6.359360e-01 6.480000e-04 3.634160e-01
450 6.358520e-01 6.200000e-04 3.635280e-01
451 6.357560e-01 6.080000e-04 3.636360e-01
452 6.356680e-01 5.920000e-04 3.637400e-01
453 6.355480e-01 5.960000e-04 3.638560e-01
454 6.353920e-01 6.400000e-04 3.639680e-01
455 6.352840e-01 6.240000e-04 3.640920e-01
456 6.351760e-01 5.960000e-04 3.642280e-01
457 6.350600e-01 6.040000e-04 3.643360e-01
458 6.349160e-01 6.480000e-04 3.644360e-01
459 6.348200e-01 6.400000e-04 3.645400e-01
460 6.347120e-01 6.240000e-04 3.646640e-01
461 6.346320e-01 5.880000e-04 3.647800e-01
462 6.345400e-01 5.960000e-04 3.648640e-01
463 6.344800e-01 5.360000e-04 3.649840e-01
464 6.344040e-01 5.280000e-04 3.650680e-01
465 6.343360e-01 4.920000e-04 3.651720e-01
466 6.342400e-01 5.000000e-04 3.652600e-01
467 6.341720e-01 4.720000e-04 3.653560e-01
468 6.340960e-01 4.720000e-04 3.654320e-01
469 6.340280e-01 4.360000e-04 3.655360e-01
470 6.339520e-01 4.280000e-04 3.656200e-01
471 6.338840e-01 4.160000e-04 3.657000e-01
472 6.338440e-01 3.720000e-04 3.657840e-01
473 6.337880e-01 3.760000e-04 3.658360e-01
474 6.337080e-01 4.000000e-04 3.658920e-01
475 6.336360e-01 4.080000e-04 3.659560e-01
476 6.335760e-01 3.800000e-04 3.660440e-01
477 6.335080e-01 3.760000e-04 3.661160e-01
478 6.334480e-01 3.800000e-04 3.661720e-01
479 6.333280e-01 4.160000e-04 3.662560e-01
480 6.332440e-01 4.520000e-04 3.663040e-01
481 6.331400e-01 4.760000e-04 3.663840e-01
482 6.330200e-01 5.000000e-04 3.664800e-01
483 6.329200e-01 4.680000e-04 3.666120e-01
484 6.328080e-01 4.880000e-04 3.667040e-01
485 6.327080e-01 4.920000e-04 3.668000e-01
486 6.326320e-01 4.800000e-04 3.668880e-01
487 6.325640e-01 4.680000e-04 3.669680e-01
488 6.324800e-01 4.800000e-04 3.670400e-01
489 6.323920e-01 5.080000e-04 3.671000e-01
490 6.323520e-01 4.720000e-04 3.671760e-01
491 6.323040e-01 4.000000e-04 3.672960e-01
492 6.322520e-01 3.320000e-04 3.674160e-01
493 6.322120e-01 3.200000e-04 3.674680e-01
494 6.321280e-01 3.280000e-04 3.675440e-01
495 6.320200e-01 3.560000e-04 3.676240e-01
496 6.319800e-01 2.880000e-04 3.677320e-01
497 6.319040e-01 3.160000e-04 3.677800e-01
498 6.318680e-01 2.920000e-04 3.678400e-01
499 6.318040e-01 2.920000e-04 3.679040e-01
500 6.317400e-01 2.840000e-04 3.679760e-01
