1 9.990440e-01 8.400000e-04 1.160000e-04
2 9.983680e-01 1.348000e-03 2.840000e-04
3 9.975280e-01 1.960000e-03 5.120000e-04
4 9.967520e-01 2.284000e-03 9.640000e-04
5 9.958840e-01 2.688000e-03 1.428000e-03
6 9.947800e-01 3.288000e-03 1.932000e-03
7 9.938120e-01 3.704000e-03 2.484000e-03
8 9.926800e-01 4.228000e-03 3.092000e-03
9 9.914840e-01 4.624000e-03 3.892000e-03
10 9.902520e-01 4.976000e-03 4.772000e-03
11 9.891400e-01 5.204000e-03 5.656000e-03
12 9.878400e-01 5.568000e-03 6.592000e-03
13 9.864880e-01 5.932000e-03 7.580000e-03
14 9.853000e-01 6.112000e-03 8.588000e-03
15 9.839760e-01 6.284000e-03 9.740000e-03
16 9.826520e-01 6.420000e-03 1.092800e-02
17 9.813480e-01 6.652000e-03 1.200000e-02
18 9.799840e-01 6.880000e-03 1.313600e-02
19 9.785320e-01 7.128000e-03 1.434000e-02
20 9.769560e-01 7.524000e-03 1.552000e-02
21 9.753600e-01 7.808000e-03 1.683200e-02
22 9.737840e-01 8.060000e-03 1.815600e-02
23 9.720600e-01 8.316000e-03 1.962400e-02
24 9.702960e-01 8.640000e-03 2.106400e-02
25 9.685000e-01 8.876000e-03 2.262400e-02
26 9.667120e-01 8.928000e-03 2.436000e-02
27 9.649920e-01 9.224000e-03 2.578400e-02
28 9.631880e-01 9.472000e-03 2.734000e-02
29 9.612760e-01 9.748000e-03 2.897600e-02
30 9.593080e-01 9.992000e-03 3.070000e-02
31 9.573360e-01 1.013600e-02 3.252800e-02
32 9.554720e-01 1.018800e-02 3.434000e-02
33 9.535680e-01 1.020000e-02 3.623200e-02
34 9.516680e-01 1.023600e-02 3.809600e-02
35 9.496760e-01 1.030000e-02 4.002400e-02
36 9.479800e-01 1.019600e-02 4.182400e-02
37 9.462040e-01 1.026400e-02 4.353200e-02
38 9.446080e-01 1.014800e-02 4.524400e-02
39 9.429560e-01 1.009600e-02 4.694800e-02
40 9.413320e-01 9.900000e-03 4.876800e-02
41 9.395520e-01 1.000000e-02 5.044800e-02
42 9.379600e-01 9.760000e-03 5.228000e-02
43 9.360960e-01 9.840000e-03 5.406400e-02
44 9.343640e-01 9.980000e-03 5.565600e-02
45 9.327440e-01 9.788000e-03 5.746800e-02
46 9.310360e-01 9.816000e-03 5.914800e-02
47 9.293200e-01 9.820000e-03 6.086000e-02
48 9.274240e-01 1.008800e-02 6.248800e-02
49 9.256320e-01 1.017600e-02 6.419200e-02
50 9.239000e-01 1.009600e-02 6.600400e-02
51 9.221720e-01 1.007200e-02 6.775600e-02
52 9.203840e-01 1.016800e-02 6.944800e-02
53 9.183720e-01 1.046400e-02 7.116400e-02
54 9.165560e-01 1.032000e-02 7.312400e-02
55 9.144680e-01 1.057600e-02 7.495600e-02
56 9.124960e-01 1.073200e-02 7.677200e-02
57 9.105920e-01 1.048000e-02 7.892800e-02
58 9.085560e-01 1.063200e-02 8.081200e-02
59 9.067440e-01 1.052800e-02 8.272800e-02
60 9.049480e-01 1.055600e-02 8.449600e-02
61 9.030800e-01 1.058000e-02 8.634000e-02
62 9.011120e-01 1.061200e-02 8.827600e-02
63 8.992720e-01 1.057200e-02 9.015600e-02
64 8.973040e-01 1.072400e-02 9.197200e-02
65 8.955360e-01 1.053200e-02 9.393200e-02
66 8.936680e-01 1.057600e-02 9.575600e-02
67 8.917640e-01 1.066800e-02 9.756800e-02
68 8.899280e-01 1.065200e-02 9.942000e-02
69 8.879480e-01 1.086000e-02 1.011920e-01
70 8.860520e-01 1.095600e-02 1.029920e-01
71 8.842960e-01 1.086400e-02 1.048400e-01
72 8.825040e-01 1.085600e-02 1.066400e-01
73 8.808400e-01 1.057600e-02 1.085840e-01
74 8.790200e-01 1.053200e-02 1.104480e-01
75 8.773440e-01 1.040000e-02 1.122560e-01
76 8.755600e-01 1.026400e-02 1.141760e-01
77 8.737400e-01 1.031600e-02 1.159440e-01
78 8.719080e-01 1.039600e-02 1.176960e-01
79 8.701120e-01 1.028000e-02 1.196080e-01
80 8.684560e-01 1.005600e-02 1.214880e-01
81 8.667120e-01 1.009600e-02 1.231920e-01
82 8.650880e-01 9.976000e-03 1.249360e-01
83 8.636000e-01 9.692000e-03 1.267080e-01
84 8.620000e-01 9.584000e-03 1.284160e-01
85 8.602960e-01 9.572000e-03 1.301320e-01
86 8.587400e-01 9.464000e-03 1.317960e-01
87 8.573560e-01 9.224000e-03 1.334200e-01
88 8.559880e-01 8.960000e-03 1.350520e-01
89 8.544000e-01 9.000000e-03 1.366000e-01
90 8.529040e-01 8.872000e-03 1.382240e-01
91 8.514600e-01 8.800000e-03 1.397400e-01
92 8.499440e-01 8.768000e-03 1.412880e-01
93 8.484680e-01 8.772000e-03 1.427600e-01
94 8.469080e-01 8.752000e-03 1.443400e-01
95 8.454680e-01 8.664000e-03 1.458680e-01
96 8.440840e-01 8.496000e-03 1.474200e-01
97 8.428120e-01 8.284000e-03 1.489040e-01
98 8.413480e-01 8.212000e-03 1.504400e-01
99 8.399080e-01 8.220000e-03 1.518720e-01
100 8.384920e-01 8.228000e-03 1.532800e-01
101 8.369240e-01 8.300000e-03 1.547760e-01
102 8.353120e-01 8.544000e-03 1.561440e-01
103 8.338600e-01 8.532000e-03 1.576080e-01
104 8.321520e-01 8.824000e-03 1.590240e-01
105 8.304520e-01 8.940000e-03 1.606080e-01
106 8.287440e-01 9.076000e-03 1.621800e-01
107 8.270400e-01 9.100000e-03 1.638600e-01
108 8.251840e-01 9.260000e-03 1.655560e-01
109 8.235520e-01 9.276000e-03 1.671720e-01
110 8.217160e-01 9.568000e-03 1.687160e-01
111 8.201360e-01 9.516000e-03 1.703480e-01
112 8.184960e-01 9.580000e-03 1.719240e-01
113 8.169920e-01 9.332000e-03 1.736760e-01
114 8.155440e-01 9.140000e-03 1.753160e-01
115 8.139440e-01 9.156000e-03 1.769000e-01
116 8.125160e-01 8.892000e-03 1.785920e-01
117 8.110800e-01 8.808000e-03 1.801120e-01
118 8.096720e-01 8.592000e-03 1.817360e-01
119 8.083960e-01 8.372000e-03 1.832320e-01
120 8.070080e-01 8.312000e-03 1.846800e-01
121 8.056000e-01 8.200000e-03 1.862000e-01
122 8.041240e-01 8.212000e-03 1.876640e-01
123 8.026240e-01 8.192000e-03 1.891840e-01
124 8.012160e-01 8.240000e-03 1.905440e-01
125 7.997880e-01 8.380000e-03 1.918320e-01
126 7.982520e-01 8.436000e-03 1.933120e-01
127 7.967760e-01 8.512000e-03 1.947120e-01
128 7.952160e-01 8.592000e-03 1.961920e-01
129 7.935080e-01 8.732000e-03 1.977600e-01
130 7.919560e-01 8.788000e-03 1.992560e-01
131 7.903440e-01 9.020000e-03 2.006360e-01
132 7.887040e-01 9.064000e-03 2.022320e-01
133 7.870800e-01 9.120000e-03 2.038000e-01
134 7.853960e-01 9.184000e-03 2.054200e-01
135 7.839040e-01 9.052000e-03 2.070440e-01
136 7.823520e-01 8.992000e-03 2.086560e-01
137 7.806560e-01 9.136000e-03 2.102080e-01
138 7.791240e-01 9.116000e-03 2.117600e-01
139 7.773960e-01 9.120000e-03 2.134840e-01
140 7.757480e-01 9.228000e-03 2.150240e-01
141 7.742080e-01 9.156000e-03 2.166360e-01
142 7.727120e-01 9.124000e-03 2.181640e-01
143 7.710240e-01 9.216000e-03 2.197600e-01
144 7.695600e-01 9.008000e-03 2.214320e-01
145 7.680480e-01 8.960000e-03 2.229920e-01
146 7.665400e-01 8.896000e-03 2.245640e-01
147 7.651880e-01 8.736000e-03 2.260760e-01
148 7.638680e-01 8.488000e-03 2.276440e-01
149 7.625360e-01 8.396000e-03 2.290680e-01
150 7.611720e-01 8.316000e-03 2.305120e-01
151 7.597640e-01 8.348000e-03 2.318880e-01
152 7.583920e-01 8.320000e-03 2.332880e-01
153 7.569200e-01 8.352000e-03 2.347280e-01
154 7.556120e-01 8.268000e-03 2.361200e-01
155 7.542120e-01 8.228000e-03 2.375600e-01
156 7.529480e-01 8.100000e-03 2.389520e-01
157 7.516680e-01 7.988000e-03 2.403440e-01
158 7.504360e-01 8.044000e-03 2.415200e-01
159 7.491320e-01 7.948000e-03 2.429200e-01
160 7.478480e-01 7.888000e-03 2.442640e-01
161 7.465480e-01 7.940000e-03 2.455120e-01
162 7.452480e-01 7.944000e-03 2.468080e-01
163 7.438040e-01 8.164000e-03 2.480320e-01
164 7.424480e-01 8.204000e-03 2.493480e-01
165 7.409160e-01 8.296000e-03 2.507880e-01
166 7.395000e-01 8.312000e-03 2.521880e-01
167 7.381120e-01 8.300000e-03 2.535880e-01
168 7.368560e-01 8.068000e-03 2.550760e-01
169 7.357000e-01 7.824000e-03 2.564760e-01
170 7.343440e-01 7.760000e-03 2.578960e-01
171 7.332640e-01 7.532000e-03 2.592040e-01
172 7.322400e-01 7.296000e-03 2.604640e-01
173 7.310920e-01 7.176000e-03 2.617320e-01
174 7.300520e-01 6.992000e-03 2.629560e-01
175 7.290960e-01 6.724000e-03 2.641800e-01
176 7.280120e-01 6.724000e-03 2.652640e-01
177 7.270160e-01 6.444000e-03 2.665400e-01
178 7.260320e-01 6.348000e-03 2.676200e-01
179 7.250120e-01 6.236000e-03 2.687520e-01
180 7.240000e-01 6.144000e-03 2.698560e-01
181 7.229440e-01 6.184000e-03 2.708720e-01
182 7.218880e-01 6.156000e-03 2.719560e-01
183 7.207280e-01 6.332000e-03 2.729400e-01
184 7.196440e-01 6.296000e-03 2.740600e-01
185 7.185840e-01 6.228000e-03 2.751880e-01
186 7.176280e-01 6.156000e-03 2.762160e-01
187 7.166480e-01 6.084000e-03 2.772680e-01
188 7.156240e-01 6.104000e-03 2.782720e-01
189 7.145560e-01 6.096000e-03 2.793480e-01
190 7.133680e-01 6.168000e-03 2.804640e-01
191 7.121880e-01 6.376000e-03 2.814360e-01
192 7.111480e-01 6.228000e-03 2.826240e-01
193 7.102720e-01 6.024000e-03 2.837040e-01
194 7.093200e-01 5.952000e-03 2.847280e-01
195 7.083480e-01 5.808000e-03 2.858440e-01
196 7.074760e-01 5.728000e-03 2.867960e-01
197 7.066320e-01 5.480000e-03 2.878880e-01
198 7.056960e-01 5.500000e-03 2.888040e-01
199 7.047360e-01 5.516000e-03 2.897480e-01
200 7.037520e-01 5.520000e-03 2.907280e-01
201 7.028720e-01 5.476000e-03 2.916520e-01
202 7.019720e-01 5.436000e-03 2.925920e-01
203 7.010800e-01 5.376000e-03 2.935440e-01
204 7.001000e-01 5.552000e-03 2.943480e-01
205 6.991720e-01 5.544000e-03 2.952840e-01
206 6.982200e-01 5.568000e-03 2.962120e-01
207 6.972160e-01 5.560000e-03 2.972240e-01
208 6.963680e-01 5.444000e-03 2.981880e-01
209 6.954720e-01 5.448000e-03 2.990800e-01
210 6.946000e-01 5.364000e-03 3.000360e-01
211 6.936400e-01 5.344000e-03 3.010160e-01
212 6.927880e-01 5.328000e-03 3.018840e-01
213 6.918200e-01 5.348000e-03 3.028320e-01
214 6.908720e-01 5.412000e-03 3.037160e-01
215 6.899200e-01 5.320000e-03 3.047600e-01
216 6.888640e-01 5.456000e-03 3.056800e-01
217 6.879920e-01 5.300000e-03 3.067080e-01
218 6.871560e-01 5.308000e-03 3.075360e-01
219 6.862880e-01 5.148000e-03 3.085640e-01
220 6.853800e-01 5.236000e-03 3.093840e-01
221 6.846200e-01 4.980000e-03 3.104000e-01
222 6.837640e-01 5.036000e-03 3.112000e-01
223 6.829360e-01 4.952000e-03 3.121120e-01
224 6.821320e-01 5.020000e-03 3.128480e-01
225 6.812840e-01 5.016000e-03 3.137000e-01
226 6.804800e-01 4.964000e-03 3.145560e-01
227 6.796040e-01 4.956000e-03 3.154400e-01
228 6.788040e-01 4.840000e-03 3.163560e-01
229 6.780720e-01 4.696000e-03 3.172320e-01
230 6.772360e-01 4.696000e-03 3.180680e-01
231 6.764880e-01 4.588000e-03 3.189240e-01
232 6.758320e-01 4.472000e-03 3.196960e-01
233 6.750240e-01 4.552000e-03 3.204240e-01
234 6.742320e-01 4.528000e-03 3.212400e-01
235 6.733560e-01 4.576000e-03 3.220680e-01
236 6.726640e-01 4.504000e-03 3.228320e-01
237 6.718800e-01 4.568000e-03 3.235520e-01
238 6.710560e-01 4.664000e-03 3.242800e-01
239 6.703280e-01 4.600000e-03 3.250720e-01
240 6.695560e-01 4.576000e-03 3.258680e-01
241 6.687280e-01 4.596000e-03 3.266760e-01
242 6.679640e-01 4.612000e-03 3.274240e-01
243 6.672440e-01 4.524000e-03 3.282320e-01
244 6.666160e-01 4.412000e-03 3.289720e-01
245 6.659280e-01 4.392000e-03 3.296800e-01
246 6.651760e-01 4.416000e-03 3.304080e-01
247 6.643320e-01 4.532000e-03 3.311360e-01
248 6.634960e-01 4.536000e-03 3.319680e-01
249 6.627520e-01 4.476000e-03 3.327720e-01
250 6.619920e-01 4.424000e-03 3.335840e-01
251 6.612560e-01 4.432000e-03 3.343120e-01
252 6.606040e-01 4.280000e-03 3.351160e-01
253 6.598840e-01 4.320000e-03 3.357960e-01
254 6.591960e-01 4.240000e-03 3.365640e-01
255 6.585560e-01 4.080000e-03 3.373640e-01
256 6.578080e-01 4.016000e-03 3.381760e-01
257 6.572280e-01 3.828000e-03 3.389440e-01
258 6.566560e-01 3.740000e-03 3.396040e-01
259 6.560400e-01 3.712000e-03 3.402480e-01
260 6.553560e-01 3.688000e-03 3.409560e-01
261 6.546760e-01 3.720000e-03 3.416040e-01
262 6.539480e-01 3.776000e-03 3.422760e-01
263 6.532640e-01 3.756000e-03 3.429800e-01
264 6.525880e-01 3.752000e-03 3.436600e-01
265 6.519120e-01 3.764000e-03 3.443240e-01
266 6.513400e-01 3.584000e-03 3.450760e-01
267 6.507040e-01 3.644000e-03 3.456520e-01
268 6.500480e-01 3.608000e-03 3.463440e-01
269 6.494440e-01 3.576000e-03 3.469800e-01
270 6.489680e-01 3.440000e-03 3.475920e-01
271 6.484560e-01 3.360000e-03 3.481840e-01
272 6.478760e-01 3.336000e-03 3.487880e-01
273 6.472560e-01 3.328000e-03 3.494160e-01
274 6.466680e-01 3.320000e-03 3.500120e-01
275 6.460560e-01 3.348000e-03 3.505960e-01
276 6.454840e-01 3.280000e-03 3.512360e-01
277 6.448680e-01 3.376000e-03 3.517560e-01
278 6.442160e-01 3.460000e-03 3.523240e-01
279 6.435160e-01 3.496000e-03 3.529880e-01
280 6.428480e-01 3.616000e-03 3.535360e-01
281 6.420880e-01 3.716000e-03 3.541960e-01
282 6.414560e-01 3.668000e-03 3.548760e-01
283 6.407440e-01 3.716000e-03 3.555400e-01
284 6.401160e-01 3.776000e-03 3.561080e-01
285 6.395000e-01 3.684000e-03 3.568160e-01
286 6.388800e-01 3.672000e-03 3.574480e-01
287 6.382960e-01 3.640000e-03 3.580640e-01
288 6.377400e-01 3.580000e-03 3.586800e-01
289 6.371400e-01 3.536000e-03 3.593240e-01
290 6.365880e-01 3.476000e-03 3.599360e-01
291 6.359480e-01 3.452000e-03 3.606000e-01
292 6.352920e-01 3.540000e-03 3.611680e-01
293 6.346920e-01 3.480000e-03 3.618280e-01
294 6.342560e-01 3.272000e-03 3.624720e-01
295 6.337560e-01 3.128000e-03 3.631160e-01
296 6.332840e-01 3.012000e-03 3.637040e-01
297 6.328320e-01 2.992000e-03 3.641760e-01
298 6.324520e-01 2.872000e-03 3.646760e-01
299 6.319520e-01 2.888000e-03 3.651600e-01
300 6.314520e-01 2.784000e-03 3.657640e-01
301 6.310240e-01 2.772000e-03 3.662040e-01
302 6.305240e-01 2.752000e-03 3.667240e-01
303 6.300400e-01 2.784000e-03 3.671760e-01
304 6.295360e-01 2.820000e-03 3.676440e-01
305 6.291160e-01 2.732000e-03 3.681520e-01
306 6.285040e-01 2.884000e-03 3.686120e-01
307 6.280000e-01 2.908000e-03 3.690920e-01
308 6.274720e-01 2.868000e-03 3.696600e-01
309 6.269920e-01 2.860000e-03 3.701480e-01
310 6.265280e-01 2.864000e-03 3.706080e-01
311 6.261000e-01 2.736000e-03 3.711640e-01
312 6.256640e-01 2.688000e-03 3.716480e-01
313 6.251960e-01 2.668000e-03 3.721360e-01
314 6.247520e-01 2.572000e-03 3.726760e-01
315 6.243080e-01 2.636000e-03 3.730560e-01
316 6.239000e-01 2.560000e-03 3.735400e-01
317 6.234520e-01 2.584000e-03 3.739640e-01
318 6.230040e-01 2.584000e-03 3.744120e-01
319 6.226560e-01 2.524000e-03 3.748200e-01
320 6.222240e-01 2.480000e-03 3.752960e-01
321 6.218160e-01 2.488000e-03 3.756960e-01
322 6.214120e-01 2.456000e-03 3.761320e-01
323 6.210480e-01 2.472000e-03 3.764800e-01
324 6.206840e-01 2.452000e-03 3.768640e-01
325 6.202600e-01 2.420000e-03 3.773200e-01
326 6.199000e-01 2.400000e-03 3.777000e-01
327 6.194000e-01 2.472000e-03 3.781280e-01
328 6.190000e-01 2.444000e-03 3.785560e-01
329 6.185880e-01 2.404000e-03 3.790080e-01
330 6.181840e-01 2.324000e-03 3.794920e-01
331 6.177640e-01 2.340000e-03 3.798960e-01
332 6.174640e-01 2.224000e-03 3.803120e-01
333 6.171080e-01 2.192000e-03 3.807000e-01
334 6.166760e-01 2.224000e-03 3.811000e-01
335 6.162800e-01 2.240000e-03 3.814800e-01
336 6.159160e-01 2.196000e-03 3.818880e-01
337 6.155520e-01 2.224000e-03 3.822240e-01
338 6.152280e-01 2.180000e-03 3.825920e-01
339 6.149280e-01 2.048000e-03 3.830240e-01
340 6.146000e-01 2.016000e-03 3.833840e-01
341 6.142480e-01 1.996000e-03 3.837560e-01
342 6.138640e-01 2.068000e-03 3.840680e-01
343 6.135920e-01 2.020000e-03 3.843880e-01
344 6.132720e-01 2.024000e-03 3.847040e-01
345 6.129240e-01 2.016000e-03 3.850600e-01
346 6.126120e-01 1.992000e-03 3.853960e-01
347 6.122840e-01 1.908000e-03 3.858080e-01
348 6.119400e-01 1.928000e-03 3.861320e-01
349 6.116360e-01 1.916000e-03 3.864480e-01
350 6.113520e-01 1.928000e-03 3.867200e-01
351 6.110800e-01 1.896000e-03 3.870240e-01
352 6.108440e-01 1.828000e-03 3.873280e-01
353 6.106040e-01 1.764000e-03 3.876320e-01
354 6.103320e-01 1.740000e-03 3.879280e-01
355 6.100960e-01 1.680000e-03 3.882240e-01
356 6.098120e-01 1.628000e-03 3.885600e-01
357 6.095920e-01 1.588000e-03 3.888200e-01
358 6.094280e-01 1.428000e-03 3.891440e-01
359 6.092440e-01 1.352000e-03 3.894040e-01
360 6.090440e-01 1.304000e-03 3.896520e-01
361 6.088640e-01 1.320000e-03 3.898160e-01
362 6.087120e-01 1.276000e-03 3.900120e-01
363 6.085360e-01 1.260000e-03 3.902040e-01
364 6.083400e-01 1.252000e-03 3.904080e-01
365 6.081720e-01 1.200000e-03 3.906280e-01
366 6.079680e-01 1.188000e-03 3.908440e-01
367 6.077800e-01 1.212000e-03 3.910080e-01
368 6.075480e-01 1.232000e-03 3.912200e-01
369 6.074280e-01 1.160000e-03 3.914120e-01
370 6.071560e-01 1.236000e-03 3.916080e-01
371 6.069400e-01 1.256000e-03 3.918040e-01
372 6.067400e-01 1.232000e-03 3.920280e-01
373 6.065400e-01 1.204000e-03 3.922560e-01
374 6.063560e-01 1.144000e-03 3.925000e-01
375 6.061440e-01 1.176000e-03 3.926800e-01
376 6.059840e-01 1.088000e-03 3.929280e-01
377 6.058280e-01 1.048000e-03 3.931240e-01
378 6.056880e-01 1.040000e-03 3.932720e-01
379 6.055200e-01 1.064000e-03 3.934160e-01
380 6.053320e-01 1.056000e-03 3.936120e-01
381 6.051040e-01 1.096000e-03 3.938000e-01
382 6.049000e-01 1.164000e-03 3.939360e-01
383 6.047120e-01 1.148000e-03 3.941400e-01
384 6.044960e-01 1.116000e-03 3.943880e-01
385 6.043000e-01 1.132000e-03 3.945680e-01
386 6.040400e-01 1.208000e-03 3.947520e-01
387 6.038760e-01 1.168000e-03 3.949560e-01
388 6.036840e-01 1.164000e-03 3.951520e-01
389 6.035320e-01 1.136000e-03 3.953320e-01
390 6.033600e-01 1.088000e-03 3.955520e-01
391 6.031920e-01 1.016000e-03 3.957920e-01
392 6.030360e-01 1.016000e-03 3.959480e-01
393 6.029160e-01 9.680000e-04 3.961160e-01
394 6.027840e-01 9.360000e-04 3.962800e-01
395 6.026320e-01 9.440000e-04 3.964240e-01
396 6.025000e-01 9.360000e-04 3.965640e-01
397 6.023400e-01 9.400000e-04 3.967200e-01
398 6.021320e-01 9.680000e-04 3.969000e-01
399 6.019520e-01 1.000000e-03 3.970480e-01
400 6.017560e-01 1.060000e-03 3.971840e-01
401 6.015560e-01 1.036000e-03 3.974080e-01
402 6.013400e-01 1.100000e-03 3.975600e-01
403 6.011520e-01 1.072000e-03 3.977760e-01
404 6.009320e-01 1.096000e-03 3.979720e-01
405 6.007280e-01 1.124000e-03 3.981480e-01
406 6.005360e-01 1.116000e-03 3.983480e-01
407 6.003480e-01 1.128000e-03 3.985240e-01
408 6.001400e-01 1.164000e-03 3.986960e-01
409 5.999720e-01 1.084000e-03 3.989440e-01
410 5.997600e-01 1.116000e-03 3.991240e-01
411 5.995400e-01 1.148000e-03 3.993120e-01
412 5.993800e-01 1.104000e-03 3.995160e-01
413 5.991800e-01 1.096000e-03 3.997240e-01
414 5.989960e-01 1.068000e-03 3.999360e-01
415 5.988560e-01 1.032000e-03 4.001120e-01
416 5.986800e-01 1.024000e-03 4.002960e-01
417 5.985160e-01 1.020000e-03 4.004640e-01
418 5.983560e-01 1.012000e-03 4.006320e-01
419 5.982360e-01 9.840000e-04 4.007800e-01
420 5.981160e-01 8.800000e-04 4.010040e-01
421 5.980160e-01 8.720000e-04 4.011120e-01
422 5.978560e-01 8.760000e-04 4.012680e-01
423 5.977040e-01 8.680000e-04 4.014280e-01
424 5.976240e-01 7.960000e-04 4.015800e-01
425 5.974800e-01 8.440000e-04 4.016760e-01
426 5.973040e-01 8.520000e-04 4.018440e-01
427 5.971840e-01 8.160000e-04 4.020000e-01
428 5.969320e-01 9.160000e-04 4.021520e-01
429 5.967800e-01 9.120000e-04 4.023080e-01
430 5.966320e-01 9.120000e-04 4.024560e-01
431 5.964600e-01 9.480000e-04 4.025920e-01
432 5.962960e-01 9.640000e-04 4.027400e-01
433 5.961880e-01 8.960000e-04 4.029160e-01
434 5.960760e-01 8.360000e-04 4.030880e-01
435 5.959280e-01 8.720000e-04 4.032000e-01
436 5.957800e-01 8.640000e-04 4.033560e-01
437 5.956720e-01 8.320000e-04 4.034960e-01
438 5.954840e-01 9.040000e-04 4.036120e-01
439 5.953360e-01 9.000000e-04 4.037640e-01
440 5.952000e-01 8.600000e-04 4.039400e-01
441 5.950880e-01 7.640000e-04 4.041480e-01
442 5.949560e-01 7.920000e-04 4.042520e-01
443 5.948600e-01 7.760000e-04 4.043640e-01
444 5.947240e-01 7.360000e-04 4.045400e-01
445 5.945960e-01 7.120000e-04 4.046920e-01
446 5.944760e-01 7.280000e-04 4.047960e-01
447 5.943520e-01 6.880000e-04 4.049600e-01
448 5.942240e-01 6.440000e-04 4.051320e-01
449 5.940840e-01 6.680000e-04 4.052480e-01
450 5.939240e-01 7.440000e-04 4.053320e-01
451 5.937920e-01 7.400000e-04 4.054680e-01
452 5.936560e-01 7.640000e-04 4.055800e-01
453 5.935440e-01 7.280000e-04 4.057280e-01
454 5.934320e-01 7.560000e-04 4.058120e-01
455 5.933480e-01 6.680000e-04 4.059840e-01
456 5.931960e-01 7.120000e-04 4.060920e-01
457 5.930960e-01 6.520000e-04 4.062520e-01
458 5.929920e-01 6.920000e-04 4.063160e-01
459 5.928840e-01 6.920000e-04 4.064240e-01
460 5.927600e-01 6.800000e-04 4.065600e-01
461 5.926640e-01 6.720000e-04 4.066640e-01
462 5.925880e-01 6.080000e-04 4.068040e-01
463 5.925200e-01 5.640000e-04 4.069160e-01
464 5.924360e-01 5.400000e-04 4.070240e-01
465 5.923760e-01 5.200000e-04 4.071040e-01
466 5.923040e-01 5.120000e-04 4.071840e-01
467 5.922320e-01 4.840000e-04 4.072840e-01
468 5.921760e-01 4.640000e-04 4.073600e-01
469 5.921080e-01 4.280000e-04 4.074640e-01
470 5.920200e-01 4.400000e-04 4.075400e-01
471 5.919680e-01 4.040000e-04 4.076280e-01
472 5.918920e-01 4.000000e-04 4.077080e-01
473 5.918360e-01 3.880000e-04 4.077760e-01
474 5.918000e-01 3.560000e-04 4.078440e-01
475 5.917760e-01 3.360000e-04 4.078880e-01
476 5.917680e-01 3.000000e-04 4.079320e-01
477 5.917320e-01 2.840000e-04 4.079840e-01
478 5.917080e-01 2.680000e-04 4.080240e-01
479 5.916840e-01 2.320000e-04 4.080840e-01
480 5.916640e-01 2.240000e-04 4.081120e-01
481 5.916520e-01 2.160000e-04 4.081320e-01
482 5.916440e-01 1.760000e-04 4.081800e-01
483 5.916160e-01 1.680000e-04 4.082160e-01
484 5.916040e-01 1.600000e-04 4.082360e-01
485 5.915880e-01 1.560000e-04 4.082560e-01
486 5.915880e-01 1.280000e-04 4.082840e-01
487 5.915880e-01 1.040000e-04 4.083080e-01
488 5.915640e-01 1.040000e-04 4.083320e-01
489 5.915440e-01 1.160000e-04 4.083400e-01
490 5.915400e-01 1.120000e-04 4.083480e-01
491 5.915160e-01 1.160000e-04 4.083680e-01
492 5.915080e-01 1.120000e-04 4.083800e-01
493 5.914880e-01 1.160000e-04 4.083960e-01
494 5.914840e-01 1.040000e-04 4.084120e-01
495 5.914680e-01 9.200000e-05 4.084400e-01
496 5.914560e-01 9.200000e-05 4.084520e-01
497 5.914400e-01 8.800000e-05 4.084720e-01
498 5.914320e-01 7.200000e-05 4.084960e-01
499 5.914160e-01 7.200000e-05 4.085120e-01
500 5.914000e-01 6.000000e-05 4.085400e-01
