1 9.992120e-01 7.200000e-04 6.800000e-05
2 9.984920e-01 1.288000e-03 2.200000e-04
3 9.977440e-01 1.748000e-03 5.080000e-04
4 9.969640e-01 2.164000e-03 8.720000e-04
5 9.960760e-01 2.656000e-03 1.268000e-03
6 9.950840e-01 3.060000e-03 1.856000e-03
7 9.939920e-01 3.584000e-03 2.424000e-03
8 9.929360e-01 3.976000e-03 3.088000e-03
9 9.919440e-01 4.212000e-03 3.844000e-03
10 9.908640e-01 4.564000e-03 4.572000e-03
11 9.897800e-01 4.768000e-03 5.452000e-03
12 9.885960e-01 4.984000e-03 6.420000e-03
13 9.875080e-01 5.116000e-03 7.376000e-03
14 9.863640e-01 5.324000e-03 8.312000e-03
15 9.849880e-01 5.732000e-03 9.280000e-03
16 9.838040e-01 5.900000e-03 1.029600e-02
17 9.826760e-01 5.940000e-03 1.138400e-02
18 9.815360e-01 6.116000e-03 1.234800e-02
19 9.803760e-01 6.036000e-03 1.358800e-02
20 9.790000e-01 6.436000e-03 1.456400e-02
21 9.776840e-01 6.580000e-03 1.573600e-02
22 9.762120e-01 7.012000e-03 1.677600e-02
23 9.746960e-01 7.360000e-03 1.794400e-02
24 9.733800e-01 7.316000e-03 1.930400e-02
25 9.718640e-01 7.484000e-03 2.065200e-02
26 9.703280e-01 7.708000e-03 2.196400e-02
27 9.686280e-01 8.052000e-03 2.332000e-02
28 9.669520e-01 8.244000e-03 2.480400e-02
29 9.652800e-01 8.436000e-03 2.628400e-02
30 9.635560e-01 8.644000e-03 2.780000e-02
31 9.617680e-01 9.000000e-03 2.923200e-02
32 9.601240e-01 9.088000e-03 3.078800e-02
33 9.584120e-01 9.144000e-03 3.244400e-02
34 9.567440e-01 9.096000e-03 3.416000e-02
35 9.549720e-01 9.348000e-03 3.568000e-02
36 9.533120e-01 9.272000e-03 3.741600e-02
37 9.515960e-01 9.352000e-03 3.905200e-02
38 9.498800e-01 9.344000e-03 4.077600e-02
39 9.480480e-01 9.536000e-03 4.241600e-02
40 9.462800e-01 9.628000e-03 4.409200e-02
41 9.446680e-01 9.584000e-03 4.574800e-02
42 9.430760e-01 9.324000e-03 4.760000e-02
43 9.414920e-01 9.236000e-03 4.927200e-02
44 9.398360e-01 9.316000e-03 5.084800e-02
45 9.381640e-01 9.400000e-03 5.243600e-02
46 9.366040e-01 9.332000e-03 5.406400e-02
47 9.350360e-01 9.192000e-03 5.577200e-02
48 9.335120e-01 9.204000e-03 5.728400e-02
49 9.319560e-01 9.176000e-03 5.886800e-02
50 9.302720e-01 9.228000e-03 6.050000e-02
51 9.285360e-01 9.168000e-03 6.229600e-02
52 9.271120e-01 9.020000e-03 6.386800e-02
53 9.256120e-01 8.896000e-03 6.549200e-02
54 9.242840e-01 8.692000e-03 6.702400e-02
55 9.227520e-01 8.796000e-03 6.845200e-02
56 9.211360e-01 8.876000e-03 6.998800e-02
57 9.194840e-01 9.080000e-03 7.143600e-02
58 9.178200e-01 9.048000e-03 7.313200e-02
59 9.161040e-01 9.140000e-03 7.475600e-02
60 9.142960e-01 9.296000e-03 7.640800e-02
61 9.124440e-01 9.484000e-03 7.807200e-02
62 9.106200e-01 9.704000e-03 7.967600e-02
63 9.088880e-01 9.772000e-03 8.134000e-02
64 9.072040e-01 9.684000e-03 8.311200e-02
65 9.055800e-01 9.704000e-03 8.471600e-02
66 9.038440e-01 9.776000e-03 8.638000e-02
67 9.020880e-01 9.708000e-03 8.820400e-02
68 9.003000e-01 9.820000e-03 8.988000e-02
69 8.983640e-01 1.021200e-02 9.142400e-02
70 8.965600e-01 1.019600e-02 9.324400e-02
71 8.946040e-01 1.044800e-02 9.494800e-02
72 8.926880e-01 1.059200e-02 9.672000e-02
73 8.906280e-01 1.082400e-02 9.854800e-02
74 8.887920e-01 1.077600e-02 1.004320e-01
75 8.869800e-01 1.077200e-02 1.022480e-01
76 8.851360e-01 1.074000e-02 1.041240e-01
77 8.833640e-01 1.074800e-02 1.058880e-01
78 8.816560e-01 1.063600e-02 1.077080e-01
79 8.797520e-01 1.062400e-02 1.096240e-01
80 8.779200e-01 1.048800e-02 1.115920e-01
81 8.760600e-01 1.048000e-02 1.134600e-01
82 8.740680e-01 1.056800e-02 1.153640e-01
83 8.720400e-01 1.074800e-02 1.172120e-01
84 8.699920e-01 1.082800e-02 1.191800e-01
85 8.679440e-01 1.084000e-02 1.212160e-01
86 8.658520e-01 1.111200e-02 1.230360e-01
87 8.637120e-01 1.134000e-02 1.249480e-01
88 8.616240e-01 1.156000e-02 1.268160e-01
89 8.596560e-01 1.157600e-02 1.287680e-01
90 8.575960e-01 1.154400e-02 1.308600e-01
91 8.556920e-01 1.142800e-02 1.328800e-01
92 8.535600e-01 1.165200e-02 1.347880e-01
93 8.514400e-01 1.172400e-02 1.368360e-01
94 8.492280e-01 1.202800e-02 1.387440e-01
95 8.471680e-01 1.198800e-02 1.408440e-01
96 8.449720e-01 1.218400e-02 1.428440e-01
97 8.427600e-01 1.215200e-02 1.450880e-01
98 8.405880e-01 1.211200e-02 1.473000e-01
99 8.385760e-01 1.199600e-02 1.494280e-01
100 8.362840e-01 1.222800e-02 1.514880e-01
101 8.343120e-01 1.216000e-02 1.535280e-01
102 8.321440e-01 1.234000e-02 1.555160e-01
103 8.301920e-01 1.222800e-02 1.575800e-01
104 8.283800e-01 1.187600e-02 1.597440e-01
105 8.264040e-01 1.173600e-02 1.618600e-01
106 8.244000e-01 1.164000e-02 1.639600e-01
107 8.224040e-01 1.147200e-02 1.661240e-01
108 8.202960e-01 1.155200e-02 1.681520e-01
109 8.184880e-01 1.124800e-02 1.702640e-01
110 8.166040e-01 1.109600e-02 1.723000e-01
111 8.145640e-01 1.118400e-02 1.742520e-01
112 8.124920e-01 1.115600e-02 1.763520e-01
113 8.104760e-01 1.110400e-02 1.784200e-01
114 8.084960e-01 1.112000e-02 1.803840e-01
115 8.065280e-01 1.111600e-02 1.823560e-01
116 8.046560e-01 1.108000e-02 1.842640e-01
117 8.029360e-01 1.101200e-02 1.860520e-01
118 8.011080e-01 1.087600e-02 1.880160e-01
119 7.990960e-01 1.105200e-02 1.898520e-01
120 7.972400e-01 1.098400e-02 1.917760e-01
121 7.952320e-01 1.112800e-02 1.936400e-01
122 7.932400e-01 1.115200e-02 1.956080e-01
123 7.913480e-01 1.107200e-02 1.975800e-01
124 7.894560e-01 1.105600e-02 1.994880e-01
125 7.876360e-01 1.092800e-02 2.014360e-01
126 7.858240e-01 1.088000e-02 2.032960e-01
127 7.837640e-01 1.108400e-02 2.051520e-01
128 7.817760e-01 1.113600e-02 2.070880e-01
129 7.799840e-01 1.105600e-02 2.089600e-01
130 7.780520e-01 1.114400e-02 2.108040e-01
131 7.762040e-01 1.108400e-02 2.127120e-01
132 7.743640e-01 1.100800e-02 2.146280e-01
133 7.725480e-01 1.107600e-02 2.163760e-01
134 7.708440e-01 1.080400e-02 2.183520e-01
135 7.691400e-01 1.063200e-02 2.202280e-01
136 7.674160e-01 1.054000e-02 2.220440e-01
137 7.657600e-01 1.028800e-02 2.239520e-01
138 7.642280e-01 1.003600e-02 2.257360e-01
139 7.627160e-01 9.652000e-03 2.276320e-01
140 7.613400e-01 9.288000e-03 2.293720e-01
141 7.598400e-01 9.204000e-03 2.309560e-01
142 7.582880e-01 9.196000e-03 2.325160e-01
143 7.566800e-01 9.104000e-03 2.342160e-01
144 7.551080e-01 9.048000e-03 2.358440e-01
145 7.534880e-01 9.072000e-03 2.374400e-01
146 7.519520e-01 9.112000e-03 2.389360e-01
147 7.503840e-01 9.048000e-03 2.405680e-01
148 7.487760e-01 9.052000e-03 2.421720e-01
149 7.472720e-01 8.924000e-03 2.438040e-01
150 7.455200e-01 9.104000e-03 2.453760e-01
151 7.441000e-01 8.928000e-03 2.469720e-01
152 7.425920e-01 8.880000e-03 2.485280e-01
153 7.411200e-01 8.728000e-03 2.501520e-01
154 7.396080e-01 8.740000e-03 2.516520e-01
155 7.380520e-01 8.740000e-03 2.532080e-01
156 7.365160e-01 8.684000e-03 2.548000e-01
157 7.349200e-01 8.748000e-03 2.563320e-01
158 7.334400e-01 8.716000e-03 2.578440e-01
159 7.319800e-01 8.588000e-03 2.594320e-01
160 7.304360e-01 8.748000e-03 2.608160e-01
161 7.288480e-01 8.804000e-03 2.623480e-01
162 7.273520e-01 8.660000e-03 2.639880e-01
163 7.256360e-01 8.948000e-03 2.654160e-01
164 7.240840e-01 8.920000e-03 2.669960e-01
165 7.224520e-01 8.892000e-03 2.686560e-01
166 7.209360e-01 8.896000e-03 2.701680e-01
167 7.194880e-01 8.720000e-03 2.717920e-01
168 7.180200e-01 8.636000e-03 2.733440e-01
169 7.166640e-01 8.544000e-03 2.747920e-01
170 7.151640e-01 8.544000e-03 2.762920e-01
171 7.135840e-01 8.640000e-03 2.777760e-01
172 7.120640e-01 8.644000e-03 2.792920e-01
173 7.106840e-01 8.512000e-03 2.808040e-01
174 7.094080e-01 8.188000e-03 2.824040e-01
175 7.081280e-01 8.192000e-03 2.836800e-01
176 7.069360e-01 7.980000e-03 2.850840e-01
177 7.054960e-01 8.064000e-03 2.864400e-01
178 7.041720e-01 7.952000e-03 2.878760e-01
179 7.029200e-01 7.864000e-03 2.892160e-01
180 7.016000e-01 7.840000e-03 2.905600e-01
181 7.002560e-01 7.852000e-03 2.918920e-01
182 6.989120e-01 7.820000e-03 2.932680e-01
183 6.975200e-01 7.896000e-03 2.945840e-01
184 6.961160e-01 7.872000e-03 2.960120e-01
185 6.947600e-01 7.880000e-03 2.973600e-01
186 6.934640e-01 7.860000e-03 2.986760e-01
187 6.920520e-01 7.932000e-03 3.000160e-01
188 6.906560e-01 7.936000e-03 3.014080e-01
189 6.893320e-01 7.796000e-03 3.028720e-01
190 6.878840e-01 7.812000e-03 3.043040e-01
191 6.865000e-01 7.828000e-03 3.056720e-01
192 6.850440e-01 7.944000e-03 3.070120e-01
193 6.837120e-01 7.888000e-03 3.084000e-01
194 6.824800e-01 7.880000e-03 3.096400e-01
195 6.811800e-01 7.828000e-03 3.109920e-01
196 6.798120e-01 7.876000e-03 3.123120e-01
197 6.785800e-01 7.756000e-03 3.136640e-01
198 6.772320e-01 7.860000e-03 3.149080e-01
199 6.759760e-01 7.804000e-03 3.162200e-01
200 6.746200e-01 7.944000e-03 3.174360e-01
201 6.733240e-01 7.880000e-03 3.187960e-01
202 6.721280e-01 7.684000e-03 3.201880e-01
203 6.708080e-01 7.584000e-03 3.216080e-01
204 6.696920e-01 7.376000e-03 3.229320e-01
205 6.684720e-01 7.244000e-03 3.242840e-01
206 6.672880e-01 7.220000e-03 3.254920e-01
207 6.663120e-01 6.920000e-03 3.267680e-01
208 6.652440e-01 6.820000e-03 3.279360e-01
209 6.641120e-01 6.732000e-03 3.291560e-01
210 6.629760e-01 6.576000e-03 3.304480e-01
211 6.618880e-01 6.536000e-03 3.315760e-01
212 6.607960e-01 6.524000e-03 3.326800e-01
213 6.596480e-01 6.508000e-03 3.338440e-01
214 6.585680e-01 6.608000e-03 3.348240e-01
215 6.574680e-01 6.524000e-03 3.360080e-01
216 6.562880e-01 6.532000e-03 3.371800e-01
217 6.553240e-01 6.364000e-03 3.383120e-01
218 6.542800e-01 6.288000e-03 3.394320e-01
219 6.532160e-01 6.252000e-03 3.405320e-01
220 6.520600e-01 6.276000e-03 3.416640e-01
221 6.510280e-01 6.324000e-03 3.426480e-01
222 6.499840e-01 6.320000e-03 3.436960e-01
223 6.489040e-01 6.316000e-03 3.447800e-01
224 6.478640e-01 6.164000e-03 3.459720e-01
225 6.467960e-01 6.224000e-03 3.469800e-01
226 6.455920e-01 6.312000e-03 3.480960e-01
227 6.445680e-01 6.168000e-03 3.492640e-01
228 6.435160e-01 6.096000e-03 3.503880e-01
229 6.425480e-01 5.968000e-03 3.514840e-01
230 6.415880e-01 5.824000e-03 3.525880e-01
231 6.405560e-01 5.888000e-03 3.535560e-01
232 6.394200e-01 6.088000e-03 3.544920e-01
233 6.383360e-01 6.072000e-03 3.555920e-01
234 6.371840e-01 6.200000e-03 3.566160e-01
235 6.361000e-01 6.220000e-03 3.576800e-01
236 6.350160e-01 6.188000e-03 3.587960e-01
237 6.339720e-01 6.176000e-03 3.598520e-01
238 6.330200e-01 6.084000e-03 3.608960e-01
239 6.321080e-01 5.944000e-03 3.619480e-01
240 6.312480e-01 5.820000e-03 3.629320e-01
241 6.302680e-01 5.756000e-03 3.639760e-01
242 6.293520e-01 5.580000e-03 3.650680e-01
243 6.283000e-01 5.664000e-03 3.660360e-01
244 6.273400e-01 5.564000e-03 3.670960e-01
245 6.263680e-01 5.620000e-03 3.680120e-01
246 6.255000e-01 5.452000e-03 3.690480e-01
247 6.246560e-01 5.420000e-03 3.699240e-01
248 6.238160e-01 5.288000e-03 3.708960e-01
249 6.229760e-01 5.128000e-03 3.718960e-01
250 6.220800e-01 5.088000e-03 3.728320e-01
251 6.212240e-01 5.036000e-03 3.737400e-01
252 6.203600e-01 5.064000e-03 3.745760e-01
253 6.193720e-01 5.160000e-03 3.754680e-01
254 6.185000e-01 5.056000e-03 3.764440e-01
255 6.176440e-01 5.096000e-03 3.772600e-01
256 6.167520e-01 5.248000e-03 3.780000e-01
257 6.158400e-01 5.212000e-03 3.789480e-01
258 6.149400e-01 5.240000e-03 3.798200e-01
259 6.140920e-01 5.124000e-03 3.807840e-01
260 6.131680e-01 5.160000e-03 3.816720e-01
261 6.123160e-01 5.052000e-03 3.826320e-01
262 6.115600e-01 4.780000e-03 3.836600e-01
263 6.107480e-01 4.748000e-03 3.845040e-01
264 6.099360e-01 4.668000e-03 3.853960e-01
265 6.092440e-01 4.524000e-03 3.862320e-01
266 6.085360e-01 4.388000e-03 3.870760e-01
267 6.077760e-01 4.488000e-03 3.877360e-01
268 6.070160e-01 4.512000e-03 3.884720e-01
269 6.062720e-01 4.516000e-03 3.892120e-01
270 6.055800e-01 4.424000e-03 3.899960e-01
271 6.048840e-01 4.372000e-03 3.907440e-01
272 6.042680e-01 4.252000e-03 3.914800e-01
273 6.037000e-01 4.096000e-03 3.922040e-01
274 6.029720e-01 4.080000e-03 3.929480e-01
275 6.023280e-01 3.944000e-03 3.937280e-01
276 6.016440e-01 3.944000e-03 3.944120e-01
277 6.010560e-01 3.896000e-03 3.950480e-01
278 6.002120e-01 4.088000e-03 3.957000e-01
279 5.995440e-01 4.072000e-03 3.963840e-01
280 5.988480e-01 4.068000e-03 3.970840e-01
281 5.982320e-01 3.944000e-03 3.978240e-01
282 5.975720e-01 3.904000e-03 3.985240e-01
283 5.970360e-01 3.836000e-03 3.991280e-01
284 5.965040e-01 3.632000e-03 3.998640e-01
285 5.959920e-01 3.564000e-03 4.004440e-01
286 5.954800e-01 3.504000e-03 4.010160e-01
287 5.949520e-01 3.468000e-03 4.015800e-01
288 5.944000e-01 3.388000e-03 4.022120e-01
289 5.937840e-01 3.480000e-03 4.027360e-01
290 5.932520e-01 3.440000e-03 4.033080e-01
291 5.927480e-01 3.360000e-03 4.038920e-01
292 5.922640e-01 3.284000e-03 4.044520e-01
293 5.917520e-01 3.312000e-03 4.049360e-01
294 5.910920e-01 3.432000e-03 4.054760e-01
295 5.904720e-01 3.412000e-03 4.061160e-01
296 5.899200e-01 3.340000e-03 4.067400e-01
297 5.894560e-01 3.216000e-03 4.073280e-01
298 5.889160e-01 3.256000e-03 4.078280e-01
299 5.884120e-01 3.200000e-03 4.083880e-01
300 5.878520e-01 3.188000e-03 4.089600e-01
301 5.873000e-01 3.188000e-03 4.095120e-01
302 5.868000e-01 3.136000e-03 4.100640e-01
303 5.862720e-01 3.128000e-03 4.106000e-01
304 5.858320e-01 3.044000e-03 4.111240e-01
305 5.853880e-01 2.948000e-03 4.116640e-01
306 5.848920e-01 2.936000e-03 4.121720e-01
307 5.843360e-01 3.040000e-03 4.126240e-01
308 5.838400e-01 2.988000e-03 4.131720e-01
309 5.833320e-01 2.912000e-03 4.137560e-01
310 5.828880e-01 2.944000e-03 4.141680e-01
311 5.824160e-01 2.876000e-03 4.147080e-01
312 5.819720e-01 2.784000e-03 4.152440e-01
313 5.813720e-01 2.888000e-03 4.157400e-01
314 5.807720e-01 2.952000e-03 4.162760e-01
315 5.802520e-01 2.968000e-03 4.167800e-01
316 5.797320e-01 2.976000e-03 4.172920e-01
317 5.792640e-01 2.912000e-03 4.178240e-01
318 5.787960e-01 2.880000e-03 4.183240e-01
319 5.782880e-01 2.876000e-03 4.188360e-01
320 5.778480e-01 2.736000e-03 4.194160e-01
321 5.774720e-01 2.672000e-03 4.198560e-01
322 5.769840e-01 2.736000e-03 4.202800e-01
323 5.764840e-01 2.724000e-03 4.207920e-01
324 5.759640e-01 2.756000e-03 4.212800e-01
325 5.753840e-01 2.804000e-03 4.218120e-01
326 5.749240e-01 2.808000e-03 4.222680e-01
327 5.745160e-01 2.712000e-03 4.227720e-01
328 5.740840e-01 2.628000e-03 4.232880e-01
329 5.735840e-01 2.664000e-03 4.237520e-01
330 5.732000e-01 2.592000e-03 4.242080e-01
331 5.727440e-01 2.548000e-03 4.247080e-01
332 5.722840e-01 2.556000e-03 4.251600e-01
333 5.718240e-01 2.544000e-03 4.256320e-01
334 5.714280e-01 2.464000e-03 4.261080e-01
335 5.710640e-01 2.380000e-03 4.265560e-01
336 5.706520e-01 2.360000e-03 4.269880e-01
337 5.702440e-01 2.364000e-03 4.273920e-01
338 5.697840e-01 2.384000e-03 4.278320e-01
339 5.693120e-01 2.440000e-03 4.282480e-01
340 5.689320e-01 2.376000e-03 4.286920e-01
341 5.684720e-01 2.428000e-03 4.291000e-01
342 5.680560e-01 2.452000e-03 4.294920e-01
343 5.676720e-01 2.404000e-03 4.299240e-01
344 5.673040e-01 2.348000e-03 4.303480e-01
345 5.669080e-01 2.328000e-03 4.307640e-01
346 5.665240e-01 2.340000e-03 4.311360e-01
347 5.661480e-01 2.336000e-03 4.315160e-01
348 5.657400e-01 2.352000e-03 4.319080e-01
349 5.653680e-01 2.324000e-03 4.323080e-01
350 5.649720e-01 2.292000e-03 4.327360e-01
351 5.645480e-01 2.304000e-03 4.331480e-01
352 5.641960e-01 2.204000e-03 4.336000e-01
353 5.638320e-01 2.232000e-03 4.339360e-01
354 5.634920e-01 2.220000e-03 4.342880e-01
355 5.631080e-01 2.260000e-03 4.346320e-01
356 5.627720e-01 2.248000e-03 4.349800e-01
357 5.623720e-01 2.212000e-03 4.354160e-01
358 5.620440e-01 2.136000e-03 4.358200e-01
359 5.616800e-01 2.128000e-03 4.361920e-01
360 5.612280e-01 2.200000e-03 4.365720e-01
361 5.608080e-01 2.252000e-03 4.369400e-01
362 5.604360e-01 2.284000e-03 4.372800e-01
363 5.600640e-01 2.240000e-03 4.376960e-01
364 5.596920e-01 2.204000e-03 4.381040e-01
365 5.593200e-01 2.200000e-03 4.384800e-01
366 5.588240e-01 2.340000e-03 4.388360e-01
367 5.583360e-01 2.364000e-03 4.393000e-01
368 5.578480e-01 2.408000e-03 4.397440e-01
369 5.574960e-01 2.356000e-03 4.401480e-01
370 5.571600e-01 2.304000e-03 4.405360e-01
371 5.567440e-01 2.304000e-03 4.409520e-01
372 5.563760e-01 2.292000e-03 4.413320e-01
373 5.560200e-01 2.304000e-03 4.416760e-01
374 5.556640e-01 2.200000e-03 4.421360e-01
375 5.553560e-01 2.076000e-03 4.425680e-01
376 5.550520e-01 1.984000e-03 4.429640e-01
377 5.547080e-01 1.960000e-03 4.433320e-01
378 5.543800e-01 1.984000e-03 4.436360e-01
379 5.541400e-01 1.900000e-03 4.439600e-01
380 5.538760e-01 1.824000e-03 4.443000e-01
381 5.536520e-01 1.752000e-03 4.445960e-01
382 5.534280e-01 1.708000e-03 4.448640e-01
383 5.531840e-01 1.652000e-03 4.451640e-01
384 5.529960e-01 1.584000e-03 4.454200e-01
385 5.528120e-01 1.460000e-03 4.457280e-01
386 5.525640e-01 1.420000e-03 4.460160e-01
387 5.523240e-01 1.376000e-03 4.463000e-01
388 5.521480e-01 1.284000e-03 4.465680e-01
389 5.519200e-01 1.216000e-03 4.468640e-01
390 5.516640e-01 1.256000e-03 4.470800e-01
391 5.515080e-01 1.192000e-03 4.473000e-01
392 5.513840e-01 1.020000e-03 4.475960e-01
393 5.511720e-01 1.052000e-03 4.477760e-01
394 5.509920e-01 1.100000e-03 4.479080e-01
395 5.508120e-01 1.116000e-03 4.480720e-01
396 5.506400e-01 1.088000e-03 4.482720e-01
397 5.504640e-01 1.012000e-03 4.485240e-01
398 5.502800e-01 1.000000e-03 4.487200e-01
399 5.501080e-01 1.024000e-03 4.488680e-01
400 5.499080e-01 1.036000e-03 4.490560e-01
401 5.497120e-01 1.068000e-03 4.492200e-01
402 5.495160e-01 1.120000e-03 4.493640e-01
403 5.493560e-01 1.092000e-03 4.495520e-01
404 5.492000e-01 1.008000e-03 4.497920e-01
405 5.490520e-01 9.520000e-04 4.499960e-01
406 5.488640e-01 9.360000e-04 4.502000e-01
407 5.487080e-01 9.000000e-04 4.503920e-01
408 5.485880e-01 8.440000e-04 4.505680e-01
409 5.484320e-01 8.600000e-04 4.507080e-01
410 5.483160e-01 8.120000e-04 4.508720e-01
411 5.482080e-01 8.240000e-04 4.509680e-01
412 5.480520e-01 8.360000e-04 4.511120e-01
413 5.479320e-01 8.280000e-04 4.512400e-01
414 5.477280e-01 8.560000e-04 4.514160e-01
415 5.476320e-01 7.840000e-04 4.515840e-01
416 5.474960e-01 7.840000e-04 4.517200e-01
417 5.473800e-01 7.480000e-04 4.518720e-01
418 5.472320e-01 7.360000e-04 4.520320e-01
419 5.471280e-01 7.040000e-04 4.521680e-01
420 5.470280e-01 6.960000e-04 4.522760e-01
421 5.468920e-01 7.080000e-04 4.524000e-01
422 5.467560e-01 7.080000e-04 4.525360e-01
423 5.466440e-01 7.000000e-04 4.526560e-01
424 5.464920e-01 7.400000e-04 4.527680e-01
425 5.463240e-01 8.040000e-04 4.528720e-01
426 5.461920e-01 8.120000e-04 4.529960e-01
427 5.460160e-01 8.200000e-04 4.531640e-01
428 5.458680e-01 8.600000e-04 4.532720e-01
429 5.457280e-01 8.760000e-04 4.533960e-01
430 5.455720e-01 9.040000e-04 4.535240e-01
431 5.453760e-01 9.160000e-04 4.537080e-01
432 5.452360e-01 9.240000e-04 4.538400e-01
433 5.451120e-01 9.160000e-04 4.539720e-01
434 5.449840e-01 9.080000e-04 4.541080e-01
435 5.448160e-01 9.160000e-04 4.542680e-01
436 5.447120e-01 8.800000e-04 4.544080e-01
437 5.446000e-01 8.440000e-04 4.545560e-01
438 5.444760e-01 7.920000e-04 4.547320e-01
439 5.443560e-01 7.960000e-04 4.548480e-01
440 5.442160e-01 7.760000e-04 4.550080e-01
441 5.440560e-01 8.360000e-04 4.551080e-01
442 5.438880e-01 8.560000e-04 4.552560e-01
443 5.437520e-01 7.920000e-04 4.554560e-01
444 5.436560e-01 7.520000e-04 4.555920e-01
445 5.435240e-01 7.600000e-04 4.557160e-01
446 5.434080e-01 7.120000e-04 4.558800e-01
447 5.433400e-01 6.920000e-04 4.559680e-01
448 5.432080e-01 6.680000e-04 4.561240e-01
449 5.431160e-01 6.560000e-04 4.562280e-01
450 5.430120e-01 6.960000e-04 4.562920e-01
451 5.428520e-01 6.960000e-04 4.564520e-01
452 5.427280e-01 7.160000e-04 4.565560e-01
453 5.426040e-01 7.440000e-04 4.566520e-01
454 5.424960e-01 7.360000e-04 4.567680e-01
455 5.423800e-01 7.000000e-04 4.569200e-01
456 5.423080e-01 6.560000e-04 4.570360e-01
457 5.421880e-01 6.680000e-04 4.571440e-01
458 5.421080e-01 6.560000e-04 4.572360e-01
459 5.419960e-01 6.480000e-04 4.573560e-01
460 5.419160e-01 6.240000e-04 4.574600e-01
461 5.418320e-01 6.040000e-04 4.575640e-01
462 5.417120e-01 6.040000e-04 4.576840e-01
463 5.416560e-01 5.160000e-04 4.578280e-01
464 5.416120e-01 4.880000e-04 4.579000e-01
465 5.415560e-01 4.720000e-04 4.579720e-01
466 5.414920e-01 4.520000e-04 4.580560e-01
467 5.414480e-01 4.160000e-04 4.581360e-01
468 5.413880e-01 4.200000e-04 4.581920e-01
469 5.413360e-01 3.880000e-04 4.582760e-01
470 5.412880e-01 3.840000e-04 4.583280e-01
471 5.412480e-01 3.640000e-04 4.583880e-01
472 5.411920e-01 3.640000e-04 4.584440e-01
473 5.411400e-01 3.320000e-04 4.585280e-01
474 5.410920e-01 3.040000e-04 4.586040e-01
475 5.410240e-01 3.360000e-04 4.586400e-01
476 5.409360e-01 3.560000e-04 4.587080e-01
477 5.408760e-01 3.400000e-04 4.587840e-01
478 5.408120e-01 3.640000e-04 4.588240e-01
479 5.407440e-01 3.520000e-04 4.589040e-01
480 5.406640e-01 3.800000e-04 4.589560e-01
481 5.405960e-01 3.640000e-04 4.590400e-01
482 5.405480e-01 3.400000e-04 4.591120e-01
483 5.404520e-01 3.640000e-04 4.591840e-01
484 5.403920e-01 3.520000e-04 4.592560e-01
485 5.403480e-01 3.600000e-04 4.592920e-01
486 5.402680e-01 3.640000e-04 4.593680e-01
487 5.401920e-01 3.680000e-04 4.594400e-01
488 5.401400e-01 3.680000e-04 4.594920e-01
489 5.400640e-01 4.000000e-04 4.595360e-01
490 5.400160e-01 3.720000e-04 4.596120e-01
491 5.399440e-01 3.800000e-04 4.596760e-01
492 5.398520e-01 3.960000e-04 4.597520e-01
493 5.397920e-01 4.000000e-04 4.598080e-01
494 5.397320e-01 3.760000e-04 4.598920e-01
495 5.396720e-01 3.680000e-04 4.599600e-01
496 5.396200e-01 3.560000e-04 4.600240e-01
497 5.395680e-01 3.480000e-04 4.600840e-01
498 5.395400e-01 3.000000e-04 4.601600e-01
499 5.394880e-01 3.120000e-04 4.602000e-01
500 5.394400e-01 3.120000e-04 4.602480e-01
