1 9.992000e-01 7.320000e-04 6.800000e-05
2 9.986560e-01 1.116000e-03 2.280000e-04
3 9.979800e-01 1.568000e-03 4.520000e-04
4 9.971120e-01 2.132000e-03 7.560000e-04
5 9.962560e-01 2.604000e-03 1.140000e-03
6 9.953720e-01 3.060000e-03 1.568000e-03
7 9.944600e-01 3.404000e-03 2.136000e-03
8 9.933760e-01 3.920000e-03 2.704000e-03
9 9.922000e-01 4.436000e-03 3.364000e-03
10 9.909680e-01 4.848000e-03 4.184000e-03
11 9.896840e-01 5.152000e-03 5.164000e-03
12 9.882160e-01 5.800000e-03 5.984000e-03
13 9.868480e-01 6.220000e-03 6.932000e-03
14 9.854520e-01 6.444000e-03 8.104000e-03
15 9.839240e-01 6.836000e-03 9.240000e-03
16 9.823280e-01 7.148000e-03 1.052400e-02
17 9.808760e-01 7.296000e-03 1.182800e-02
18 9.792720e-01 7.524000e-03 1.320400e-02
19 9.776760e-01 7.700000e-03 1.462400e-02
20 9.760840e-01 7.952000e-03 1.596400e-02
21 9.745040e-01 8.108000e-03 1.738800e-02
22 9.728760e-01 8.180000e-03 1.894400e-02
23 9.711200e-01 8.440000e-03 2.044000e-02
24 9.694880e-01 8.568000e-03 2.194400e-02
25 9.679120e-01 8.552000e-03 2.353600e-02
26 9.663440e-01 8.600000e-03 2.505600e-02
27 9.647120e-01 8.588000e-03 2.670000e-02
28 9.630280e-01 8.640000e-03 2.833200e-02
29 9.614320e-01 8.772000e-03 2.979600e-02
30 9.597600e-01 8.788000e-03 3.145200e-02
31 9.581400e-01 8.816000e-03 3.304400e-02
32 9.564960e-01 8.900000e-03 3.460400e-02
33 9.549840e-01 8.860000e-03 3.615600e-02
34 9.534200e-01 8.952000e-03 3.762800e-02
35 9.516200e-01 9.268000e-03 3.911200e-02
36 9.499800e-01 9.224000e-03 4.079600e-02
37 9.480720e-01 9.468000e-03 4.246000e-02
38 9.463120e-01 9.508000e-03 4.418000e-02
39 9.446280e-01 9.592000e-03 4.578000e-02
40 9.429880e-01 9.664000e-03 4.734800e-02
41 9.412960e-01 9.612000e-03 4.909200e-02
42 9.396680e-01 9.668000e-03 5.066400e-02
43 9.376600e-01 1.007200e-02 5.226800e-02
44 9.359000e-01 9.924000e-03 5.417600e-02
45 9.341400e-01 9.976000e-03 5.588400e-02
46 9.324280e-01 9.900000e-03 5.767200e-02
47 9.307520e-01 9.796000e-03 5.945200e-02
48 9.287360e-01 1.025200e-02 6.101200e-02
49 9.268960e-01 1.039200e-02 6.271200e-02
50 9.250160e-01 1.047200e-02 6.451200e-02
51 9.231240e-01 1.068400e-02 6.619200e-02
52 9.212440e-01 1.065200e-02 6.810400e-02
53 9.194680e-01 1.071200e-02 6.982000e-02
54 9.175920e-01 1.074400e-02 7.166400e-02
55 9.155360e-01 1.092000e-02 7.354400e-02
56 9.135200e-01 1.097600e-02 7.550400e-02
57 9.115440e-01 1.103200e-02 7.742400e-02
58 9.096080e-01 1.108000e-02 7.931200e-02
59 9.079160e-01 1.082800e-02 8.125600e-02
60 9.060600e-01 1.079200e-02 8.314800e-02
61 9.042840e-01 1.069200e-02 8.502400e-02
62 9.025880e-01 1.056000e-02 8.685200e-02
63 9.008040e-01 1.047200e-02 8.872400e-02
64 8.990560e-01 1.035200e-02 9.059200e-02
65 8.972640e-01 1.033600e-02 9.240000e-02
66 8.954080e-01 1.034000e-02 9.425200e-02
67 8.935160e-01 1.043200e-02 9.605200e-02
68 8.916880e-01 1.064000e-02 9.767200e-02
69 8.899600e-01 1.053600e-02 9.950400e-02
70 8.881840e-01 1.040400e-02 1.014120e-01
71 8.862840e-01 1.056000e-02 1.031560e-01
72 8.846200e-01 1.054400e-02 1.048360e-01
73 8.829320e-01 1.042000e-02 1.066480e-01
74 8.812760e-01 1.017600e-02 1.085480e-01
75 8.795240e-01 1.006000e-02 1.104160e-01
76 8.778920e-01 9.916000e-03 1.121920e-01
77 8.760560e-01 1.008800e-02 1.138560e-01
78 8.742320e-01 1.020000e-02 1.155680e-01
79 8.726160e-01 9.828000e-03 1.175560e-01
80 8.709520e-01 9.784000e-03 1.192640e-01
81 8.692160e-01 9.872000e-03 1.209120e-01
82 8.676240e-01 9.820000e-03 1.225560e-01
83 8.659120e-01 9.864000e-03 1.242240e-01
84 8.643520e-01 9.688000e-03 1.259600e-01
85 8.629040e-01 9.432000e-03 1.276640e-01
86 8.612520e-01 9.492000e-03 1.292560e-01
87 8.595840e-01 9.584000e-03 1.308320e-01
88 8.579400e-01 9.500000e-03 1.325600e-01
89 8.562560e-01 9.508000e-03 1.342360e-01
90 8.546800e-01 9.568000e-03 1.357520e-01
91 8.532360e-01 9.364000e-03 1.374000e-01
92 8.517520e-01 9.340000e-03 1.389080e-01
93 8.501960e-01 9.248000e-03 1.405560e-01
94 8.486640e-01 9.212000e-03 1.421240e-01
95 8.470200e-01 9.128000e-03 1.438520e-01
96 8.455120e-01 9.096000e-03 1.453920e-01
97 8.439800e-01 9.120000e-03 1.469000e-01
98 8.425240e-01 8.976000e-03 1.485000e-01
99 8.410440e-01 8.876000e-03 1.500800e-01
100 8.396840e-01 8.836000e-03 1.514800e-01
101 8.382080e-01 8.768000e-03 1.530240e-01
102 8.366720e-01 8.712000e-03 1.546160e-01
103 8.352120e-01 8.756000e-03 1.560320e-01
104 8.336240e-01 8.752000e-03 1.576240e-01
105 8.320160e-01 8.788000e-03 1.591960e-01
106 8.303600e-01 8.784000e-03 1.608560e-01
107 8.288120e-01 8.728000e-03 1.624600e-01
108 8.272440e-01 8.776000e-03 1.639800e-01
109 8.257160e-01 8.780000e-03 1.655040e-01
110 8.241200e-01 8.836000e-03 1.670440e-01
111 8.225000e-01 8.936000e-03 1.685640e-01
112 8.210840e-01 8.664000e-03 1.702520e-01
113 8.195160e-01 8.804000e-03 1.716800e-01
114 8.181480e-01 8.516000e-03 1.733360e-01
115 8.166200e-01 8.588000e-03 1.747920e-01
116 8.152720e-01 8.404000e-03 1.763240e-01
117 8.139360e-01 8.252000e-03 1.778120e-01
118 8.126240e-01 7.956000e-03 1.794200e-01
119 8.114200e-01 7.684000e-03 1.808960e-01
120 8.103120e-01 7.464000e-03 1.822240e-01
121 8.092040e-01 7.372000e-03 1.834240e-01
122 8.079360e-01 7.412000e-03 1.846520e-01
123 8.067800e-01 7.296000e-03 1.859240e-01
124 8.055360e-01 7.156000e-03 1.873080e-01
125 8.043760e-01 7.092000e-03 1.885320e-01
126 8.031960e-01 7.000000e-03 1.898040e-01
127 8.020280e-01 6.904000e-03 1.910680e-01
128 8.006920e-01 7.140000e-03 1.921680e-01
129 7.994360e-01 7.192000e-03 1.933720e-01
130 7.981040e-01 7.200000e-03 1.946960e-01
131 7.967960e-01 7.296000e-03 1.959080e-01
132 7.956240e-01 7.172000e-03 1.972040e-01
133 7.943720e-01 7.208000e-03 1.984200e-01
134 7.930320e-01 7.440000e-03 1.995280e-01
135 7.916680e-01 7.532000e-03 2.008000e-01
136 7.904800e-01 7.520000e-03 2.020000e-01
137 7.891440e-01 7.448000e-03 2.034080e-01
138 7.879840e-01 7.376000e-03 2.046400e-01
139 7.868960e-01 7.200000e-03 2.059040e-01
140 7.857280e-01 6.960000e-03 2.073120e-01
141 7.846840e-01 6.912000e-03 2.084040e-01
142 7.837080e-01 6.720000e-03 2.095720e-01
143 7.825960e-01 6.640000e-03 2.107640e-01
144 7.814240e-01 6.616000e-03 2.119600e-01
145 7.801720e-01 6.760000e-03 2.130680e-01
146 7.789280e-01 6.884000e-03 2.141880e-01
147 7.776960e-01 6.944000e-03 2.153600e-01
148 7.764560e-01 6.884000e-03 2.166600e-01
149 7.752480e-01 6.796000e-03 2.179560e-01
150 7.741000e-01 6.756000e-03 2.191440e-01
151 7.729680e-01 6.732000e-03 2.203000e-01
152 7.716520e-01 6.748000e-03 2.216000e-01
153 7.704280e-01 6.708000e-03 2.228640e-01
154 7.692880e-01 6.744000e-03 2.239680e-01
155 7.680520e-01 6.700000e-03 2.252480e-01
156 7.668000e-01 6.812000e-03 2.263880e-01
157 7.655760e-01 6.880000e-03 2.275440e-01
158 7.644200e-01 6.832000e-03 2.287480e-01
159 7.632320e-01 6.868000e-03 2.299000e-01
160 7.619520e-01 6.908000e-03 2.311400e-01
161 7.605160e-01 7.088000e-03 2.323960e-01
162 7.592880e-01 6.964000e-03 2.337480e-01
163 7.580800e-01 6.896000e-03 2.350240e-01
164 7.569040e-01 6.892000e-03 2.362040e-01
165 7.557000e-01 6.872000e-03 2.374280e-01
166 7.545720e-01 6.728000e-03 2.387000e-01
167 7.534440e-01 6.624000e-03 2.399320e-01
168 7.523680e-01 6.608000e-03 2.410240e-01
169 7.512480e-01 6.500000e-03 2.422520e-01
170 7.501560e-01 6.424000e-03 2.434200e-01
171 7.491480e-01 6.392000e-03 2.444600e-01
172 7.480440e-01 6.380000e-03 2.455760e-01
173 7.469360e-01 6.424000e-03 2.466400e-01
174 7.457080e-01 6.496000e-03 2.477960e-01
175 7.444960e-01 6.628000e-03 2.488760e-01
176 7.431320e-01 6.780000e-03 2.500880e-01
177 7.418560e-01 6.892000e-03 2.512520e-01
178 7.406360e-01 6.976000e-03 2.523880e-01
179 7.395360e-01 6.884000e-03 2.535800e-01
180 7.385280e-01 6.720000e-03 2.547520e-01
181 7.375400e-01 6.544000e-03 2.559160e-01
182 7.364640e-01 6.480000e-03 2.570560e-01
183 7.354320e-01 6.472000e-03 2.580960e-01
184 7.342600e-01 6.488000e-03 2.592520e-01
185 7.332360e-01 6.324000e-03 2.604400e-01
186 7.321880e-01 6.256000e-03 2.615560e-01
187 7.312600e-01 6.052000e-03 2.626880e-01
188 7.303520e-01 5.928000e-03 2.637200e-01
189 7.292600e-01 5.968000e-03 2.647720e-01
190 7.281960e-01 6.004000e-03 2.658000e-01
191 7.271120e-01 5.984000e-03 2.669040e-01
192 7.261920e-01 5.912000e-03 2.678960e-01
193 7.251640e-01 5.800000e-03 2.690360e-01
194 7.242240e-01 5.752000e-03 2.700240e-01
195 7.234160e-01 5.648000e-03 2.709360e-01
196 7.224160e-01 5.704000e-03 2.718800e-01
197 7.214120e-01 5.712000e-03 2.728760e-01
198 7.204880e-01 5.676000e-03 2.738360e-01
199 7.195600e-01 5.660000e-03 2.747800e-01
200 7.187680e-01 5.404000e-03 2.758280e-01
201 7.178840e-01 5.268000e-03 2.768480e-01
202 7.168840e-01 5.344000e-03 2.777720e-01
203 7.160080e-01 5.284000e-03 2.787080e-01
204 7.150880e-01 5.256000e-03 2.796560e-01
205 7.140760e-01 5.444000e-03 2.804800e-01
206 7.130400e-01 5.528000e-03 2.814320e-01
207 7.120040e-01 5.604000e-03 2.823920e-01
208 7.110440e-01 5.544000e-03 2.834120e-01
209 7.100560e-01 5.608000e-03 2.843360e-01
210 7.090040e-01 5.588000e-03 2.854080e-01
211 7.080960e-01 5.544000e-03 2.863600e-01
212 7.070920e-01 5.580000e-03 2.873280e-01
213 7.060760e-01 5.664000e-03 2.882600e-01
214 7.050440e-01 5.792000e-03 2.891640e-01
215 7.040760e-01 5.856000e-03 2.900680e-01
216 7.030920e-01 5.684000e-03 2.912240e-01
217 7.021120e-01 5.608000e-03 2.922800e-01
218 7.010840e-01 5.756000e-03 2.931600e-01
219 7.001520e-01 5.784000e-03 2.940640e-01
220 6.993200e-01 5.580000e-03 2.951000e-01
221 6.984200e-01 5.516000e-03 2.960640e-01
222 6.975600e-01 5.476000e-03 2.969640e-01
223 6.968440e-01 5.136000e-03 2.980200e-01
224 6.959880e-01 5.056000e-03 2.989560e-01
225 6.952200e-01 4.892000e-03 2.998880e-01
226 6.944760e-01 4.688000e-03 3.008360e-01
227 6.937280e-01 4.492000e-03 3.017800e-01
228 6.929120e-01 4.524000e-03 3.025640e-01
229 6.921400e-01 4.548000e-03 3.033120e-01
230 6.914440e-01 4.464000e-03 3.040920e-01
231 6.908000e-01 4.368000e-03 3.048320e-01
232 6.900760e-01 4.392000e-03 3.055320e-01
233 6.892800e-01 4.488000e-03 3.062320e-01
234 6.885400e-01 4.452000e-03 3.070080e-01
235 6.879320e-01 4.332000e-03 3.077360e-01
236 6.873200e-01 4.192000e-03 3.084880e-01
237 6.866720e-01 4.188000e-03 3.091400e-01
238 6.858720e-01 4.256000e-03 3.098720e-01
239 6.851120e-01 4.180000e-03 3.107080e-01
240 6.843840e-01 4.156000e-03 3.114600e-01
241 6.837160e-01 4.064000e-03 3.122200e-01
242 6.830240e-01 4.052000e-03 3.129240e-01
243 6.823560e-01 4.012000e-03 3.136320e-01
244 6.816600e-01 3.988000e-03 3.143520e-01
245 6.810440e-01 3.944000e-03 3.150120e-01
246 6.804680e-01 3.792000e-03 3.157400e-01
247 6.798600e-01 3.768000e-03 3.163720e-01
248 6.792960e-01 3.652000e-03 3.170520e-01
249 6.787120e-01 3.600000e-03 3.176880e-01
250 6.781560e-01 3.496000e-03 3.183480e-01
251 6.774800e-01 3.572000e-03 3.189480e-01
252 6.769200e-01 3.460000e-03 3.196200e-01
253 6.764360e-01 3.272000e-03 3.202920e-01
254 6.759160e-01 3.224000e-03 3.208600e-01
255 6.754600e-01 3.076000e-03 3.214640e-01
256 6.749920e-01 2.912000e-03 3.220960e-01
257 6.746120e-01 2.740000e-03 3.226480e-01
258 6.742280e-01 2.624000e-03 3.231480e-01
259 6.738240e-01 2.572000e-03 3.236040e-01
260 6.734760e-01 2.460000e-03 3.240640e-01
261 6.731040e-01 2.396000e-03 3.245000e-01
262 6.727480e-01 2.324000e-03 3.249280e-01
263 6.724400e-01 2.240000e-03 3.253200e-01
264 6.720960e-01 2.228000e-03 3.256760e-01
265 6.717280e-01 2.244000e-03 3.260280e-01
266 6.713160e-01 2.292000e-03 3.263920e-01
267 6.709080e-01 2.320000e-03 3.267720e-01
268 6.705040e-01 2.324000e-03 3.271720e-01
269 6.700840e-01 2.364000e-03 3.275520e-01
270 6.697600e-01 2.296000e-03 3.279440e-01
271 6.694080e-01 2.196000e-03 3.283960e-01
272 6.689240e-01 2.200000e-03 3.288760e-01
273 6.685400e-01 2.180000e-03 3.292800e-01
274 6.681560e-01 2.220000e-03 3.296240e-01
275 6.678320e-01 2.228000e-03 3.299400e-01
276 6.675120e-01 2.188000e-03 3.303000e-01
277 6.671640e-01 2.124000e-03 3.307120e-01
278 6.667400e-01 2.152000e-03 3.311080e-01
279 6.663040e-01 2.200000e-03 3.314960e-01
280 6.659080e-01 2.180000e-03 3.319120e-01
281 6.655200e-01 2.120000e-03 3.323600e-01
282 6.650800e-01 2.140000e-03 3.327800e-01
283 6.647120e-01 2.160000e-03 3.331280e-01
284 6.643200e-01 2.168000e-03 3.335120e-01
285 6.639480e-01 2.104000e-03 3.339480e-01
286 6.635040e-01 2.200000e-03 3.342960e-01
287 6.630920e-01 2.228000e-03 3.346800e-01
288 6.625920e-01 2.304000e-03 3.351040e-01
289 6.621600e-01 2.328000e-03 3.355120e-01
290 6.617440e-01 2.316000e-03 3.359400e-01
291 6.613200e-01 2.284000e-03 3.363960e-01
292 6.609560e-01 2.240000e-03 3.368040e-01
293 6.604800e-01 2.344000e-03 3.371760e-01
294 6.600840e-01 2.316000e-03 3.376000e-01
295 6.597040e-01 2.292000e-03 3.380040e-01
296 6.594000e-01 2.204000e-03 3.383960e-01
297 6.590560e-01 2.136000e-03 3.388080e-01
298 6.586640e-01 2.160000e-03 3.391760e-01
299 6.583080e-01 2.172000e-03 3.395200e-01
300 6.579160e-01 2.180000e-03 3.399040e-01
301 6.575520e-01 2.144000e-03 3.403040e-01
302 6.571840e-01 2.164000e-03 3.406520e-01
303 6.567960e-01 2.164000e-03 3.410400e-01
304 6.564560e-01 2.116000e-03 3.414280e-01
305 6.560160e-01 2.132000e-03 3.418520e-01
306 6.556840e-01 2.108000e-03 3.422080e-01
307 6.553000e-01 2.068000e-03 3.426320e-01
308 6.549320e-01 2.124000e-03 3.429440e-01
309 6.545560e-01 2.080000e-03 3.433640e-01
310 6.541760e-01 2.084000e-03 3.437400e-01
311 6.537440e-01 2.108000e-03 3.441480e-01
312 6.533200e-01 2.188000e-03 3.444920e-01
313 6.529400e-01 2.192000e-03 3.448680e-01
314 6.525800e-01 2.152000e-03 3.452680e-01
315 6.522280e-01 2.100000e-03 3.456720e-01
316 6.518840e-01 2.148000e-03 3.459680e-01
317 6.514400e-01 2.216000e-03 3.463440e-01
318 6.510840e-01 2.184000e-03 3.467320e-01
319 6.506720e-01 2.248000e-03 3.470800e-01
320 6.503360e-01 2.108000e-03 3.475560e-01
321 6.499640e-01 2.044000e-03 3.479920e-01
322 6.496360e-01 2.020000e-03 3.483440e-01
323 6.492680e-01 2.060000e-03 3.486720e-01
324 6.488960e-01 2.072000e-03 3.490320e-01
325 6.484240e-01 2.120000e-03 3.494560e-01
326 6.480280e-01 2.124000e-03 3.498480e-01
327 6.475480e-01 2.212000e-03 3.502400e-01
328 6.471160e-01 2.280000e-03 3.506040e-01
329 6.467240e-01 2.276000e-03 3.510000e-01
330 6.463080e-01 2.272000e-03 3.514200e-01
331 6.459240e-01 2.168000e-03 3.519080e-01
332 6.456400e-01 1.992000e-03 3.523680e-01
333 6.453720e-01 1.888000e-03 3.527400e-01
334 6.450960e-01 1.816000e-03 3.530880e-01
335 6.448480e-01 1.784000e-03 3.533680e-01
336 6.445520e-01 1.800000e-03 3.536480e-01
337 6.442360e-01 1.748000e-03 3.540160e-01
338 6.438800e-01 1.860000e-03 3.542600e-01
339 6.436040e-01 1.780000e-03 3.546160e-01
340 6.432640e-01 1.800000e-03 3.549360e-01
341 6.429280e-01 1.864000e-03 3.552080e-01
342 6.426960e-01 1.780000e-03 3.555240e-01
343 6.423960e-01 1.752000e-03 3.558520e-01
344 6.421320e-01 1.688000e-03 3.561800e-01
345 6.419040e-01 1.620000e-03 3.564760e-01
346 6.415680e-01 1.640000e-03 3.567920e-01
347 6.412600e-01 1.628000e-03 3.571120e-01
348 6.409160e-01 1.676000e-03 3.574080e-01
349 6.405600e-01 1.792000e-03 3.576480e-01
350 6.403840e-01 1.648000e-03 3.579680e-01
351 6.400520e-01 1.692000e-03 3.582560e-01
352 6.397120e-01 1.760000e-03 3.585280e-01
353 6.393600e-01 1.844000e-03 3.587960e-01
354 6.390560e-01 1.776000e-03 3.591680e-01
355 6.387880e-01 1.724000e-03 3.594880e-01
356 6.385040e-01 1.696000e-03 3.598000e-01
357 6.382480e-01 1.600000e-03 3.601520e-01
358 6.380600e-01 1.580000e-03 3.603600e-01
359 6.379000e-01 1.520000e-03 3.605800e-01
360 6.377040e-01 1.480000e-03 3.608160e-01
361 6.374920e-01 1.388000e-03 3.611200e-01
362 6.372600e-01 1.352000e-03 3.613880e-01
363 6.369960e-01 1.372000e-03 3.616320e-01
364 6.367760e-01 1.340000e-03 3.618840e-01
365 6.365360e-01 1.372000e-03 3.620920e-01
366 6.362640e-01 1.412000e-03 3.623240e-01
367 6.360680e-01 1.344000e-03 3.625880e-01
368 6.358640e-01 1.348000e-03 3.627880e-01
369 6.356840e-01 1.284000e-03 3.630320e-01
370 6.355080e-01 1.256000e-03 3.632360e-01
371 6.352760e-01 1.304000e-03 3.634200e-01
372 6.350480e-01 1.308000e-03 3.636440e-01
373 6.348520e-01 1.296000e-03 3.638520e-01
374 6.346080e-01 1.356000e-03 3.640360e-01
375 6.343520e-01 1.420000e-03 3.642280e-01
376 6.340920e-01 1.416000e-03 3.644920e-01
377 6.338840e-01 1.400000e-03 3.647160e-01
378 6.336000e-01 1.452000e-03 3.649480e-01
379 6.333240e-01 1.472000e-03 3.652040e-01
380 6.330520e-01 1.460000e-03 3.654880e-01
381 6.327880e-01 1.512000e-03 3.657000e-01
382 6.325320e-01 1.480000e-03 3.659880e-01
383 6.322120e-01 1.500000e-03 3.662880e-01
384 6.320640e-01 1.424000e-03 3.665120e-01
385 6.318960e-01 1.340000e-03 3.667640e-01
386 6.316760e-01 1.356000e-03 3.669680e-01
387 6.314840e-01 1.312000e-03 3.672040e-01
388 6.313040e-01 1.208000e-03 3.674880e-01
389 6.311000e-01 1.276000e-03 3.676240e-01
390 6.309000e-01 1.252000e-03 3.678480e-01
391 6.306680e-01 1.272000e-03 3.680600e-01
392 6.305000e-01 1.176000e-03 3.683240e-01
393 6.303320e-01 1.084000e-03 3.685840e-01
394 6.301400e-01 1.104000e-03 3.687560e-01
395 6.300120e-01 1.036000e-03 3.689520e-01
396 6.299000e-01 9.600000e-04 3.691400e-01
397 6.297880e-01 9.440000e-04 3.692680e-01
398 6.296600e-01 9.440000e-04 3.693960e-01
399 6.295440e-01 9.360000e-04 3.695200e-01
400 6.294440e-01 8.720000e-04 3.696840e-01
401 6.292400e-01 9.160000e-04 3.698440e-01
402 6.291200e-01 8.840000e-04 3.699960e-01
403 6.289640e-01 8.440000e-04 3.701920e-01
404 6.288520e-01 8.000000e-04 3.703480e-01
405 6.287880e-01 7.480000e-04 3.704640e-01
406 6.286800e-01 7.640000e-04 3.705560e-01
407 6.285360e-01 7.640000e-04 3.707000e-01
408 6.283920e-01 7.480000e-04 3.708600e-01
409 6.282600e-01 7.280000e-04 3.710120e-01
410 6.281360e-01 7.000000e-04 3.711640e-01
411 6.280200e-01 6.640000e-04 3.713160e-01
412 6.278840e-01 7.120000e-04 3.714040e-01
413 6.277080e-01 7.280000e-04 3.715640e-01
414 6.275120e-01 7.640000e-04 3.717240e-01
415 6.273960e-01 7.360000e-04 3.718680e-01
416 6.272360e-01 7.520000e-04 3.720120e-01
417 6.270960e-01 7.560000e-04 3.721480e-01
418 6.269840e-01 7.320000e-04 3.722840e-01
419 6.268080e-01 7.760000e-04 3.724160e-01
420 6.266480e-01 7.680000e-04 3.725840e-01
421 6.264560e-01 7.680000e-04 3.727760e-01
422 6.262840e-01 8.280000e-04 3.728880e-01
423 6.260520e-01 9.040000e-04 3.730440e-01
424 6.258840e-01 9.280000e-04 3.731880e-01
425 6.256920e-01 1.008000e-03 3.733000e-01
426 6.255360e-01 9.840000e-04 3.734800e-01
427 6.253720e-01 9.760000e-04 3.736520e-01
428 6.252640e-01 8.720000e-04 3.738640e-01
429 6.251480e-01 8.280000e-04 3.740240e-01
430 6.250240e-01 8.000000e-04 3.741760e-01
431 6.249000e-01 7.840000e-04 3.743160e-01
432 6.247800e-01 7.680000e-04 3.744520e-01
433 6.246600e-01 7.640000e-04 3.745760e-01
434 6.245160e-01 7.720000e-04 3.747120e-01
435 6.243800e-01 7.720000e-04 3.748480e-01
436 6.242600e-01 7.560000e-04 3.749840e-01
437 6.241240e-01 7.600000e-04 3.751160e-01
438 6.239760e-01 7.840000e-04 3.752400e-01
439 6.238480e-01 8.000000e-04 3.753520e-01
440 6.236880e-01 8.360000e-04 3.754760e-01
441 6.235720e-01 7.680000e-04 3.756600e-01
442 6.234720e-01 7.360000e-04 3.757920e-01
443 6.233560e-01 7.160000e-04 3.759280e-01
444 6.232160e-01 7.400000e-04 3.760440e-01
445 6.231160e-01 6.400000e-04 3.762440e-01
446 6.230080e-01 6.200000e-04 3.763720e-01
447 6.229120e-01 6.160000e-04 3.764720e-01
448 6.228040e-01 6.120000e-04 3.765840e-01
449 6.227000e-01 6.160000e-04 3.766840e-01
450 6.225800e-01 6.600000e-04 3.767600e-01
451 6.224720e-01 6.200000e-04 3.769080e-01
452 6.223560e-01 6.600000e-04 3.769840e-01
453 6.222000e-01 7.200000e-04 3.770800e-01
454 6.220440e-01 7.480000e-04 3.772080e-01
455 6.219000e-01 7.800000e-04 3.773200e-01
456 6.217600e-01 7.760000e-04 3.774640e-01
457 6.216400e-01 7.600000e-04 3.776000e-01
458 6.214760e-01 8.120000e-04 3.777120e-01
459 6.213240e-01 8.400000e-04 3.778360e-01
460 6.211920e-01 8.440000e-04 3.779640e-01
461 6.210360e-01 8.800000e-04 3.780840e-01
462 6.209120e-01 8.320000e-04 3.782560e-01
463 6.207760e-01 8.200000e-04 3.784040e-01
464 6.206160e-01 8.480000e-04 3.785360e-01
465 6.204200e-01 9.120000e-04 3.786680e-01
466 6.202640e-01 9.200000e-04 3.788160e-01
467 6.201400e-01 8.880000e-04 3.789720e-01
468 6.200080e-01 8.360000e-04 3.791560e-01
469 6.198640e-01 8.080000e-04 3.793280e-01
470 6.197120e-01 8.520000e-04 3.794360e-01
471 6.195280e-01 8.920000e-04 3.795800e-01
472 6.193600e-01 9.280000e-04 3.797120e-01
473 6.192240e-01 9.320000e-04 3.798440e-01
474 6.190240e-01 9.400000e-04 3.800360e-01
475 6.188600e-01 9.640000e-04 3.801760e-01
476 6.187040e-01 9.400000e-04 3.803560e-01
477 6.185760e-01 9.000000e-04 3.805240e-01
478 6.184440e-01 9.120000e-04 3.806440e-01
479 6.183280e-01 8.560000e-04 3.808160e-01
480 6.182240e-01 8.600000e-04 3.809160e-01
481 6.180840e-01 8.360000e-04 3.810800e-01
482 6.180160e-01 7.720000e-04 3.812120e-01
483 6.178880e-01 8.080000e-04 3.813040e-01
484 6.177320e-01 8.120000e-04 3.814560e-01
485 6.176200e-01 8.080000e-04 3.815720e-01
486 6.174760e-01 8.360000e-04 3.816880e-01
487 6.173840e-01 7.920000e-04 3.818240e-01
488 6.173200e-01 7.080000e-04 3.819720e-01
489 6.172320e-01 6.720000e-04 3.820960e-01
490 6.171440e-01 6.400000e-04 3.822160e-01
491 6.170720e-01 6.040000e-04 3.823240e-01
492 6.169600e-01 6.160000e-04 3.824240e-01
493 6.168800e-01 5.680000e-04 3.825520e-01
494 6.167640e-01 5.840000e-04 3.826520e-01
495 6.166520e-01 6.120000e-04 3.827360e-01
496 6.165400e-01 6.520000e-04 3.828080e-01
497 6.164200e-01 6.400000e-04 3.829400e-01
498 6.163320e-01 6.240000e-04 3.830440e-01
499 6.162600e-01 5.880000e-04 3.831520e-01
500 6.161360e-01 5.720000e-04 3.832920e-01
