1 9.992120e-01 6.720000e-04 1.160000e-04
2 9.987360e-01 1.012000e-03 2.520000e-04
3 9.981560e-01 1.420000e-03 4.240000e-04
4 9.973520e-01 1.984000e-03 6.640000e-04
5 9.965760e-01 2.416000e-03 1.008000e-03
6 9.958360e-01 2.724000e-03 1.440000e-03
7 9.950240e-01 2.980000e-03 1.996000e-03
8 9.940480e-01 3.432000e-03 2.520000e-03
9 9.930160e-01 3.828000e-03 3.156000e-03
10 9.921160e-01 4.028000e-03 3.856000e-03
11 9.911480e-01 4.296000e-03 4.556000e-03
12 9.901840e-01 4.496000e-03 5.320000e-03
13 9.891400e-01 4.672000e-03 6.188000e-03
14 9.880480e-01 4.920000e-03 7.032000e-03
15 9.868880e-01 5.084000e-03 8.028000e-03
16 9.855640e-01 5.440000e-03 8.996000e-03
17 9.841840e-01 5.848000e-03 9.968000e-03
18 9.828880e-01 6.080000e-03 1.103200e-02
19 9.816400e-01 6.232000e-03 1.212800e-02
20 9.803520e-01 6.468000e-03 1.318000e-02
21 9.791400e-01 6.480000e-03 1.438000e-02
22 9.778720e-01 6.516000e-03 1.561200e-02
23 9.765840e-01 6.584000e-03 1.683200e-02
24 9.751840e-01 6.788000e-03 1.802800e-02
25 9.738600e-01 6.940000e-03 1.920000e-02
26 9.723160e-01 7.204000e-03 2.048000e-02
27 9.710000e-01 7.284000e-03 2.171600e-02
28 9.695360e-01 7.472000e-03 2.299200e-02
29 9.680200e-01 7.752000e-03 2.422800e-02
30 9.665000e-01 7.824000e-03 2.567600e-02
31 9.648920e-01 7.932000e-03 2.717600e-02
32 9.633360e-01 8.064000e-03 2.860000e-02
33 9.618440e-01 8.212000e-03 2.994400e-02
34 9.602000e-01 8.416000e-03 3.138400e-02
35 9.585920e-01 8.600000e-03 3.280800e-02
36 9.571080e-01 8.512000e-03 3.438000e-02
37 9.555040e-01 8.604000e-03 3.589200e-02
38 9.539320e-01 8.716000e-03 3.735200e-02
39 9.522080e-01 8.944000e-03 3.884800e-02
40 9.503320e-01 9.200000e-03 4.046800e-02
41 9.485480e-01 9.468000e-03 4.198400e-02
42 9.467880e-01 9.548000e-03 4.366400e-02
43 9.449440e-01 9.736000e-03 4.532000e-02
44 9.432040e-01 9.764000e-03 4.703200e-02
45 9.415000e-01 9.824000e-03 4.867600e-02
46 9.398800e-01 9.764000e-03 5.035600e-02
47 9.382160e-01 9.688000e-03 5.209600e-02
48 9.365800e-01 9.700000e-03 5.372000e-02
49 9.349960e-01 9.680000e-03 5.532400e-02
50 9.332760e-01 9.620000e-03 5.710400e-02
51 9.315880e-01 9.632000e-03 5.878000e-02
52 9.299440e-01 9.620000e-03 6.043600e-02
53 9.282240e-01 9.660000e-03 6.211600e-02
54 9.265040e-01 9.868000e-03 6.362800e-02
55 9.247360e-01 9.924000e-03 6.534000e-02
56 9.230320e-01 9.788000e-03 6.718000e-02
57 9.211720e-01 9.908000e-03 6.892000e-02
58 9.195280e-01 9.744000e-03 7.072800e-02
59 9.177520e-01 9.680000e-03 7.256800e-02
60 9.160240e-01 9.724000e-03 7.425200e-02
61 9.142400e-01 9.848000e-03 7.591200e-02
62 9.127120e-01 9.772000e-03 7.751600e-02
63 9.110520e-01 9.624000e-03 7.932400e-02
64 9.094040e-01 9.700000e-03 8.089600e-02
65 9.076880e-01 9.620000e-03 8.269200e-02
66 9.061720e-01 9.288000e-03 8.454000e-02
67 9.044800e-01 9.444000e-03 8.607600e-02
68 9.028880e-01 9.368000e-03 8.774400e-02
69 9.012640e-01 9.448000e-03 8.928800e-02
70 8.997080e-01 9.392000e-03 9.090000e-02
71 8.981440e-01 9.268000e-03 9.258800e-02
72 8.966720e-01 9.192000e-03 9.413600e-02
73 8.951520e-01 9.120000e-03 9.572800e-02
74 8.938560e-01 8.840000e-03 9.730400e-02
75 8.925960e-01 8.608000e-03 9.879600e-02
76 8.911440e-01 8.684000e-03 1.001720e-01
77 8.898480e-01 8.392000e-03 1.017600e-01
78 8.882680e-01 8.536000e-03 1.031960e-01
79 8.866200e-01 8.672000e-03 1.047080e-01
80 8.850200e-01 8.780000e-03 1.062000e-01
81 8.835280e-01 8.552000e-03 1.079200e-01
82 8.820800e-01 8.524000e-03 1.093960e-01
83 8.806520e-01 8.316000e-03 1.110320e-01
84 8.793440e-01 8.252000e-03 1.124040e-01
85 8.778640e-01 8.260000e-03 1.138760e-01
86 8.764160e-01 8.204000e-03 1.153800e-01
87 8.751240e-01 8.088000e-03 1.167880e-01
88 8.738440e-01 7.924000e-03 1.182320e-01
89 8.724120e-01 7.940000e-03 1.196480e-01
90 8.709880e-01 8.032000e-03 1.209800e-01
91 8.695040e-01 8.064000e-03 1.224320e-01
92 8.679080e-01 8.120000e-03 1.239720e-01
93 8.663920e-01 8.148000e-03 1.254600e-01
94 8.649560e-01 8.140000e-03 1.269040e-01
95 8.636880e-01 7.924000e-03 1.283880e-01
96 8.623480e-01 7.840000e-03 1.298120e-01
97 8.610880e-01 7.776000e-03 1.311360e-01
98 8.598760e-01 7.492000e-03 1.326320e-01
99 8.586920e-01 7.376000e-03 1.339320e-01
100 8.574120e-01 7.400000e-03 1.351880e-01
101 8.561800e-01 7.280000e-03 1.365400e-01
102 8.547880e-01 7.472000e-03 1.377400e-01
103 8.535240e-01 7.392000e-03 1.390840e-01
104 8.520960e-01 7.456000e-03 1.404480e-01
105 8.509120e-01 7.336000e-03 1.417520e-01
106 8.495920e-01 7.224000e-03 1.431840e-01
107 8.482120e-01 7.304000e-03 1.444840e-01
108 8.470200e-01 7.184000e-03 1.457960e-01
109 8.457480e-01 7.152000e-03 1.471000e-01
110 8.444640e-01 7.256000e-03 1.482800e-01
111 8.431120e-01 7.360000e-03 1.495280e-01
112 8.418360e-01 7.388000e-03 1.507760e-01
113 8.405000e-01 7.372000e-03 1.521280e-01
114 8.392080e-01 7.408000e-03 1.533840e-01
115 8.379360e-01 7.408000e-03 1.546560e-01
116 8.368680e-01 7.220000e-03 1.559120e-01
117 8.356360e-01 7.180000e-03 1.571840e-01
118 8.344080e-01 7.144000e-03 1.584480e-01
119 8.331880e-01 7.132000e-03 1.596800e-01
120 8.319360e-01 7.224000e-03 1.608400e-01
121 8.307640e-01 7.044000e-03 1.621920e-01
122 8.296720e-01 6.904000e-03 1.634240e-01
123 8.284920e-01 6.912000e-03 1.645960e-01
124 8.274480e-01 6.776000e-03 1.657760e-01
125 8.263280e-01 6.800000e-03 1.668720e-01
126 8.252240e-01 6.604000e-03 1.681720e-01
127 8.241440e-01 6.504000e-03 1.693520e-01
128 8.232120e-01 6.264000e-03 1.705240e-01
129 8.221680e-01 6.184000e-03 1.716480e-01
130 8.212640e-01 6.032000e-03 1.727040e-01
131 8.202600e-01 5.972000e-03 1.737680e-01
132 8.192680e-01 5.892000e-03 1.748400e-01
133 8.182000e-01 6.028000e-03 1.757720e-01
134 8.172360e-01 5.860000e-03 1.769040e-01
135 8.161800e-01 5.816000e-03 1.780040e-01
136 8.151960e-01 5.828000e-03 1.789760e-01
137 8.141840e-01 5.980000e-03 1.798360e-01
138 8.131520e-01 5.932000e-03 1.809160e-01
139 8.119960e-01 5.988000e-03 1.820160e-01
140 8.110320e-01 5.872000e-03 1.830960e-01
141 8.100520e-01 5.704000e-03 1.842440e-01
142 8.089360e-01 5.828000e-03 1.852360e-01
143 8.079640e-01 5.804000e-03 1.862320e-01
144 8.069480e-01 5.724000e-03 1.873280e-01
145 8.058880e-01 5.728000e-03 1.883840e-01
146 8.047840e-01 5.736000e-03 1.894800e-01
147 8.037200e-01 5.820000e-03 1.904600e-01
148 8.025360e-01 5.948000e-03 1.915160e-01
149 8.015320e-01 5.856000e-03 1.926120e-01
150 8.004920e-01 5.980000e-03 1.935280e-01
151 7.995160e-01 5.836000e-03 1.946480e-01
152 7.985080e-01 5.904000e-03 1.955880e-01
153 7.975360e-01 5.812000e-03 1.966520e-01
154 7.966480e-01 5.712000e-03 1.976400e-01
155 7.957200e-01 5.644000e-03 1.986360e-01
156 7.947760e-01 5.540000e-03 1.996840e-01
157 7.937520e-01 5.588000e-03 2.006600e-01
158 7.928280e-01 5.520000e-03 2.016520e-01
159 7.918120e-01 5.592000e-03 2.025960e-01
160 7.909760e-01 5.524000e-03 2.035000e-01
161 7.898720e-01 5.708000e-03 2.044200e-01
162 7.887720e-01 5.840000e-03 2.053880e-01
163 7.875480e-01 6.084000e-03 2.063680e-01
164 7.862840e-01 6.192000e-03 2.075240e-01
165 7.850720e-01 6.364000e-03 2.085640e-01
166 7.840480e-01 6.236000e-03 2.097160e-01
167 7.827640e-01 6.352000e-03 2.108840e-01
168 7.815520e-01 6.352000e-03 2.120960e-01
169 7.805360e-01 6.216000e-03 2.132480e-01
170 7.795840e-01 6.128000e-03 2.142880e-01
171 7.785400e-01 6.092000e-03 2.153680e-01
172 7.775400e-01 6.036000e-03 2.164240e-01
173 7.765040e-01 5.936000e-03 2.175600e-01
174 7.753960e-01 6.000000e-03 2.186040e-01
175 7.744600e-01 5.924000e-03 2.196160e-01
176 7.732400e-01 6.180000e-03 2.205800e-01
177 7.720800e-01 6.308000e-03 2.216120e-01
178 7.709120e-01 6.424000e-03 2.226640e-01
179 7.698000e-01 6.288000e-03 2.239120e-01
180 7.686760e-01 6.320000e-03 2.250040e-01
181 7.676480e-01 6.252000e-03 2.261000e-01
182 7.667000e-01 6.172000e-03 2.271280e-01
183 7.657600e-01 6.124000e-03 2.281160e-01
184 7.648200e-01 6.028000e-03 2.291520e-01
185 7.637080e-01 6.064000e-03 2.302280e-01
186 7.627040e-01 5.972000e-03 2.313240e-01
187 7.615280e-01 6.144000e-03 2.323280e-01
188 7.605240e-01 6.064000e-03 2.334120e-01
189 7.596280e-01 5.928000e-03 2.344440e-01
190 7.587040e-01 5.720000e-03 2.355760e-01
191 7.577160e-01 5.764000e-03 2.365200e-01
192 7.566200e-01 5.828000e-03 2.375520e-01
193 7.557080e-01 5.684000e-03 2.386080e-01
194 7.548480e-01 5.516000e-03 2.396360e-01
195 7.539320e-01 5.556000e-03 2.405120e-01
196 7.530560e-01 5.364000e-03 2.415800e-01
197 7.521320e-01 5.276000e-03 2.425920e-01
198 7.512320e-01 5.204000e-03 2.435640e-01
199 7.503720e-01 5.208000e-03 2.444200e-01
200 7.495240e-01 5.080000e-03 2.453960e-01
201 7.487920e-01 4.884000e-03 2.463240e-01
202 7.479160e-01 4.964000e-03 2.471200e-01
203 7.470840e-01 4.968000e-03 2.479480e-01
204 7.462960e-01 4.940000e-03 2.487640e-01
205 7.455680e-01 4.712000e-03 2.497200e-01
206 7.447880e-01 4.624000e-03 2.505880e-01
207 7.439280e-01 4.616000e-03 2.514560e-01
208 7.430680e-01 4.564000e-03 2.523680e-01
209 7.422440e-01 4.576000e-03 2.531800e-01
210 7.414600e-01 4.516000e-03 2.540240e-01
211 7.406360e-01 4.608000e-03 2.547560e-01
212 7.399120e-01 4.516000e-03 2.555720e-01
213 7.391080e-01 4.584000e-03 2.563080e-01
214 7.382280e-01 4.592000e-03 2.571800e-01
215 7.374120e-01 4.684000e-03 2.579040e-01
216 7.366880e-01 4.484000e-03 2.588280e-01
217 7.359200e-01 4.484000e-03 2.595960e-01
218 7.351120e-01 4.428000e-03 2.604600e-01
219 7.343320e-01 4.372000e-03 2.612960e-01
220 7.334640e-01 4.468000e-03 2.620680e-01
221 7.326320e-01 4.516000e-03 2.628520e-01
222 7.318160e-01 4.508000e-03 2.636760e-01
223 7.309160e-01 4.652000e-03 2.644320e-01
224 7.300440e-01 4.680000e-03 2.652760e-01
225 7.290040e-01 4.884000e-03 2.661120e-01
226 7.281000e-01 4.916000e-03 2.669840e-01
227 7.271920e-01 4.860000e-03 2.679480e-01
228 7.263960e-01 4.940000e-03 2.686640e-01
229 7.255000e-01 4.980000e-03 2.695200e-01
230 7.247040e-01 4.944000e-03 2.703520e-01
231 7.238280e-01 5.012000e-03 2.711600e-01
232 7.229600e-01 4.884000e-03 2.721560e-01
233 7.221120e-01 4.748000e-03 2.731400e-01
234 7.213520e-01 4.592000e-03 2.740560e-01
235 7.206400e-01 4.532000e-03 2.748280e-01
236 7.199880e-01 4.348000e-03 2.756640e-01
237 7.193280e-01 4.228000e-03 2.764440e-01
238 7.187000e-01 4.028000e-03 2.772720e-01
239 7.180960e-01 3.924000e-03 2.779800e-01
240 7.174720e-01 3.984000e-03 2.785440e-01
241 7.167560e-01 4.064000e-03 2.791800e-01
242 7.160120e-01 4.144000e-03 2.798440e-01
243 7.153560e-01 4.092000e-03 2.805520e-01
244 7.145560e-01 4.108000e-03 2.813360e-01
245 7.137720e-01 4.200000e-03 2.820280e-01
246 7.130720e-01 4.108000e-03 2.828200e-01
247 7.122320e-01 4.204000e-03 2.835640e-01
248 7.114520e-01 4.168000e-03 2.843800e-01
249 7.107680e-01 4.168000e-03 2.850640e-01
250 7.101360e-01 4.072000e-03 2.857920e-01
251 7.094320e-01 4.028000e-03 2.865400e-01
252 7.086960e-01 3.964000e-03 2.873400e-01
253 7.080480e-01 3.940000e-03 2.880120e-01
254 7.073200e-01 4.060000e-03 2.886200e-01
255 7.066160e-01 3.992000e-03 2.893920e-01
256 7.059560e-01 3.996000e-03 2.900480e-01
257 7.052800e-01 3.916000e-03 2.908040e-01
258 7.046080e-01 3.932000e-03 2.914600e-01
259 7.038560e-01 3.960000e-03 2.921840e-01
260 7.031480e-01 3.976000e-03 2.928760e-01
261 7.024000e-01 4.072000e-03 2.935280e-01
262 7.016920e-01 4.012000e-03 2.942960e-01
263 7.010160e-01 3.968000e-03 2.950160e-01
264 7.001320e-01 4.144000e-03 2.957240e-01
265 6.995480e-01 3.956000e-03 2.964960e-01
266 6.988320e-01 3.944000e-03 2.972240e-01
267 6.981200e-01 3.984000e-03 2.978960e-01
268 6.975360e-01 3.860000e-03 2.986040e-01
269 6.968320e-01 3.900000e-03 2.992680e-01
270 6.961320e-01 3.920000e-03 2.999480e-01
271 6.954720e-01 3.916000e-03 3.006120e-01
272 6.948080e-01 3.864000e-03 3.013280e-01
273 6.941440e-01 3.848000e-03 3.020080e-01
274 6.934480e-01 3.876000e-03 3.026760e-01
275 6.926480e-01 3.948000e-03 3.034040e-01
276 6.918680e-01 4.048000e-03 3.040840e-01
277 6.912200e-01 3.984000e-03 3.047960e-01
278 6.905040e-01 4.000000e-03 3.054960e-01
279 6.897360e-01 4.044000e-03 3.062200e-01
280 6.890360e-01 4.004000e-03 3.069600e-01
281 6.884080e-01 3.964000e-03 3.076280e-01
282 6.877040e-01 4.000000e-03 3.082960e-01
283 6.870040e-01 3.976000e-03 3.090200e-01
284 6.863240e-01 3.968000e-03 3.097080e-01
285 6.855880e-01 3.964000e-03 3.104480e-01
286 6.847800e-01 4.104000e-03 3.111160e-01
287 6.841120e-01 4.152000e-03 3.117360e-01
288 6.833560e-01 4.176000e-03 3.124680e-01
289 6.826160e-01 4.152000e-03 3.132320e-01
290 6.821200e-01 3.908000e-03 3.139720e-01
291 6.814960e-01 3.756000e-03 3.147480e-01
292 6.808800e-01 3.724000e-03 3.153960e-01
293 6.804040e-01 3.588000e-03 3.160080e-01
294 6.797800e-01 3.584000e-03 3.166360e-01
295 6.792200e-01 3.500000e-03 3.172800e-01
296 6.785360e-01 3.608000e-03 3.178560e-01
297 6.778120e-01 3.708000e-03 3.184800e-01
298 6.771360e-01 3.664000e-03 3.192000e-01
299 6.764560e-01 3.668000e-03 3.198760e-01
300 6.757040e-01 3.744000e-03 3.205520e-01
301 6.750640e-01 3.708000e-03 3.212280e-01
302 6.743880e-01 3.748000e-03 3.218640e-01
303 6.735640e-01 4.000000e-03 3.224360e-01
304 6.728880e-01 4.020000e-03 3.230920e-01
305 6.720040e-01 4.140000e-03 3.238560e-01
306 6.712920e-01 4.168000e-03 3.245400e-01
307 6.705080e-01 4.288000e-03 3.252040e-01
308 6.698160e-01 4.344000e-03 3.258400e-01
309 6.690160e-01 4.340000e-03 3.266440e-01
310 6.681840e-01 4.304000e-03 3.275120e-01
311 6.672800e-01 4.428000e-03 3.282920e-01
312 6.665480e-01 4.400000e-03 3.290520e-01
313 6.657280e-01 4.444000e-03 3.298280e-01
314 6.648840e-01 4.576000e-03 3.305400e-01
315 6.641600e-01 4.492000e-03 3.313480e-01
316 6.633560e-01 4.472000e-03 3.321720e-01
317 6.625160e-01 4.560000e-03 3.329240e-01
318 6.615960e-01 4.556000e-03 3.338480e-01
319 6.608120e-01 4.520000e-03 3.346680e-01
320 6.600080e-01 4.532000e-03 3.354600e-01
321 6.591680e-01 4.544000e-03 3.362880e-01
322 6.584720e-01 4.520000e-03 3.370080e-01
323 6.576960e-01 4.528000e-03 3.377760e-01
324 6.568800e-01 4.492000e-03 3.386280e-01
325 6.561680e-01 4.416000e-03 3.394160e-01
326 6.555440e-01 4.356000e-03 3.401000e-01
327 6.548600e-01 4.376000e-03 3.407640e-01
328 6.540040e-01 4.424000e-03 3.415720e-01
329 6.532120e-01 4.432000e-03 3.423560e-01
330 6.524120e-01 4.408000e-03 3.431800e-01
331 6.517080e-01 4.284000e-03 3.440080e-01
332 6.509400e-01 4.296000e-03 3.447640e-01
333 6.502400e-01 4.268000e-03 3.454920e-01
334 6.494400e-01 4.372000e-03 3.461880e-01
335 6.487400e-01 4.228000e-03 3.470320e-01
336 6.480000e-01 4.156000e-03 3.478440e-01
337 6.473040e-01 4.264000e-03 3.484320e-01
338 6.466480e-01 4.212000e-03 3.491400e-01
339 6.459800e-01 4.220000e-03 3.498000e-01
340 6.452040e-01 4.240000e-03 3.505560e-01
341 6.443600e-01 4.396000e-03 3.512440e-01
342 6.436200e-01 4.424000e-03 3.519560e-01
343 6.429480e-01 4.336000e-03 3.527160e-01
344 6.421880e-01 4.308000e-03 3.535040e-01
345 6.415320e-01 4.208000e-03 3.542600e-01
346 6.408040e-01 4.272000e-03 3.549240e-01
347 6.400520e-01 4.284000e-03 3.556640e-01
348 6.394760e-01 3.968000e-03 3.565560e-01
349 6.388680e-01 3.828000e-03 3.573040e-01
350 6.383360e-01 3.696000e-03 3.579680e-01
351 6.377520e-01 3.672000e-03 3.585760e-01
352 6.371040e-01 3.576000e-03 3.593200e-01
353 6.364800e-01 3.560000e-03 3.599600e-01
354 6.359080e-01 3.532000e-03 3.605600e-01
355 6.352320e-01 3.584000e-03 3.611840e-01
356 6.345760e-01 3.576000e-03 3.618480e-01
357 6.339600e-01 3.536000e-03 3.625040e-01
358 6.333280e-01 3.516000e-03 3.631560e-01
359 6.327560e-01 3.572000e-03 3.636720e-01
360 6.321800e-01 3.544000e-03 3.642760e-01
361 6.315600e-01 3.584000e-03 3.648560e-01
362 6.310240e-01 3.520000e-03 3.654560e-01
363 6.304120e-01 3.568000e-03 3.660200e-01
364 6.298360e-01 3.488000e-03 3.666760e-01
365 6.292760e-01 3.368000e-03 3.673560e-01
366 6.287720e-01 3.340000e-03 3.678880e-01
367 6.283280e-01 3.236000e-03 3.684360e-01
368 6.278120e-01 3.140000e-03 3.690480e-01
369 6.273000e-01 3.136000e-03 3.695640e-01
370 6.268240e-01 3.028000e-03 3.701480e-01
371 6.263120e-01 2.968000e-03 3.707200e-01
372 6.258440e-01 2.944000e-03 3.712120e-01
373 6.254120e-01 2.912000e-03 3.716760e-01
374 6.249320e-01 2.876000e-03 3.721920e-01
375 6.244160e-01 2.920000e-03 3.726640e-01
376 6.238600e-01 3.024000e-03 3.731160e-01
377 6.233560e-01 3.016000e-03 3.736280e-01
378 6.228040e-01 3.028000e-03 3.741680e-01
379 6.223800e-01 3.004000e-03 3.746160e-01
380 6.219360e-01 2.852000e-03 3.752120e-01
381 6.214960e-01 2.824000e-03 3.756800e-01
382 6.209960e-01 2.856000e-03 3.761480e-01
383 6.205640e-01 2.856000e-03 3.765800e-01
384 6.200240e-01 2.904000e-03 3.770720e-01
385 6.195120e-01 2.948000e-03 3.775400e-01
386 6.190040e-01 2.996000e-03 3.780000e-01
387 6.184880e-01 3.004000e-03 3.785080e-01
388 6.180880e-01 2.936000e-03 3.789760e-01
389 6.175560e-01 2.916000e-03 3.795280e-01
390 6.170360e-01 2.896000e-03 3.800680e-01
391 6.166160e-01 2.808000e-03 3.805760e-01
392 6.161800e-01 2.744000e-03 3.810760e-01
393 6.157440e-01 2.728000e-03 3.815280e-01
394 6.152960e-01 2.648000e-03 3.820560e-01
395 6.149160e-01 2.592000e-03 3.824920e-01
396 6.145640e-01 2.480000e-03 3.829560e-01
397 6.141560e-01 2.436000e-03 3.834080e-01
398 6.137400e-01 2.456000e-03 3.838040e-01
399 6.133440e-01 2.360000e-03 3.842960e-01
400 6.129280e-01 2.404000e-03 3.846680e-01
401 6.125320e-01 2.404000e-03 3.850640e-01
402 6.121600e-01 2.372000e-03 3.854680e-01
403 6.117360e-01 2.392000e-03 3.858720e-01
404 6.112680e-01 2.456000e-03 3.862760e-01
405 6.108960e-01 2.388000e-03 3.867160e-01
406 6.106000e-01 2.276000e-03 3.871240e-01
407 6.102640e-01 2.208000e-03 3.875280e-01
408 6.098440e-01 2.276000e-03 3.878800e-01
409 6.095640e-01 2.152000e-03 3.882840e-01
410 6.092000e-01 2.176000e-03 3.886240e-01
411 6.087760e-01 2.208000e-03 3.890160e-01
412 6.084560e-01 2.032000e-03 3.895120e-01
413 6.081680e-01 1.960000e-03 3.898720e-01
414 6.078120e-01 1.996000e-03 3.901920e-01
415 6.074920e-01 1.944000e-03 3.905640e-01
416 6.071120e-01 2.012000e-03 3.908760e-01
417 6.067080e-01 2.056000e-03 3.912360e-01
418 6.062800e-01 2.152000e-03 3.915680e-01
419 6.058600e-01 2.252000e-03 3.918880e-01
420 6.054800e-01 2.236000e-03 3.922840e-01
421 6.051360e-01 2.164000e-03 3.927000e-01
422 6.047720e-01 2.116000e-03 3.931120e-01
423 6.043600e-01 2.132000e-03 3.935080e-01
424 6.038760e-01 2.268000e-03 3.938560e-01
425 6.034720e-01 2.268000e-03 3.942600e-01
426 6.031160e-01 2.132000e-03 3.947520e-01
427 6.027560e-01 2.100000e-03 3.951440e-01
428 6.023920e-01 2.120000e-03 3.954880e-01
429 6.020440e-01 2.108000e-03 3.958480e-01
430 6.017360e-01 2.044000e-03 3.962200e-01
431 6.013920e-01 2.048000e-03 3.965600e-01
432 6.011600e-01 1.956000e-03 3.968840e-01
433 6.008480e-01 1.928000e-03 3.972240e-01
434 6.005000e-01 1.940000e-03 3.975600e-01
435 6.001720e-01 1.960000e-03 3.978680e-01
436 5.999240e-01 1.884000e-03 3.981920e-01
437 5.995920e-01 1.852000e-03 3.985560e-01
438 5.993320e-01 1.800000e-03 3.988680e-01
439 5.990240e-01 1.788000e-03 3.991880e-01
440 5.986800e-01 1.836000e-03 3.994840e-01
441 5.984400e-01 1.764000e-03 3.997960e-01
442 5.981800e-01 1.692000e-03 4.001280e-01
443 5.979000e-01 1.680000e-03 4.004200e-01
444 5.976240e-01 1.660000e-03 4.007160e-01
445 5.973920e-01 1.600000e-03 4.010080e-01
446 5.970760e-01 1.640000e-03 4.012840e-01
447 5.967560e-01 1.696000e-03 4.015480e-01
448 5.965120e-01 1.644000e-03 4.018440e-01
449 5.962680e-01 1.652000e-03 4.020800e-01
450 5.959880e-01 1.620000e-03 4.023920e-01
451 5.957080e-01 1.644000e-03 4.026480e-01
452 5.954360e-01 1.656000e-03 4.029080e-01
453 5.952400e-01 1.540000e-03 4.032200e-01
454 5.949960e-01 1.532000e-03 4.034720e-01
455 5.947480e-01 1.524000e-03 4.037280e-01
456 5.945320e-01 1.468000e-03 4.040000e-01
457 5.943120e-01 1.428000e-03 4.042600e-01
458 5.940720e-01 1.416000e-03 4.045120e-01
459 5.938120e-01 1.440000e-03 4.047480e-01
460 5.936160e-01 1.348000e-03 4.050360e-01
461 5.933920e-01 1.368000e-03 4.052400e-01
462 5.932040e-01 1.276000e-03 4.055200e-01
463 5.929800e-01 1.320000e-03 4.057000e-01
464 5.927840e-01 1.288000e-03 4.059280e-01
465 5.925640e-01 1.284000e-03 4.061520e-01
466 5.924240e-01 1.180000e-03 4.063960e-01
467 5.922240e-01 1.172000e-03 4.066040e-01
468 5.920280e-01 1.184000e-03 4.067880e-01
469 5.918880e-01 1.132000e-03 4.069800e-01
470 5.917440e-01 1.096000e-03 4.071600e-01
471 5.915480e-01 1.116000e-03 4.073360e-01
472 5.913720e-01 1.096000e-03 4.075320e-01
473 5.912120e-01 1.040000e-03 4.077480e-01
474 5.910440e-01 9.960000e-04 4.079600e-01
475 5.908640e-01 1.024000e-03 4.081120e-01
476 5.906480e-01 1.104000e-03 4.082480e-01
477 5.904520e-01 1.108000e-03 4.084400e-01
478 5.902840e-01 1.072000e-03 4.086440e-01
479 5.901280e-01 1.040000e-03 4.088320e-01
480 5.899920e-01 1.028000e-03 4.089800e-01
481 5.898040e-01 1.012000e-03 4.091840e-01
482 5.895720e-01 1.088000e-03 4.093400e-01
483 5.894080e-01 1.020000e-03 4.095720e-01
484 5.891800e-01 1.064000e-03 4.097560e-01
485 5.889440e-01 1.096000e-03 4.099600e-01
486 5.887360e-01 1.100000e-03 4.101640e-01
487 5.884960e-01 1.148000e-03 4.103560e-01
488 5.882960e-01 1.144000e-03 4.105600e-01
489 5.880880e-01 1.136000e-03 4.107760e-01
490 5.878200e-01 1.220000e-03 4.109600e-01
491 5.876600e-01 1.248000e-03 4.110920e-01
492 5.874520e-01 1.212000e-03 4.113360e-01
493 5.872640e-01 1.180000e-03 4.115560e-01
494 5.870320e-01 1.172000e-03 4.117960e-01
495 5.868480e-01 1.156000e-03 4.119960e-01
496 5.866400e-01 1.188000e-03 4.121720e-01
497 5.863720e-01 1.216000e-03 4.124120e-01
498 5.861200e-01 1.252000e-03 4.126280e-01
499 5.858320e-01 1.344000e-03 4.128240e-01
500 5.855960e-01 1.336000e-03 4.130680e-01
