1 9.992240e-01 6.640000e-04 1.120000e-04
2 9.986960e-01 1.044000e-03 2.600000e-04
3 9.981720e-01 1.340000e-03 4.880000e-04
4 9.975120e-01 1.708000e-03 7.800000e-04
5 9.968080e-01 2.040000e-03 1.152000e-03
6 9.962000e-01 2.256000e-03 1.544000e-03
7 9.955240e-01 2.592000e-03 1.884000e-03
8 9.948080e-01 2.832000e-03 2.360000e-03
9 9.941440e-01 2.956000e-03 2.900000e-03
10 9.933200e-01 3.236000e-03 3.444000e-03
11 9.924880e-01 3.480000e-03 4.032000e-03
12 9.916760e-01 3.704000e-03 4.620000e-03
13 9.907400e-01 4.020000e-03 5.240000e-03
14 9.897120e-01 4.272000e-03 6.016000e-03
15 9.889040e-01 4.248000e-03 6.848000e-03
16 9.881280e-01 4.268000e-03 7.604000e-03
17 9.871600e-01 4.500000e-03 8.340000e-03
18 9.862400e-01 4.624000e-03 9.136000e-03
19 9.852240e-01 4.868000e-03 9.908000e-03
20 9.842320e-01 5.088000e-03 1.068000e-02
21 9.830400e-01 5.440000e-03 1.152000e-02
22 9.818920e-01 5.676000e-03 1.243200e-02
23 9.807600e-01 5.852000e-03 1.338800e-02
24 9.795640e-01 5.964000e-03 1.447200e-02
25 9.783520e-01 6.072000e-03 1.557600e-02
26 9.772400e-01 6.032000e-03 1.672800e-02
27 9.762160e-01 6.008000e-03 1.777600e-02
28 9.749240e-01 6.304000e-03 1.877200e-02
29 9.737360e-01 6.372000e-03 1.989200e-02
30 9.724720e-01 6.452000e-03 2.107600e-02
31 9.711640e-01 6.684000e-03 2.215200e-02
32 9.698840e-01 6.892000e-03 2.322400e-02
33 9.687480e-01 6.804000e-03 2.444800e-02
34 9.676120e-01 6.732000e-03 2.565600e-02
35 9.663360e-01 6.760000e-03 2.690400e-02
36 9.650480e-01 6.832000e-03 2.812000e-02
37 9.637680e-01 6.960000e-03 2.927200e-02
38 9.624960e-01 7.088000e-03 3.041600e-02
39 9.610880e-01 7.196000e-03 3.171600e-02
40 9.599080e-01 7.104000e-03 3.298800e-02
41 9.584200e-01 7.320000e-03 3.426000e-02
42 9.572200e-01 7.288000e-03 3.549200e-02
43 9.558800e-01 7.372000e-03 3.674800e-02
44 9.544040e-01 7.576000e-03 3.802000e-02
45 9.528240e-01 7.852000e-03 3.932400e-02
46 9.514720e-01 7.724000e-03 4.080400e-02
47 9.500320e-01 7.844000e-03 4.212400e-02
48 9.487600e-01 7.748000e-03 4.349200e-02
49 9.473320e-01 7.748000e-03 4.492000e-02
50 9.460960e-01 7.632000e-03 4.627200e-02
51 9.447600e-01 7.636000e-03 4.760400e-02
52 9.435720e-01 7.476000e-03 4.895200e-02
53 9.422000e-01 7.440000e-03 5.036000e-02
54 9.409280e-01 7.324000e-03 5.174800e-02
55 9.394920e-01 7.560000e-03 5.294800e-02
56 9.381920e-01 7.460000e-03 5.434800e-02
57 9.369040e-01 7.424000e-03 5.567200e-02
58 9.355080e-01 7.676000e-03 5.681600e-02
59 9.340720e-01 7.780000e-03 5.814800e-02
60 9.325680e-01 8.000000e-03 5.943200e-02
61 9.310720e-01 8.072000e-03 6.085600e-02
62 9.296360e-01 8.244000e-03 6.212000e-02
63 9.283680e-01 8.044000e-03 6.358800e-02
64 9.269240e-01 8.056000e-03 6.502000e-02
65 9.255200e-01 8.100000e-03 6.638000e-02
66 9.241160e-01 8.044000e-03 6.784000e-02
67 9.228120e-01 7.856000e-03 6.933200e-02
68 9.214240e-01 7.900000e-03 7.067600e-02
69 9.200480e-01 7.976000e-03 7.197600e-02
70 9.188800e-01 7.704000e-03 7.341600e-02
71 9.176320e-01 7.720000e-03 7.464800e-02
72 9.161200e-01 7.816000e-03 7.606400e-02
73 9.145560e-01 8.012000e-03 7.743200e-02
74 9.130000e-01 8.160000e-03 7.884000e-02
75 9.115560e-01 8.024000e-03 8.042000e-02
76 9.101200e-01 7.984000e-03 8.189600e-02
77 9.087080e-01 7.872000e-03 8.342000e-02
78 9.071320e-01 8.072000e-03 8.479600e-02
79 9.054800e-01 8.332000e-03 8.618800e-02
80 9.039200e-01 8.512000e-03 8.756800e-02
81 9.024960e-01 8.384000e-03 8.912000e-02
82 9.010960e-01 8.356000e-03 9.054800e-02
83 8.998080e-01 8.196000e-03 9.199600e-02
84 8.984560e-01 8.048000e-03 9.349600e-02
85 8.970080e-01 8.076000e-03 9.491600e-02
86 8.956600e-01 7.952000e-03 9.638800e-02
87 8.942640e-01 7.900000e-03 9.783600e-02
88 8.929560e-01 7.816000e-03 9.922800e-02
89 8.917480e-01 7.552000e-03 1.007000e-01
90 8.903760e-01 7.548000e-03 1.020760e-01
91 8.891160e-01 7.500000e-03 1.033840e-01
92 8.876600e-01 7.528000e-03 1.048120e-01
93 8.865200e-01 7.288000e-03 1.061920e-01
94 8.853960e-01 7.248000e-03 1.073560e-01
95 8.842040e-01 7.068000e-03 1.087280e-01
96 8.829920e-01 7.084000e-03 1.099240e-01
97 8.818760e-01 6.872000e-03 1.112520e-01
98 8.808440e-01 6.692000e-03 1.124640e-01
99 8.796480e-01 6.824000e-03 1.135280e-01
100 8.784960e-01 6.840000e-03 1.146640e-01
101 8.772840e-01 6.840000e-03 1.158760e-01
102 8.760520e-01 6.856000e-03 1.170920e-01
103 8.749720e-01 6.660000e-03 1.183680e-01
104 8.738320e-01 6.748000e-03 1.194200e-01
105 8.726120e-01 6.912000e-03 1.204760e-01
106 8.714040e-01 6.780000e-03 1.218160e-01
107 8.703480e-01 6.760000e-03 1.228920e-01
108 8.692640e-01 6.688000e-03 1.240480e-01
109 8.682400e-01 6.484000e-03 1.252760e-01
110 8.672520e-01 6.428000e-03 1.263200e-01
111 8.661840e-01 6.368000e-03 1.274480e-01
112 8.651600e-01 6.264000e-03 1.285760e-01
113 8.640920e-01 6.336000e-03 1.295720e-01
114 8.631480e-01 6.224000e-03 1.306280e-01
115 8.621360e-01 6.148000e-03 1.317160e-01
116 8.610200e-01 6.196000e-03 1.327840e-01
117 8.599760e-01 6.248000e-03 1.337760e-01
118 8.588520e-01 6.300000e-03 1.348480e-01
119 8.578840e-01 6.268000e-03 1.358480e-01
120 8.569040e-01 6.076000e-03 1.370200e-01
121 8.560200e-01 5.904000e-03 1.380760e-01
122 8.550280e-01 5.908000e-03 1.390640e-01
123 8.539920e-01 5.992000e-03 1.400160e-01
124 8.529120e-01 6.088000e-03 1.410000e-01
125 8.517120e-01 6.188000e-03 1.421000e-01
126 8.506480e-01 6.160000e-03 1.431920e-01
127 8.495480e-01 6.072000e-03 1.443800e-01
128 8.484480e-01 6.180000e-03 1.453720e-01
129 8.473000e-01 6.112000e-03 1.465880e-01
130 8.463160e-01 6.048000e-03 1.476360e-01
131 8.453520e-01 5.880000e-03 1.487680e-01
132 8.442880e-01 5.976000e-03 1.497360e-01
133 8.432480e-01 5.928000e-03 1.508240e-01
134 8.421400e-01 5.972000e-03 1.518880e-01
135 8.411480e-01 5.960000e-03 1.528920e-01
136 8.401000e-01 5.948000e-03 1.539520e-01
137 8.391600e-01 5.836000e-03 1.550040e-01
138 8.382160e-01 5.752000e-03 1.560320e-01
139 8.372000e-01 5.768000e-03 1.570320e-01
140 8.361720e-01 5.844000e-03 1.579840e-01
141 8.351640e-01 5.940000e-03 1.588960e-01
142 8.342480e-01 5.868000e-03 1.598840e-01
143 8.333200e-01 5.756000e-03 1.609240e-01
144 8.322320e-01 5.748000e-03 1.620200e-01
145 8.311520e-01 5.868000e-03 1.629800e-01
146 8.301240e-01 5.852000e-03 1.640240e-01
147 8.292120e-01 5.720000e-03 1.650680e-01
148 8.283680e-01 5.604000e-03 1.660280e-01
149 8.274120e-01 5.620000e-03 1.669680e-01
150 8.265640e-01 5.476000e-03 1.679600e-01
151 8.256480e-01 5.364000e-03 1.689880e-01
152 8.248360e-01 5.172000e-03 1.699920e-01
153 8.241080e-01 5.076000e-03 1.708160e-01
154 8.232400e-01 5.024000e-03 1.717360e-01
155 8.223360e-01 4.888000e-03 1.727760e-01
156 8.214440e-01 5.008000e-03 1.735480e-01
157 8.206560e-01 4.920000e-03 1.744240e-01
158 8.197360e-01 4.956000e-03 1.753080e-01
159 8.189000e-01 4.864000e-03 1.762360e-01
160 8.181680e-01 4.704000e-03 1.771280e-01
161 8.173800e-01 4.640000e-03 1.779800e-01
162 8.166560e-01 4.544000e-03 1.788000e-01
163 8.159880e-01 4.432000e-03 1.795800e-01
164 8.152560e-01 4.484000e-03 1.802600e-01
165 8.144480e-01 4.528000e-03 1.810240e-01
166 8.136600e-01 4.500000e-03 1.818400e-01
167 8.128800e-01 4.428000e-03 1.826920e-01
168 8.122320e-01 4.360000e-03 1.834080e-01
169 8.115400e-01 4.276000e-03 1.841840e-01
170 8.107440e-01 4.320000e-03 1.849360e-01
171 8.100520e-01 4.288000e-03 1.856600e-01
172 8.093560e-01 4.264000e-03 1.863800e-01
173 8.086080e-01 4.280000e-03 1.871120e-01
174 8.078600e-01 4.296000e-03 1.878440e-01
175 8.071480e-01 4.332000e-03 1.885200e-01
176 8.064000e-01 4.236000e-03 1.893640e-01
177 8.055880e-01 4.360000e-03 1.900520e-01
178 8.047880e-01 4.392000e-03 1.908200e-01
179 8.040200e-01 4.444000e-03 1.915360e-01
180 8.030960e-01 4.572000e-03 1.923320e-01
181 8.023520e-01 4.512000e-03 1.931360e-01
182 8.014440e-01 4.616000e-03 1.939400e-01
183 8.006360e-01 4.652000e-03 1.947120e-01
184 7.998160e-01 4.728000e-03 1.954560e-01
185 7.989520e-01 4.720000e-03 1.963280e-01
186 7.981880e-01 4.700000e-03 1.971120e-01
187 7.974400e-01 4.712000e-03 1.978480e-01
188 7.967360e-01 4.612000e-03 1.986520e-01
189 7.959440e-01 4.532000e-03 1.995240e-01
190 7.952720e-01 4.356000e-03 2.003720e-01
191 7.944960e-01 4.360000e-03 2.011440e-01
192 7.937600e-01 4.436000e-03 2.018040e-01
193 7.930160e-01 4.380000e-03 2.026040e-01
194 7.923040e-01 4.296000e-03 2.034000e-01
195 7.914720e-01 4.344000e-03 2.041840e-01
196 7.906600e-01 4.428000e-03 2.049120e-01
197 7.898320e-01 4.540000e-03 2.056280e-01
198 7.891160e-01 4.436000e-03 2.064480e-01
199 7.883320e-01 4.460000e-03 2.072080e-01
200 7.875480e-01 4.476000e-03 2.079760e-01
201 7.867400e-01 4.524000e-03 2.087360e-01
202 7.859840e-01 4.444000e-03 2.095720e-01
203 7.853320e-01 4.332000e-03 2.103360e-01
204 7.846400e-01 4.352000e-03 2.110080e-01
205 7.838080e-01 4.460000e-03 2.117320e-01
206 7.829880e-01 4.484000e-03 2.125280e-01
207 7.822440e-01 4.476000e-03 2.132800e-01
208 7.814840e-01 4.468000e-03 2.140480e-01
209 7.807680e-01 4.468000e-03 2.147640e-01
210 7.799520e-01 4.576000e-03 2.154720e-01
211 7.792360e-01 4.532000e-03 2.162320e-01
212 7.784560e-01 4.520000e-03 2.170240e-01
213 7.777720e-01 4.420000e-03 2.178080e-01
214 7.770000e-01 4.500000e-03 2.185000e-01
215 7.764400e-01 4.324000e-03 2.192360e-01
216 7.757240e-01 4.300000e-03 2.199760e-01
217 7.749440e-01 4.372000e-03 2.206840e-01
218 7.742120e-01 4.392000e-03 2.213960e-01
219 7.734920e-01 4.352000e-03 2.221560e-01
220 7.728480e-01 4.200000e-03 2.229520e-01
221 7.721720e-01 4.096000e-03 2.237320e-01
222 7.714880e-01 4.084000e-03 2.244280e-01
223 7.707240e-01 4.132000e-03 2.251440e-01
224 7.699400e-01 4.176000e-03 2.258840e-01
225 7.693000e-01 4.132000e-03 2.265680e-01
226 7.685400e-01 4.132000e-03 2.273280e-01
227 7.677080e-01 4.252000e-03 2.280400e-01
228 7.669560e-01 4.236000e-03 2.288080e-01
229 7.662600e-01 4.156000e-03 2.295840e-01
230 7.655160e-01 4.132000e-03 2.303520e-01
231 7.648200e-01 4.152000e-03 2.310280e-01
232 7.640960e-01 4.156000e-03 2.317480e-01
233 7.634120e-01 4.112000e-03 2.324760e-01
234 7.626520e-01 4.212000e-03 2.331360e-01
235 7.618200e-01 4.332000e-03 2.338480e-01
236 7.610800e-01 4.328000e-03 2.345920e-01
237 7.603240e-01 4.308000e-03 2.353680e-01
238 7.594480e-01 4.392000e-03 2.361600e-01
239 7.587280e-01 4.292000e-03 2.369800e-01
240 7.578520e-01 4.372000e-03 2.377760e-01
241 7.571160e-01 4.364000e-03 2.385200e-01
242 7.563720e-01 4.284000e-03 2.393440e-01
243 7.555240e-01 4.376000e-03 2.401000e-01
244 7.548120e-01 4.292000e-03 2.408960e-01
245 7.540600e-01 4.252000e-03 2.416880e-01
246 7.533280e-01 4.208000e-03 2.424640e-01
247 7.525880e-01 4.244000e-03 2.431680e-01
248 7.519360e-01 4.172000e-03 2.438920e-01
249 7.512280e-01 4.124000e-03 2.446480e-01
250 7.505720e-01 4.084000e-03 2.453440e-01
251 7.498320e-01 4.104000e-03 2.460640e-01
252 7.491200e-01 4.052000e-03 2.468280e-01
253 7.483920e-01 4.124000e-03 2.474840e-01
254 7.477720e-01 4.120000e-03 2.481080e-01
255 7.470400e-01 4.104000e-03 2.488560e-01
256 7.463080e-01 4.144000e-03 2.495480e-01
257 7.455800e-01 4.096000e-03 2.503240e-01
258 7.449360e-01 4.040000e-03 2.510240e-01
259 7.442640e-01 4.004000e-03 2.517320e-01
260 7.435840e-01 3.920000e-03 2.524960e-01
261 7.427880e-01 3.968000e-03 2.532440e-01
262 7.420360e-01 3.988000e-03 2.539760e-01
263 7.412200e-01 4.072000e-03 2.547080e-01
264 7.405640e-01 4.020000e-03 2.554160e-01
265 7.398080e-01 4.096000e-03 2.560960e-01
266 7.390760e-01 4.128000e-03 2.567960e-01
267 7.384080e-01 4.144000e-03 2.574480e-01
268 7.376480e-01 4.168000e-03 2.581840e-01
269 7.370000e-01 4.084000e-03 2.589160e-01
270 7.362960e-01 4.012000e-03 2.596920e-01
271 7.355680e-01 3.984000e-03 2.604480e-01
272 7.348880e-01 4.032000e-03 2.610800e-01
273 7.342000e-01 4.036000e-03 2.617640e-01
274 7.336200e-01 3.924000e-03 2.624560e-01
275 7.330600e-01 3.796000e-03 2.631440e-01
276 7.325360e-01 3.712000e-03 2.637520e-01
277 7.319680e-01 3.684000e-03 2.643480e-01
278 7.313360e-01 3.768000e-03 2.648960e-01
279 7.308240e-01 3.656000e-03 2.655200e-01
280 7.302160e-01 3.576000e-03 2.662080e-01
281 7.296800e-01 3.452000e-03 2.668680e-01
282 7.291520e-01 3.388000e-03 2.674600e-01
283 7.285440e-01 3.468000e-03 2.679880e-01
284 7.280120e-01 3.444000e-03 2.685440e-01
285 7.274440e-01 3.408000e-03 2.691480e-01
286 7.268400e-01 3.424000e-03 2.697360e-01
287 7.263480e-01 3.344000e-03 2.703080e-01
288 7.258600e-01 3.304000e-03 2.708360e-01
289 7.253440e-01 3.240000e-03 2.714160e-01
290 7.249080e-01 3.124000e-03 2.719680e-01
291 7.245800e-01 2.868000e-03 2.725520e-01
292 7.240760e-01 2.808000e-03 2.731160e-01
293 7.237160e-01 2.684000e-03 2.736000e-01
294 7.233240e-01 2.632000e-03 2.740440e-01
295 7.229040e-01 2.536000e-03 2.745600e-01
296 7.225240e-01 2.452000e-03 2.750240e-01
297 7.220680e-01 2.468000e-03 2.754640e-01
298 7.216040e-01 2.508000e-03 2.758880e-01
299 7.211480e-01 2.444000e-03 2.764080e-01
300 7.207320e-01 2.408000e-03 2.768600e-01
301 7.202320e-01 2.444000e-03 2.773240e-01
302 7.197360e-01 2.504000e-03 2.777600e-01
303 7.192640e-01 2.544000e-03 2.781920e-01
304 7.187880e-01 2.628000e-03 2.785840e-01
305 7.182840e-01 2.696000e-03 2.790200e-01
306 7.178480e-01 2.652000e-03 2.795000e-01
307 7.173440e-01 2.716000e-03 2.799400e-01
308 7.168760e-01 2.772000e-03 2.803520e-01
309 7.164040e-01 2.784000e-03 2.808120e-01
310 7.159720e-01 2.708000e-03 2.813200e-01
311 7.155400e-01 2.612000e-03 2.818480e-01
312 7.151480e-01 2.532000e-03 2.823200e-01
313 7.147280e-01 2.492000e-03 2.827800e-01
314 7.143000e-01 2.496000e-03 2.832040e-01
315 7.138680e-01 2.564000e-03 2.835680e-01
316 7.134360e-01 2.552000e-03 2.840120e-01
317 7.129800e-01 2.560000e-03 2.844600e-01
318 7.124720e-01 2.608000e-03 2.849200e-01
319 7.121080e-01 2.572000e-03 2.853200e-01
320 7.116520e-01 2.592000e-03 2.857560e-01
321 7.113000e-01 2.500000e-03 2.862000e-01
322 7.108520e-01 2.512000e-03 2.866360e-01
323 7.104840e-01 2.344000e-03 2.871720e-01
324 7.100440e-01 2.364000e-03 2.875920e-01
325 7.097280e-01 2.268000e-03 2.880040e-01
326 7.093240e-01 2.248000e-03 2.884280e-01
327 7.088880e-01 2.260000e-03 2.888520e-01
328 7.084600e-01 2.360000e-03 2.891800e-01
329 7.080360e-01 2.364000e-03 2.896000e-01
330 7.076760e-01 2.340000e-03 2.899840e-01
331 7.073000e-01 2.316000e-03 2.903840e-01
332 7.068680e-01 2.328000e-03 2.908040e-01
333 7.064640e-01 2.340000e-03 2.911960e-01
334 7.061520e-01 2.196000e-03 2.916520e-01
335 7.057800e-01 2.184000e-03 2.920360e-01
336 7.054280e-01 2.128000e-03 2.924440e-01
337 7.049800e-01 2.164000e-03 2.928560e-01
338 7.045600e-01 2.236000e-03 2.932040e-01
339 7.040640e-01 2.376000e-03 2.935600e-01
340 7.035680e-01 2.460000e-03 2.939720e-01
341 7.031000e-01 2.500000e-03 2.944000e-01
342 7.026040e-01 2.572000e-03 2.948240e-01
343 7.021880e-01 2.560000e-03 2.952520e-01
344 7.017560e-01 2.520000e-03 2.957240e-01
345 7.013240e-01 2.524000e-03 2.961520e-01
346 7.008240e-01 2.584000e-03 2.965920e-01
347 7.003640e-01 2.612000e-03 2.970240e-01
348 6.999200e-01 2.608000e-03 2.974720e-01
349 6.994760e-01 2.684000e-03 2.978400e-01
350 6.990200e-01 2.632000e-03 2.983480e-01
351 6.985640e-01 2.612000e-03 2.988240e-01
352 6.980440e-01 2.648000e-03 2.993080e-01
353 6.975880e-01 2.644000e-03 2.997680e-01
354 6.972280e-01 2.516000e-03 3.002560e-01
355 6.968200e-01 2.488000e-03 3.006920e-01
356 6.963440e-01 2.480000e-03 3.011760e-01
357 6.959160e-01 2.456000e-03 3.016280e-01
358 6.955440e-01 2.472000e-03 3.019840e-01
359 6.951800e-01 2.344000e-03 3.024760e-01
360 6.948240e-01 2.340000e-03 3.028360e-01
361 6.944000e-01 2.404000e-03 3.031960e-01
362 6.938960e-01 2.504000e-03 3.036000e-01
363 6.934360e-01 2.492000e-03 3.040720e-01
364 6.929720e-01 2.520000e-03 3.045080e-01
365 6.925000e-01 2.568000e-03 3.049320e-01
366 6.919960e-01 2.620000e-03 3.053840e-01
367 6.915040e-01 2.672000e-03 3.058240e-01
368 6.909760e-01 2.752000e-03 3.062720e-01
369 6.905520e-01 2.692000e-03 3.067560e-01
370 6.900440e-01 2.740000e-03 3.072160e-01
371 6.895920e-01 2.756000e-03 3.076520e-01
372 6.892120e-01 2.716000e-03 3.080720e-01
373 6.888120e-01 2.576000e-03 3.086120e-01
374 6.885000e-01 2.420000e-03 3.090800e-01
375 6.881160e-01 2.380000e-03 3.095040e-01
376 6.878080e-01 2.276000e-03 3.099160e-01
377 6.875240e-01 2.140000e-03 3.103360e-01
378 6.871360e-01 2.112000e-03 3.107520e-01
379 6.868120e-01 2.076000e-03 3.111120e-01
380 6.865200e-01 1.988000e-03 3.114920e-01
381 6.862480e-01 1.892000e-03 3.118600e-01
382 6.859120e-01 1.912000e-03 3.121760e-01
383 6.856240e-01 1.928000e-03 3.124480e-01
384 6.852640e-01 1.964000e-03 3.127720e-01
385 6.849280e-01 1.984000e-03 3.130880e-01
386 6.845960e-01 1.988000e-03 3.134160e-01
387 6.844080e-01 1.776000e-03 3.138160e-01
388 6.841840e-01 1.768000e-03 3.140480e-01
389 6.838320e-01 1.836000e-03 3.143320e-01
390 6.834400e-01 1.928000e-03 3.146320e-01
391 6.830920e-01 1.932000e-03 3.149760e-01
392 6.827280e-01 1.940000e-03 3.153320e-01
393 6.823120e-01 2.060000e-03 3.156280e-01
394 6.818800e-01 2.132000e-03 3.159880e-01
395 6.814840e-01 2.164000e-03 3.163520e-01
396 6.810880e-01 2.140000e-03 3.167720e-01
397 6.806760e-01 2.164000e-03 3.171600e-01
398 6.802600e-01 2.148000e-03 3.175920e-01
399 6.799040e-01 2.060000e-03 3.180360e-01
400 6.795240e-01 2.124000e-03 3.183520e-01
401 6.791640e-01 2.092000e-03 3.187440e-01
402 6.788720e-01 2.000000e-03 3.191280e-01
403 6.784880e-01 2.064000e-03 3.194480e-01
404 6.781560e-01 1.972000e-03 3.198720e-01
405 6.778440e-01 1.980000e-03 3.201760e-01
406 6.775200e-01 1.940000e-03 3.205400e-01
407 6.772600e-01 1.820000e-03 3.209200e-01
408 6.769400e-01 1.812000e-03 3.212480e-01
409 6.765720e-01 1.904000e-03 3.215240e-01
410 6.761920e-01 1.956000e-03 3.218520e-01
411 6.757880e-01 2.012000e-03 3.222000e-01
412 6.753840e-01 2.008000e-03 3.226080e-01
413 6.750320e-01 2.040000e-03 3.229280e-01
414 6.747000e-01 2.040000e-03 3.232600e-01
415 6.743800e-01 2.000000e-03 3.236200e-01
416 6.740440e-01 1.992000e-03 3.239640e-01
417 6.736680e-01 2.036000e-03 3.242960e-01
418 6.732960e-01 2.036000e-03 3.246680e-01
419 6.729280e-01 2.056000e-03 3.250160e-01
420 6.725280e-01 2.136000e-03 3.253360e-01
421 6.722000e-01 2.128000e-03 3.256720e-01
422 6.718440e-01 2.084000e-03 3.260720e-01
423 6.715840e-01 1.964000e-03 3.264520e-01
424 6.713360e-01 1.904000e-03 3.267600e-01
425 6.710880e-01 1.836000e-03 3.270760e-01
426 6.708280e-01 1.740000e-03 3.274320e-01
427 6.705800e-01 1.712000e-03 3.277080e-01
428 6.702920e-01 1.704000e-03 3.280040e-01
429 6.700120e-01 1.644000e-03 3.283440e-01
430 6.696160e-01 1.732000e-03 3.286520e-01
431 6.693080e-01 1.704000e-03 3.289880e-01
432 6.690520e-01 1.680000e-03 3.292680e-01
433 6.688160e-01 1.600000e-03 3.295840e-01
434 6.685560e-01 1.568000e-03 3.298760e-01
435 6.682760e-01 1.568000e-03 3.301560e-01
436 6.679480e-01 1.628000e-03 3.304240e-01
437 6.676280e-01 1.624000e-03 3.307480e-01
438 6.672880e-01 1.704000e-03 3.310080e-01
439 6.669760e-01 1.688000e-03 3.313360e-01
440 6.667160e-01 1.632000e-03 3.316520e-01
441 6.664120e-01 1.704000e-03 3.318840e-01
442 6.661280e-01 1.656000e-03 3.322160e-01
443 6.657720e-01 1.696000e-03 3.325320e-01
444 6.654000e-01 1.828000e-03 3.327720e-01
445 6.650760e-01 1.880000e-03 3.330440e-01
446 6.646920e-01 1.960000e-03 3.333480e-01
447 6.641640e-01 2.116000e-03 3.337200e-01
448 6.636880e-01 2.264000e-03 3.340480e-01
449 6.632040e-01 2.316000e-03 3.344800e-01
450 6.628120e-01 2.296000e-03 3.348920e-01
451 6.625080e-01 2.220000e-03 3.352720e-01
452 6.621720e-01 2.160000e-03 3.356680e-01
453 6.619360e-01 2.032000e-03 3.360320e-01
454 6.616600e-01 1.968000e-03 3.363720e-01
455 6.613920e-01 1.904000e-03 3.367040e-01
456 6.611040e-01 1.824000e-03 3.370720e-01
457 6.608760e-01 1.752000e-03 3.373720e-01
458 6.607200e-01 1.632000e-03 3.376480e-01
459 6.604920e-01 1.556000e-03 3.379520e-01
460 6.602520e-01 1.536000e-03 3.382120e-01
461 6.600160e-01 1.524000e-03 3.384600e-01
462 6.597840e-01 1.492000e-03 3.387240e-01
463 6.595800e-01 1.448000e-03 3.389720e-01
464 6.593920e-01 1.432000e-03 3.391760e-01
465 6.592040e-01 1.380000e-03 3.394160e-01
466 6.590560e-01 1.312000e-03 3.396320e-01
467 6.588600e-01 1.240000e-03 3.399000e-01
468 6.586520e-01 1.248000e-03 3.401000e-01
469 6.584840e-01 1.204000e-03 3.403120e-01
470 6.582840e-01 1.188000e-03 3.405280e-01
471 6.581080e-01 1.120000e-03 3.407720e-01
472 6.578480e-01 1.184000e-03 3.409680e-01
473 6.576400e-01 1.192000e-03 3.411680e-01
474 6.574640e-01 1.164000e-03 3.413720e-01
475 6.572840e-01 1.128000e-03 3.415880e-01
476 6.571160e-01 1.080000e-03 3.418040e-01
477 6.569640e-01 1.028000e-03 3.420080e-01
478 6.567920e-01 9.960000e-04 3.422120e-01
479 6.566120e-01 1.012000e-03 3.423760e-01
480 6.564840e-01 9.680000e-04 3.425480e-01
481 6.563560e-01 9.560000e-04 3.426880e-01
482 6.562480e-01 8.920000e-04 3.428600e-01
483 6.561040e-01 8.960000e-04 3.430000e-01
484 6.559240e-01 9.360000e-04 3.431400e-01
485 6.557800e-01 8.880000e-04 3.433320e-01
486 6.556080e-01 8.920000e-04 3.435000e-01
487 6.554200e-01 9.120000e-04 3.436680e-01
488 6.553000e-01 8.680000e-04 3.438320e-01
489 6.551800e-01 8.600000e-04 3.439600e-01
490 6.550040e-01 8.640000e-04 3.441320e-01
491 6.548560e-01 9.000000e-04 3.442440e-01
492 6.547120e-01 8.520000e-04 3.444360e-01
493 6.545880e-01 8.280000e-04 3.445840e-01
494 6.544920e-01 7.600000e-04 3.447480e-01
495 6.544000e-01 7.240000e-04 3.448760e-01
496 6.542480e-01 7.480000e-04 3.450040e-01
497 6.541160e-01 7.360000e-04 3.451480e-01
498 6.539640e-01 7.440000e-04 3.452920e-01
499 6.538640e-01 7.240000e-04 3.454120e-01
500 6.538240e-01 6.240000e-04 3.455520e-01
