1 9.992400e-01 6.680000e-04 9.200000e-05
2 9.987720e-01 9.920000e-04 2.360000e-04
3 9.981720e-01 1.376000e-03 4.520000e-04
4 9.974600e-01 1.828000e-03 7.120000e-04
5 9.967520e-01 2.168000e-03 1.080000e-03
6 9.959520e-01 2.536000e-03 1.512000e-03
7 9.949720e-01 3.060000e-03 1.968000e-03
8 9.940800e-01 3.428000e-03 2.492000e-03
9 9.930560e-01 3.800000e-03 3.144000e-03
10 9.917680e-01 4.456000e-03 3.776000e-03
11 9.904200e-01 5.032000e-03 4.548000e-03
12 9.892160e-01 5.328000e-03 5.456000e-03
13 9.877960e-01 5.932000e-03 6.272000e-03
14 9.864480e-01 6.304000e-03 7.248000e-03
15 9.851000e-01 6.512000e-03 8.388000e-03
16 9.838800e-01 6.496000e-03 9.624000e-03
17 9.826320e-01 6.636000e-03 1.073200e-02
18 9.813640e-01 6.780000e-03 1.185600e-02
19 9.798760e-01 7.048000e-03 1.307600e-02
20 9.785280e-01 7.160000e-03 1.431200e-02
21 9.771120e-01 7.264000e-03 1.562400e-02
22 9.756560e-01 7.472000e-03 1.687200e-02
23 9.742160e-01 7.612000e-03 1.817200e-02
24 9.727480e-01 7.676000e-03 1.957600e-02
25 9.711440e-01 7.876000e-03 2.098000e-02
26 9.696440e-01 7.864000e-03 2.249200e-02
27 9.680840e-01 7.960000e-03 2.395600e-02
28 9.664880e-01 8.164000e-03 2.534800e-02
29 9.647880e-01 8.484000e-03 2.672800e-02
30 9.631240e-01 8.496000e-03 2.838000e-02
31 9.614480e-01 8.688000e-03 2.986400e-02
32 9.598160e-01 8.680000e-03 3.150400e-02
33 9.581600e-01 8.820000e-03 3.302000e-02
34 9.566080e-01 8.904000e-03 3.448800e-02
35 9.548840e-01 9.112000e-03 3.600400e-02
36 9.531920e-01 9.156000e-03 3.765200e-02
37 9.515480e-01 9.296000e-03 3.915600e-02
38 9.499000e-01 9.372000e-03 4.072800e-02
39 9.482320e-01 9.352000e-03 4.241600e-02
40 9.465040e-01 9.500000e-03 4.399600e-02
41 9.447600e-01 9.456000e-03 4.578400e-02
42 9.430040e-01 9.620000e-03 4.737600e-02
43 9.414040e-01 9.564000e-03 4.903200e-02
44 9.399160e-01 9.532000e-03 5.055200e-02
45 9.382240e-01 9.660000e-03 5.211600e-02
46 9.364760e-01 9.712000e-03 5.381200e-02
47 9.346720e-01 9.684000e-03 5.564400e-02
48 9.329200e-01 9.800000e-03 5.728000e-02
49 9.312640e-01 9.736000e-03 5.900000e-02
50 9.295760e-01 9.568000e-03 6.085600e-02
51 9.278600e-01 9.560000e-03 6.258000e-02
52 9.262280e-01 9.704000e-03 6.406800e-02
53 9.246640e-01 9.696000e-03 6.564000e-02
54 9.230080e-01 9.736000e-03 6.725600e-02
55 9.214520e-01 9.508000e-03 6.904000e-02
56 9.198600e-01 9.440000e-03 7.070000e-02
57 9.183640e-01 9.176000e-03 7.246000e-02
58 9.169440e-01 9.092000e-03 7.396400e-02
59 9.154200e-01 8.984000e-03 7.559600e-02
60 9.138200e-01 9.092000e-03 7.708800e-02
61 9.121040e-01 9.164000e-03 7.873200e-02
62 9.103560e-01 9.328000e-03 8.031600e-02
63 9.086320e-01 9.528000e-03 8.184000e-02
64 9.069240e-01 9.672000e-03 8.340400e-02
65 9.050160e-01 9.840000e-03 8.514400e-02
66 9.035040e-01 9.588000e-03 8.690800e-02
67 9.018000e-01 9.556000e-03 8.864400e-02
68 9.002880e-01 9.268000e-03 9.044400e-02
69 8.985600e-01 9.440000e-03 9.200000e-02
70 8.969040e-01 9.476000e-03 9.362000e-02
71 8.952240e-01 9.592000e-03 9.518400e-02
72 8.935720e-01 9.552000e-03 9.687600e-02
73 8.918760e-01 9.584000e-03 9.854000e-02
74 8.901760e-01 9.480000e-03 1.003440e-01
75 8.885320e-01 9.396000e-03 1.020720e-01
76 8.867120e-01 9.544000e-03 1.037440e-01
77 8.847760e-01 9.808000e-03 1.054160e-01
78 8.829400e-01 9.924000e-03 1.071360e-01
79 8.812360e-01 9.752000e-03 1.090120e-01
80 8.796080e-01 9.636000e-03 1.107560e-01
81 8.778240e-01 9.824000e-03 1.123520e-01
82 8.762160e-01 9.940000e-03 1.138440e-01
83 8.745240e-01 9.984000e-03 1.154920e-01
84 8.728080e-01 9.896000e-03 1.172960e-01
85 8.711720e-01 9.912000e-03 1.189160e-01
86 8.695520e-01 9.752000e-03 1.206960e-01
87 8.679880e-01 9.372000e-03 1.226400e-01
88 8.665120e-01 9.224000e-03 1.242640e-01
89 8.650640e-01 9.044000e-03 1.258920e-01
90 8.636000e-01 8.884000e-03 1.275160e-01
91 8.622280e-01 8.600000e-03 1.291720e-01
92 8.606800e-01 8.672000e-03 1.306480e-01
93 8.591280e-01 8.640000e-03 1.322320e-01
94 8.576880e-01 8.512000e-03 1.338000e-01
95 8.562160e-01 8.352000e-03 1.354320e-01
96 8.548240e-01 8.328000e-03 1.368480e-01
97 8.535720e-01 8.116000e-03 1.383120e-01
98 8.521640e-01 8.184000e-03 1.396520e-01
99 8.507520e-01 8.220000e-03 1.410280e-01
100 8.494600e-01 8.044000e-03 1.424960e-01
101 8.480040e-01 8.132000e-03 1.438640e-01
102 8.465640e-01 8.136000e-03 1.453000e-01
103 8.452560e-01 7.952000e-03 1.467920e-01
104 8.440040e-01 7.832000e-03 1.481640e-01
105 8.426440e-01 7.756000e-03 1.496000e-01
106 8.412560e-01 7.788000e-03 1.509560e-01
107 8.400480e-01 7.636000e-03 1.523160e-01
108 8.388920e-01 7.484000e-03 1.536240e-01
109 8.375880e-01 7.456000e-03 1.549560e-01
110 8.361600e-01 7.624000e-03 1.562160e-01
111 8.346400e-01 7.740000e-03 1.576200e-01
112 8.330960e-01 7.864000e-03 1.590400e-01
113 8.317040e-01 7.956000e-03 1.603400e-01
114 8.302400e-01 7.968000e-03 1.617920e-01
115 8.288000e-01 8.036000e-03 1.631640e-01
116 8.272600e-01 8.208000e-03 1.645320e-01
117 8.258400e-01 8.260000e-03 1.659000e-01
118 8.243160e-01 8.364000e-03 1.673200e-01
119 8.228120e-01 8.420000e-03 1.687680e-01
120 8.212600e-01 8.616000e-03 1.701240e-01
121 8.198520e-01 8.632000e-03 1.715160e-01
122 8.183080e-01 8.628000e-03 1.730640e-01
123 8.169160e-01 8.444000e-03 1.746400e-01
124 8.154120e-01 8.576000e-03 1.760120e-01
125 8.139920e-01 8.448000e-03 1.775600e-01
126 8.126320e-01 8.392000e-03 1.789760e-01
127 8.111920e-01 8.328000e-03 1.804800e-01
128 8.099360e-01 8.140000e-03 1.819240e-01
129 8.085640e-01 8.076000e-03 1.833600e-01
130 8.070600e-01 8.236000e-03 1.847040e-01
131 8.055880e-01 8.168000e-03 1.862440e-01
132 8.041040e-01 8.272000e-03 1.876240e-01
133 8.028080e-01 8.060000e-03 1.891320e-01
134 8.013960e-01 8.008000e-03 1.905960e-01
135 7.999680e-01 8.056000e-03 1.919760e-01
136 7.984920e-01 8.140000e-03 1.933680e-01
137 7.971840e-01 7.964000e-03 1.948520e-01
138 7.959840e-01 7.648000e-03 1.963680e-01
139 7.947400e-01 7.540000e-03 1.977200e-01
140 7.935800e-01 7.360000e-03 1.990600e-01
141 7.924600e-01 7.236000e-03 2.003040e-01
142 7.912040e-01 7.188000e-03 2.016080e-01
143 7.899360e-01 7.228000e-03 2.028360e-01
144 7.886320e-01 7.220000e-03 2.041480e-01
145 7.874560e-01 7.168000e-03 2.053760e-01
146 7.862400e-01 7.104000e-03 2.066560e-01
147 7.849880e-01 7.104000e-03 2.079080e-01
148 7.838160e-01 7.020000e-03 2.091640e-01
149 7.826680e-01 6.940000e-03 2.103920e-01
150 7.814680e-01 6.988000e-03 2.115440e-01
151 7.802400e-01 7.116000e-03 2.126440e-01
152 7.791440e-01 6.836000e-03 2.140200e-01
153 7.780600e-01 6.728000e-03 2.152120e-01
154 7.768280e-01 6.820000e-03 2.163520e-01
155 7.756600e-01 6.760000e-03 2.175800e-01
156 7.745040e-01 6.628000e-03 2.188680e-01
157 7.733040e-01 6.660000e-03 2.200360e-01
158 7.718640e-01 6.848000e-03 2.212880e-01
159 7.705840e-01 6.824000e-03 2.225920e-01
160 7.695480e-01 6.664000e-03 2.237880e-01
161 7.682760e-01 6.728000e-03 2.249960e-01
162 7.670480e-01 6.820000e-03 2.261320e-01
163 7.659880e-01 6.744000e-03 2.272680e-01
164 7.648760e-01 6.624000e-03 2.285000e-01
165 7.638160e-01 6.612000e-03 2.295720e-01
166 7.627000e-01 6.652000e-03 2.306480e-01
167 7.615680e-01 6.620000e-03 2.318120e-01
168 7.604000e-01 6.752000e-03 2.328480e-01
169 7.593120e-01 6.636000e-03 2.340520e-01
170 7.580840e-01 6.668000e-03 2.352480e-01
171 7.568240e-01 6.704000e-03 2.364720e-01
172 7.556360e-01 6.852000e-03 2.375120e-01
173 7.545080e-01 6.816000e-03 2.386760e-01
174 7.531840e-01 6.976000e-03 2.398400e-01
175 7.519240e-01 7.000000e-03 2.410760e-01
176 7.505560e-01 7.076000e-03 2.423680e-01
177 7.494200e-01 7.048000e-03 2.435320e-01
178 7.482640e-01 6.976000e-03 2.447600e-01
179 7.470400e-01 7.028000e-03 2.459320e-01
180 7.459080e-01 6.980000e-03 2.471120e-01
181 7.448760e-01 6.884000e-03 2.482400e-01
182 7.439000e-01 6.672000e-03 2.494280e-01
183 7.428480e-01 6.540000e-03 2.506120e-01
184 7.418320e-01 6.472000e-03 2.516960e-01
185 7.406680e-01 6.520000e-03 2.528120e-01
186 7.395760e-01 6.392000e-03 2.540320e-01
187 7.383880e-01 6.468000e-03 2.551440e-01
188 7.372840e-01 6.464000e-03 2.562520e-01
189 7.362400e-01 6.276000e-03 2.574840e-01
190 7.352720e-01 6.000000e-03 2.587280e-01
191 7.342200e-01 6.004000e-03 2.597760e-01
192 7.330480e-01 6.084000e-03 2.608680e-01
193 7.321560e-01 5.992000e-03 2.618520e-01
194 7.311640e-01 5.980000e-03 2.628560e-01
195 7.301080e-01 6.052000e-03 2.638400e-01
196 7.290160e-01 6.068000e-03 2.649160e-01
197 7.280240e-01 6.060000e-03 2.659160e-01
198 7.268960e-01 6.192000e-03 2.669120e-01
199 7.259080e-01 6.212000e-03 2.678800e-01
200 7.249360e-01 5.988000e-03 2.690760e-01
201 7.239800e-01 5.976000e-03 2.700440e-01
202 7.229240e-01 6.012000e-03 2.710640e-01
203 7.218640e-01 6.024000e-03 2.721120e-01
204 7.208920e-01 5.976000e-03 2.731320e-01
205 7.199440e-01 5.940000e-03 2.741160e-01
206 7.189400e-01 5.912000e-03 2.751480e-01
207 7.178920e-01 5.896000e-03 2.762120e-01
208 7.167840e-01 6.028000e-03 2.771880e-01
209 7.156760e-01 6.140000e-03 2.781840e-01
210 7.146280e-01 6.180000e-03 2.791920e-01
211 7.136920e-01 5.980000e-03 2.803280e-01
212 7.125960e-01 6.064000e-03 2.813400e-01
213 7.116960e-01 5.828000e-03 2.824760e-01
214 7.107600e-01 5.736000e-03 2.835040e-01
215 7.099280e-01 5.616000e-03 2.844560e-01
216 7.090800e-01 5.552000e-03 2.853680e-01
217 7.081840e-01 5.484000e-03 2.863320e-01
218 7.072280e-01 5.384000e-03 2.873880e-01
219 7.064200e-01 5.312000e-03 2.882680e-01
220 7.055480e-01 5.280000e-03 2.891720e-01
221 7.046360e-01 5.160000e-03 2.902040e-01
222 7.037720e-01 5.308000e-03 2.909200e-01
223 7.029520e-01 5.176000e-03 2.918720e-01
224 7.019640e-01 5.264000e-03 2.927720e-01
225 7.010080e-01 5.276000e-03 2.937160e-01
226 7.000520e-01 5.292000e-03 2.946560e-01
227 6.992040e-01 5.232000e-03 2.955640e-01
228 6.982760e-01 5.220000e-03 2.965040e-01
229 6.974800e-01 5.052000e-03 2.974680e-01
230 6.967120e-01 4.960000e-03 2.983280e-01
231 6.958160e-01 5.000000e-03 2.991840e-01
232 6.949920e-01 4.964000e-03 3.000440e-01
233 6.941120e-01 5.000000e-03 3.008880e-01
234 6.932880e-01 4.976000e-03 3.017360e-01
235 6.922240e-01 5.204000e-03 3.025720e-01
236 6.914760e-01 5.164000e-03 3.033600e-01
237 6.906240e-01 5.144000e-03 3.042320e-01
238 6.899080e-01 5.036000e-03 3.050560e-01
239 6.891080e-01 4.972000e-03 3.059200e-01
240 6.883800e-01 4.832000e-03 3.067880e-01
241 6.876400e-01 4.660000e-03 3.077000e-01
242 6.870280e-01 4.468000e-03 3.085040e-01
243 6.863000e-01 4.404000e-03 3.092960e-01
244 6.856040e-01 4.272000e-03 3.101240e-01
245 6.849640e-01 4.140000e-03 3.108960e-01
246 6.842040e-01 4.216000e-03 3.115800e-01
247 6.835160e-01 4.144000e-03 3.123400e-01
248 6.828840e-01 4.072000e-03 3.130440e-01
249 6.822280e-01 4.064000e-03 3.137080e-01
250 6.816680e-01 3.940000e-03 3.143920e-01
251 6.811000e-01 3.852000e-03 3.150480e-01
252 6.803720e-01 3.884000e-03 3.157440e-01
253 6.796480e-01 3.924000e-03 3.164280e-01
254 6.789800e-01 3.952000e-03 3.170680e-01
255 6.782800e-01 4.004000e-03 3.177160e-01
256 6.777240e-01 3.832000e-03 3.184440e-01
257 6.770960e-01 3.812000e-03 3.190920e-01
258 6.763880e-01 3.892000e-03 3.197200e-01
259 6.758440e-01 3.620000e-03 3.205360e-01
260 6.752040e-01 3.524000e-03 3.212720e-01
261 6.745800e-01 3.532000e-03 3.218880e-01
262 6.738720e-01 3.652000e-03 3.224760e-01
263 6.732760e-01 3.608000e-03 3.231160e-01
264 6.726920e-01 3.504000e-03 3.238040e-01
265 6.721400e-01 3.448000e-03 3.244120e-01
266 6.715640e-01 3.396000e-03 3.250400e-01
267 6.709360e-01 3.468000e-03 3.255960e-01
268 6.703440e-01 3.412000e-03 3.262440e-01
269 6.698120e-01 3.352000e-03 3.268360e-01
270 6.692560e-01 3.300000e-03 3.274440e-01
271 6.687000e-01 3.308000e-03 3.279920e-01
272 6.682280e-01 3.180000e-03 3.285920e-01
273 6.677240e-01 3.128000e-03 3.291480e-01
274 6.672160e-01 3.108000e-03 3.296760e-01
275 6.667040e-01 3.020000e-03 3.302760e-01
276 6.661080e-01 3.096000e-03 3.307960e-01
277 6.655640e-01 3.072000e-03 3.313640e-01
278 6.649760e-01 3.200000e-03 3.318240e-01
279 6.645680e-01 3.064000e-03 3.323680e-01
280 6.639840e-01 3.144000e-03 3.328720e-01
281 6.634480e-01 3.152000e-03 3.334000e-01
282 6.630080e-01 3.084000e-03 3.339080e-01
283 6.625280e-01 3.092000e-03 3.343800e-01
284 6.619040e-01 3.164000e-03 3.349320e-01
285 6.613840e-01 3.212000e-03 3.354040e-01
286 6.608400e-01 3.264000e-03 3.358960e-01
287 6.603760e-01 3.212000e-03 3.364120e-01
288 6.597120e-01 3.240000e-03 3.370480e-01
289 6.591280e-01 3.272000e-03 3.376000e-01
290 6.586520e-01 3.168000e-03 3.381800e-01
291 6.580920e-01 3.132000e-03 3.387760e-01
292 6.576120e-01 3.084000e-03 3.393040e-01
293 6.570680e-01 3.148000e-03 3.397840e-01
294 6.565880e-01 3.144000e-03 3.402680e-01
295 6.560400e-01 3.224000e-03 3.407360e-01
296 6.555560e-01 3.168000e-03 3.412760e-01
297 6.550760e-01 3.088000e-03 3.418360e-01
298 6.545680e-01 3.052000e-03 3.423800e-01
299 6.541280e-01 2.956000e-03 3.429160e-01
300 6.536440e-01 2.968000e-03 3.433880e-01
301 6.531720e-01 2.896000e-03 3.439320e-01
302 6.526560e-01 2.864000e-03 3.444800e-01
303 6.522080e-01 2.860000e-03 3.449320e-01
304 6.517720e-01 2.856000e-03 3.453720e-01
305 6.512560e-01 2.896000e-03 3.458480e-01
306 6.507640e-01 2.904000e-03 3.463320e-01
307 6.502560e-01 2.872000e-03 3.468720e-01
308 6.497760e-01 2.896000e-03 3.473280e-01
309 6.492920e-01 2.760000e-03 3.479480e-01
310 6.488880e-01 2.668000e-03 3.484440e-01
311 6.484080e-01 2.644000e-03 3.489480e-01
312 6.479560e-01 2.644000e-03 3.494000e-01
313 6.475720e-01 2.528000e-03 3.499000e-01
314 6.471720e-01 2.476000e-03 3.503520e-01
315 6.467440e-01 2.444000e-03 3.508120e-01
316 6.463680e-01 2.396000e-03 3.512360e-01
317 6.459560e-01 2.460000e-03 3.515840e-01
318 6.454840e-01 2.532000e-03 3.519840e-01
319 6.449120e-01 2.624000e-03 3.524640e-01
320 6.444120e-01 2.640000e-03 3.529480e-01
321 6.438800e-01 2.704000e-03 3.534160e-01
322 6.434960e-01 2.584000e-03 3.539200e-01
323 6.430880e-01 2.600000e-03 3.543120e-01
324 6.425800e-01 2.704000e-03 3.547160e-01
325 6.421280e-01 2.656000e-03 3.552160e-01
326 6.417160e-01 2.588000e-03 3.556960e-01
327 6.413000e-01 2.536000e-03 3.561640e-01
328 6.408840e-01 2.552000e-03 3.565640e-01
329 6.403720e-01 2.576000e-03 3.570520e-01
330 6.399320e-01 2.520000e-03 3.575480e-01
331 6.394920e-01 2.584000e-03 3.579240e-01
332 6.391160e-01 2.536000e-03 3.583480e-01
333 6.386880e-01 2.536000e-03 3.587760e-01
334 6.383080e-01 2.476000e-03 3.592160e-01
335 6.378920e-01 2.516000e-03 3.595920e-01
336 6.375400e-01 2.444000e-03 3.600160e-01
337 6.371240e-01 2.456000e-03 3.604200e-01
338 6.367320e-01 2.424000e-03 3.608440e-01
339 6.363280e-01 2.416000e-03 3.612560e-01
340 6.359480e-01 2.396000e-03 3.616560e-01
341 6.355680e-01 2.336000e-03 3.620960e-01
342 6.351960e-01 2.364000e-03 3.624400e-01
343 6.348080e-01 2.316000e-03 3.628760e-01
344 6.343800e-01 2.320000e-03 3.633000e-01
345 6.339600e-01 2.332000e-03 3.637080e-01
346 6.335920e-01 2.240000e-03 3.641680e-01
347 6.332000e-01 2.204000e-03 3.645960e-01
348 6.328440e-01 2.192000e-03 3.649640e-01
349 6.325320e-01 2.204000e-03 3.652640e-01
350 6.320760e-01 2.300000e-03 3.656240e-01
351 6.316560e-01 2.276000e-03 3.660680e-01
352 6.312200e-01 2.348000e-03 3.664320e-01
353 6.307960e-01 2.392000e-03 3.668120e-01
354 6.304000e-01 2.380000e-03 3.672200e-01
355 6.299640e-01 2.372000e-03 3.676640e-01
356 6.295400e-01 2.388000e-03 3.680720e-01
357 6.291640e-01 2.392000e-03 3.684440e-01
358 6.286800e-01 2.504000e-03 3.688160e-01
359 6.282600e-01 2.520000e-03 3.692200e-01
360 6.277840e-01 2.556000e-03 3.696600e-01
361 6.273120e-01 2.568000e-03 3.701200e-01
362 6.269120e-01 2.552000e-03 3.705360e-01
363 6.264640e-01 2.552000e-03 3.709840e-01
364 6.259640e-01 2.608000e-03 3.714280e-01
365 6.255720e-01 2.448000e-03 3.719800e-01
366 6.251560e-01 2.412000e-03 3.724320e-01
367 6.247560e-01 2.360000e-03 3.728840e-01
368 6.244120e-01 2.336000e-03 3.732520e-01
369 6.240960e-01 2.244000e-03 3.736600e-01
370 6.237760e-01 2.108000e-03 3.741160e-01
371 6.234520e-01 2.036000e-03 3.745120e-01
372 6.231520e-01 2.036000e-03 3.748120e-01
373 6.228400e-01 2.032000e-03 3.751280e-01
374 6.224800e-01 2.072000e-03 3.754480e-01
375 6.222000e-01 2.016000e-03 3.757840e-01
376 6.218320e-01 2.060000e-03 3.761080e-01
377 6.214920e-01 2.080000e-03 3.764280e-01
378 6.211760e-01 2.024000e-03 3.768000e-01
379 6.208280e-01 1.984000e-03 3.771880e-01
380 6.206040e-01 1.824000e-03 3.775720e-01
381 6.202800e-01 1.832000e-03 3.778880e-01
382 6.199960e-01 1.848000e-03 3.781560e-01
383 6.197080e-01 1.816000e-03 3.784760e-01
384 6.193720e-01 1.808000e-03 3.788200e-01
385 6.190720e-01 1.836000e-03 3.790920e-01
386 6.188440e-01 1.736000e-03 3.794200e-01
387 6.185880e-01 1.692000e-03 3.797200e-01
388 6.184320e-01 1.516000e-03 3.800520e-01
389 6.181640e-01 1.444000e-03 3.803920e-01
390 6.178520e-01 1.532000e-03 3.806160e-01
391 6.176720e-01 1.432000e-03 3.808960e-01
392 6.174120e-01 1.432000e-03 3.811560e-01
393 6.172360e-01 1.320000e-03 3.814440e-01
394 6.170440e-01 1.288000e-03 3.816680e-01
395 6.167840e-01 1.316000e-03 3.819000e-01
396 6.165160e-01 1.316000e-03 3.821680e-01
397 6.163080e-01 1.308000e-03 3.823840e-01
398 6.160600e-01 1.324000e-03 3.826160e-01
399 6.157720e-01 1.324000e-03 3.829040e-01
400 6.155400e-01 1.308000e-03 3.831520e-01
401 6.153520e-01 1.248000e-03 3.834000e-01
402 6.151440e-01 1.192000e-03 3.836640e-01
403 6.149760e-01 1.136000e-03 3.838880e-01
404 6.147480e-01 1.200000e-03 3.840520e-01
405 6.145120e-01 1.216000e-03 3.842720e-01
406 6.143200e-01 1.240000e-03 3.844400e-01
407 6.140680e-01 1.240000e-03 3.846920e-01
408 6.138360e-01 1.284000e-03 3.848800e-01
409 6.136320e-01 1.240000e-03 3.851280e-01
410 6.134880e-01 1.204000e-03 3.853080e-01
411 6.132720e-01 1.228000e-03 3.855000e-01
412 6.131280e-01 1.196000e-03 3.856760e-01
413 6.129520e-01 1.176000e-03 3.858720e-01
414 6.128160e-01 1.092000e-03 3.860920e-01
415 6.126440e-01 1.080000e-03 3.862760e-01
416 6.124400e-01 1.088000e-03 3.864720e-01
417 6.121880e-01 1.092000e-03 3.867200e-01
418 6.119880e-01 1.104000e-03 3.869080e-01
419 6.117760e-01 1.124000e-03 3.871000e-01
420 6.116080e-01 1.116000e-03 3.872760e-01
421 6.114000e-01 1.128000e-03 3.874720e-01
422 6.112200e-01 1.120000e-03 3.876600e-01
423 6.110200e-01 1.164000e-03 3.878160e-01
424 6.107560e-01 1.224000e-03 3.880200e-01
425 6.105400e-01 1.216000e-03 3.882440e-01
426 6.102840e-01 1.284000e-03 3.884320e-01
427 6.100040e-01 1.256000e-03 3.887400e-01
428 6.098040e-01 1.188000e-03 3.890080e-01
429 6.095560e-01 1.236000e-03 3.892080e-01
430 6.093400e-01 1.184000e-03 3.894760e-01
431 6.091480e-01 1.188000e-03 3.896640e-01
432 6.089280e-01 1.156000e-03 3.899160e-01
433 6.086800e-01 1.168000e-03 3.901520e-01
434 6.084960e-01 1.152000e-03 3.903520e-01
435 6.082640e-01 1.216000e-03 3.905200e-01
436 6.080360e-01 1.248000e-03 3.907160e-01
437 6.078880e-01 1.208000e-03 3.909040e-01
438 6.077000e-01 1.156000e-03 3.911440e-01
439 6.075680e-01 1.064000e-03 3.913680e-01
440 6.073720e-01 1.072000e-03 3.915560e-01
441 6.071880e-01 1.032000e-03 3.917800e-01
442 6.070800e-01 9.840000e-04 3.919360e-01
443 6.069560e-01 9.440000e-04 3.921000e-01
444 6.067920e-01 9.600000e-04 3.922480e-01
445 6.066160e-01 9.760000e-04 3.924080e-01
446 6.064280e-01 9.640000e-04 3.926080e-01
447 6.062680e-01 8.960000e-04 3.928360e-01
448 6.061720e-01 8.640000e-04 3.929640e-01
449 6.059960e-01 8.640000e-04 3.931400e-01
450 6.058080e-01 9.080000e-04 3.932840e-01
451 6.056280e-01 9.360000e-04 3.934360e-01
452 6.054960e-01 9.400000e-04 3.935640e-01
453 6.053360e-01 9.400000e-04 3.937240e-01
454 6.051960e-01 9.480000e-04 3.938560e-01
455 6.050200e-01 9.560000e-04 3.940240e-01
456 6.048400e-01 9.400000e-04 3.942200e-01
457 6.046480e-01 9.360000e-04 3.944160e-01
458 6.044960e-01 9.600000e-04 3.945440e-01
459 6.043040e-01 1.000000e-03 3.946960e-01
460 6.041320e-01 1.020000e-03 3.948480e-01
461 6.039000e-01 1.060000e-03 3.950400e-01
462 6.036720e-01 1.108000e-03 3.952200e-01
463 6.035080e-01 1.048000e-03 3.954440e-01
464 6.033200e-01 1.080000e-03 3.956000e-01
465 6.031520e-01 1.056000e-03 3.957920e-01
466 6.029840e-01 1.060000e-03 3.959560e-01
467 6.028640e-01 1.008000e-03 3.961280e-01
468 6.026400e-01 1.016000e-03 3.963440e-01
469 6.024600e-01 9.840000e-04 3.965560e-01
470 6.023200e-01 9.600000e-04 3.967200e-01
471 6.022160e-01 8.880000e-04 3.968960e-01
472 6.020560e-01 9.000000e-04 3.970440e-01
473 6.019000e-01 9.160000e-04 3.971840e-01
474 6.017280e-01 9.000000e-04 3.973720e-01
475 6.016000e-01 8.720000e-04 3.975280e-01
476 6.014880e-01 8.000000e-04 3.977120e-01
477 6.013560e-01 7.520000e-04 3.978920e-01
478 6.011960e-01 7.400000e-04 3.980640e-01
479 6.011360e-01 6.960000e-04 3.981680e-01
480 6.010360e-01 7.120000e-04 3.982520e-01
481 6.009680e-01 6.480000e-04 3.983840e-01
482 6.008440e-01 6.640000e-04 3.984920e-01
483 6.007200e-01 6.560000e-04 3.986240e-01
484 6.006120e-01 6.760000e-04 3.987120e-01
485 6.004880e-01 6.680000e-04 3.988440e-01
486 6.003280e-01 7.280000e-04 3.989440e-01
487 6.001760e-01 7.560000e-04 3.990680e-01
488 6.000320e-01 8.080000e-04 3.991600e-01
489 5.998760e-01 7.960000e-04 3.993280e-01
490 5.997160e-01 8.280000e-04 3.994560e-01
491 5.995440e-01 8.680000e-04 3.995880e-01
492 5.994000e-01 8.360000e-04 3.997640e-01
493 5.992480e-01 8.400000e-04 3.999120e-01
494 5.990760e-01 8.680000e-04 4.000560e-01
495 5.989120e-01 8.840000e-04 4.002040e-01
496 5.988200e-01 8.400000e-04 4.003400e-01
497 5.987200e-01 7.920000e-04 4.004880e-01
498 5.986040e-01 7.880000e-04 4.006080e-01
499 5.985160e-01 7.320000e-04 4.007520e-01
500 5.983640e-01 7.720000e-04 4.008640e-01
