1 9.992240e-01 6.880000e-04 8.800000e-05
2 9.986760e-01 1.024000e-03 3.000000e-04
3 9.979120e-01 1.572000e-03 5.160000e-04
4 9.972440e-01 1.908000e-03 8.480000e-04
5 9.964960e-01 2.260000e-03 1.244000e-03
6 9.957160e-01 2.556000e-03 1.728000e-03
7 9.948160e-01 2.992000e-03 2.192000e-03
8 9.938440e-01 3.416000e-03 2.740000e-03
9 9.928160e-01 3.808000e-03 3.376000e-03
10 9.918920e-01 3.976000e-03 4.132000e-03
11 9.909680e-01 4.268000e-03 4.764000e-03
12 9.899920e-01 4.452000e-03 5.556000e-03
13 9.890120e-01 4.608000e-03 6.380000e-03
14 9.878840e-01 4.868000e-03 7.248000e-03
15 9.867400e-01 5.108000e-03 8.152000e-03
16 9.857240e-01 5.200000e-03 9.076000e-03
17 9.844920e-01 5.564000e-03 9.944000e-03
18 9.833720e-01 5.600000e-03 1.102800e-02
19 9.820560e-01 5.980000e-03 1.196400e-02
20 9.808680e-01 6.168000e-03 1.296400e-02
21 9.796400e-01 6.356000e-03 1.400400e-02
22 9.783320e-01 6.544000e-03 1.512400e-02
23 9.771600e-01 6.488000e-03 1.635200e-02
24 9.759400e-01 6.536000e-03 1.752400e-02
25 9.745240e-01 6.648000e-03 1.882800e-02
26 9.732040e-01 6.740000e-03 2.005600e-02
27 9.719000e-01 6.756000e-03 2.134400e-02
28 9.706440e-01 6.792000e-03 2.256400e-02
29 9.692840e-01 6.912000e-03 2.380400e-02
30 9.680200e-01 7.000000e-03 2.498000e-02
31 9.666840e-01 7.148000e-03 2.616800e-02
32 9.654400e-01 7.040000e-03 2.752000e-02
33 9.638680e-01 7.388000e-03 2.874400e-02
34 9.625360e-01 7.468000e-03 2.999600e-02
35 9.611440e-01 7.680000e-03 3.117600e-02
36 9.595520e-01 7.904000e-03 3.254400e-02
37 9.580120e-01 8.080000e-03 3.390800e-02
38 9.565520e-01 8.040000e-03 3.540800e-02
39 9.551840e-01 8.016000e-03 3.680000e-02
40 9.537680e-01 8.056000e-03 3.817600e-02
41 9.520840e-01 8.312000e-03 3.960400e-02
42 9.504400e-01 8.508000e-03 4.105200e-02
43 9.489800e-01 8.436000e-03 4.258400e-02
44 9.473840e-01 8.616000e-03 4.400000e-02
45 9.457320e-01 8.744000e-03 4.552400e-02
46 9.440600e-01 8.968000e-03 4.697200e-02
47 9.425360e-01 8.892000e-03 4.857200e-02
48 9.409440e-01 8.976000e-03 5.008000e-02
49 9.392840e-01 9.084000e-03 5.163200e-02
50 9.376240e-01 9.200000e-03 5.317600e-02
51 9.360240e-01 9.180000e-03 5.479600e-02
52 9.344840e-01 9.168000e-03 5.634800e-02
53 9.329760e-01 9.148000e-03 5.787600e-02
54 9.312800e-01 9.204000e-03 5.951600e-02
55 9.295960e-01 9.276000e-03 6.112800e-02
56 9.280560e-01 9.192000e-03 6.275200e-02
57 9.265880e-01 9.004000e-03 6.440800e-02
58 9.249800e-01 9.040000e-03 6.598000e-02
59 9.232080e-01 9.120000e-03 6.767200e-02
60 9.217680e-01 8.984000e-03 6.924800e-02
61 9.201960e-01 8.956000e-03 7.084800e-02
62 9.187000e-01 8.836000e-03 7.246400e-02
63 9.171160e-01 8.932000e-03 7.395200e-02
64 9.154560e-01 9.044000e-03 7.550000e-02
65 9.139080e-01 8.932000e-03 7.716000e-02
66 9.122120e-01 9.116000e-03 7.867200e-02
67 9.105920e-01 9.208000e-03 8.020000e-02
68 9.089560e-01 9.284000e-03 8.176000e-02
69 9.074920e-01 9.196000e-03 8.331200e-02
70 9.058480e-01 9.372000e-03 8.478000e-02
71 9.041240e-01 9.520000e-03 8.635600e-02
72 9.025000e-01 9.388000e-03 8.811200e-02
73 9.008480e-01 9.412000e-03 8.974000e-02
74 8.992000e-01 9.364000e-03 9.143600e-02
75 8.974680e-01 9.444000e-03 9.308800e-02
76 8.959000e-01 9.300000e-03 9.480000e-02
77 8.943920e-01 9.180000e-03 9.642800e-02
78 8.929280e-01 8.932000e-03 9.814000e-02
79 8.914360e-01 8.796000e-03 9.976800e-02
80 8.898480e-01 8.812000e-03 1.013400e-01
81 8.884320e-01 8.544000e-03 1.030240e-01
82 8.870040e-01 8.432000e-03 1.045640e-01
83 8.857440e-01 8.312000e-03 1.059440e-01
84 8.844160e-01 8.120000e-03 1.074640e-01
85 8.830280e-01 8.268000e-03 1.087040e-01
86 8.815840e-01 8.212000e-03 1.102040e-01
87 8.800920e-01 8.364000e-03 1.115440e-01
88 8.785480e-01 8.420000e-03 1.130320e-01
89 8.771120e-01 8.216000e-03 1.146720e-01
90 8.759160e-01 7.976000e-03 1.161080e-01
91 8.745120e-01 7.952000e-03 1.175360e-01
92 8.732800e-01 7.792000e-03 1.189280e-01
93 8.719280e-01 7.788000e-03 1.202840e-01
94 8.706520e-01 7.648000e-03 1.217000e-01
95 8.694000e-01 7.528000e-03 1.230720e-01
96 8.682600e-01 7.340000e-03 1.244000e-01
97 8.671080e-01 7.092000e-03 1.258000e-01
98 8.660560e-01 6.984000e-03 1.269600e-01
99 8.649400e-01 6.840000e-03 1.282200e-01
100 8.636960e-01 6.864000e-03 1.294400e-01
101 8.624800e-01 6.940000e-03 1.305800e-01
102 8.611200e-01 6.988000e-03 1.318920e-01
103 8.599320e-01 7.012000e-03 1.330560e-01
104 8.588200e-01 6.784000e-03 1.343960e-01
105 8.577320e-01 6.608000e-03 1.356600e-01
106 8.564880e-01 6.780000e-03 1.367320e-01
107 8.551520e-01 7.040000e-03 1.378080e-01
108 8.539080e-01 7.084000e-03 1.390080e-01
109 8.526720e-01 7.000000e-03 1.403280e-01
110 8.514920e-01 6.876000e-03 1.416320e-01
111 8.502960e-01 6.776000e-03 1.429280e-01
112 8.491240e-01 6.824000e-03 1.440520e-01
113 8.480640e-01 6.692000e-03 1.452440e-01
114 8.469320e-01 6.716000e-03 1.463520e-01
115 8.457160e-01 6.748000e-03 1.475360e-01
116 8.445760e-01 6.668000e-03 1.487560e-01
117 8.434000e-01 6.680000e-03 1.499200e-01
118 8.421480e-01 6.632000e-03 1.512200e-01
119 8.409200e-01 6.660000e-03 1.524200e-01
120 8.398240e-01 6.588000e-03 1.535880e-01
121 8.388640e-01 6.448000e-03 1.546880e-01
122 8.376560e-01 6.480000e-03 1.558640e-01
123 8.364960e-01 6.524000e-03 1.569800e-01
124 8.351960e-01 6.644000e-03 1.581600e-01
125 8.341960e-01 6.536000e-03 1.592680e-01
126 8.329520e-01 6.708000e-03 1.603400e-01
127 8.316600e-01 6.784000e-03 1.615560e-01
128 8.305000e-01 6.720000e-03 1.627800e-01
129 8.292240e-01 6.924000e-03 1.638520e-01
130 8.280000e-01 6.928000e-03 1.650720e-01
131 8.267080e-01 6.980000e-03 1.663120e-01
132 8.254640e-01 6.948000e-03 1.675880e-01
133 8.243040e-01 6.876000e-03 1.688200e-01
134 8.232080e-01 6.732000e-03 1.700600e-01
135 8.220160e-01 6.808000e-03 1.711760e-01
136 8.209440e-01 6.716000e-03 1.723400e-01
137 8.198520e-01 6.552000e-03 1.735960e-01
138 8.188040e-01 6.540000e-03 1.746560e-01
139 8.178520e-01 6.360000e-03 1.757880e-01
140 8.168720e-01 6.168000e-03 1.769600e-01
141 8.159440e-01 6.024000e-03 1.780320e-01
142 8.147680e-01 6.140000e-03 1.790920e-01
143 8.136760e-01 6.204000e-03 1.801200e-01
144 8.126120e-01 6.220000e-03 1.811680e-01
145 8.116000e-01 6.176000e-03 1.822240e-01
146 8.104720e-01 6.224000e-03 1.833040e-01
147 8.091840e-01 6.416000e-03 1.844000e-01
148 8.080760e-01 6.376000e-03 1.855480e-01
149 8.069480e-01 6.264000e-03 1.867880e-01
150 8.058840e-01 6.200000e-03 1.879160e-01
151 8.047680e-01 6.280000e-03 1.889520e-01
152 8.036320e-01 6.312000e-03 1.900560e-01
153 8.024120e-01 6.448000e-03 1.911400e-01
154 8.012480e-01 6.440000e-03 1.923120e-01
155 8.001520e-01 6.396000e-03 1.934520e-01
156 7.989560e-01 6.492000e-03 1.945520e-01
157 7.977880e-01 6.624000e-03 1.955880e-01
158 7.964240e-01 6.828000e-03 1.967480e-01
159 7.952320e-01 6.764000e-03 1.980040e-01
160 7.940640e-01 6.764000e-03 1.991720e-01
161 7.929280e-01 6.772000e-03 2.003000e-01
162 7.919480e-01 6.600000e-03 2.014520e-01
163 7.909200e-01 6.448000e-03 2.026320e-01
164 7.899080e-01 6.304000e-03 2.037880e-01
165 7.889400e-01 6.100000e-03 2.049600e-01
166 7.878920e-01 6.036000e-03 2.060720e-01
167 7.868480e-01 6.056000e-03 2.070960e-01
168 7.858120e-01 6.024000e-03 2.081640e-01
169 7.848560e-01 5.960000e-03 2.091840e-01
170 7.838440e-01 5.888000e-03 2.102680e-01
171 7.828280e-01 5.944000e-03 2.112280e-01
172 7.816760e-01 5.972000e-03 2.123520e-01
173 7.804960e-01 6.084000e-03 2.134200e-01
174 7.793600e-01 6.012000e-03 2.146280e-01
175 7.783000e-01 6.016000e-03 2.156840e-01
176 7.771360e-01 6.124000e-03 2.167400e-01
177 7.760320e-01 6.096000e-03 2.178720e-01
178 7.749400e-01 6.068000e-03 2.189920e-01
179 7.737880e-01 6.220000e-03 2.199920e-01
180 7.727640e-01 6.088000e-03 2.211480e-01
181 7.717400e-01 5.984000e-03 2.222760e-01
182 7.707680e-01 5.868000e-03 2.233640e-01
183 7.697640e-01 5.792000e-03 2.244440e-01
184 7.688280e-01 5.828000e-03 2.253440e-01
185 7.678640e-01 5.756000e-03 2.263800e-01
186 7.669080e-01 5.784000e-03 2.273080e-01
187 7.660160e-01 5.740000e-03 2.282440e-01
188 7.649960e-01 5.892000e-03 2.291120e-01
189 7.641000e-01 5.836000e-03 2.300640e-01
190 7.631600e-01 5.648000e-03 2.311920e-01
191 7.623800e-01 5.468000e-03 2.321520e-01
192 7.613440e-01 5.664000e-03 2.329920e-01
193 7.605320e-01 5.484000e-03 2.339840e-01
194 7.594880e-01 5.628000e-03 2.348840e-01
195 7.585640e-01 5.564000e-03 2.358720e-01
196 7.576160e-01 5.644000e-03 2.367400e-01
197 7.566080e-01 5.748000e-03 2.376440e-01
198 7.554720e-01 5.832000e-03 2.386960e-01
199 7.545520e-01 5.668000e-03 2.397800e-01
200 7.535040e-01 5.820000e-03 2.406760e-01
201 7.524400e-01 5.968000e-03 2.415920e-01
202 7.514120e-01 5.956000e-03 2.426320e-01
203 7.504920e-01 5.820000e-03 2.436880e-01
204 7.493720e-01 6.032000e-03 2.445960e-01
205 7.482760e-01 6.044000e-03 2.456800e-01
206 7.472240e-01 5.924000e-03 2.468520e-01
207 7.462000e-01 5.964000e-03 2.478360e-01
208 7.451200e-01 5.936000e-03 2.489440e-01
209 7.441960e-01 5.812000e-03 2.499920e-01
210 7.433480e-01 5.664000e-03 2.509880e-01
211 7.424640e-01 5.588000e-03 2.519480e-01
212 7.415280e-01 5.468000e-03 2.530040e-01
213 7.407760e-01 5.096000e-03 2.541280e-01
214 7.399040e-01 4.996000e-03 2.551000e-01
215 7.390480e-01 4.980000e-03 2.559720e-01
216 7.382400e-01 4.860000e-03 2.569000e-01
217 7.373280e-01 4.864000e-03 2.578080e-01
218 7.364160e-01 4.928000e-03 2.586560e-01
219 7.354920e-01 4.952000e-03 2.595560e-01
220 7.345120e-01 5.140000e-03 2.603480e-01
221 7.336360e-01 5.128000e-03 2.612360e-01
222 7.326640e-01 5.196000e-03 2.621400e-01
223 7.316480e-01 5.476000e-03 2.628760e-01
224 7.306760e-01 5.352000e-03 2.639720e-01
225 7.297000e-01 5.328000e-03 2.649720e-01
226 7.287040e-01 5.320000e-03 2.659760e-01
227 7.277400e-01 5.276000e-03 2.669840e-01
228 7.267280e-01 5.404000e-03 2.678680e-01
229 7.258840e-01 5.400000e-03 2.687160e-01
230 7.249440e-01 5.376000e-03 2.696800e-01
231 7.240760e-01 5.220000e-03 2.707040e-01
232 7.232760e-01 5.092000e-03 2.716320e-01
233 7.224040e-01 5.080000e-03 2.725160e-01
234 7.215400e-01 5.040000e-03 2.734200e-01
235 7.206240e-01 5.056000e-03 2.743200e-01
236 7.197680e-01 5.044000e-03 2.751880e-01
237 7.190040e-01 4.968000e-03 2.760280e-01
238 7.181840e-01 4.900000e-03 2.769160e-01
239 7.173680e-01 5.008000e-03 2.776240e-01
240 7.165440e-01 4.916000e-03 2.785400e-01
241 7.157640e-01 4.808000e-03 2.794280e-01
242 7.150760e-01 4.684000e-03 2.802400e-01
243 7.143800e-01 4.600000e-03 2.810200e-01
244 7.136680e-01 4.520000e-03 2.818120e-01
245 7.130400e-01 4.304000e-03 2.826560e-01
246 7.123080e-01 4.248000e-03 2.834440e-01
247 7.116480e-01 4.256000e-03 2.840960e-01
248 7.109080e-01 4.176000e-03 2.849160e-01
249 7.102800e-01 4.128000e-03 2.855920e-01
250 7.096960e-01 4.016000e-03 2.862880e-01
251 7.090960e-01 3.952000e-03 2.869520e-01
252 7.083360e-01 3.944000e-03 2.877200e-01
253 7.077280e-01 3.760000e-03 2.885120e-01
254 7.070720e-01 3.696000e-03 2.892320e-01
255 7.064960e-01 3.556000e-03 2.899480e-01
256 7.058800e-01 3.552000e-03 2.905680e-01
257 7.053280e-01 3.512000e-03 2.911600e-01
258 7.047080e-01 3.552000e-03 2.917400e-01
259 7.040720e-01 3.608000e-03 2.923200e-01
260 7.034480e-01 3.532000e-03 2.930200e-01
261 7.028400e-01 3.520000e-03 2.936400e-01
262 7.023720e-01 3.400000e-03 2.942280e-01
263 7.017680e-01 3.440000e-03 2.947920e-01
264 7.011840e-01 3.412000e-03 2.954040e-01
265 7.005840e-01 3.384000e-03 2.960320e-01
266 7.000120e-01 3.372000e-03 2.966160e-01
267 6.994480e-01 3.432000e-03 2.971200e-01
268 6.988240e-01 3.480000e-03 2.976960e-01
269 6.981800e-01 3.540000e-03 2.982800e-01
270 6.974840e-01 3.596000e-03 2.989200e-01
271 6.968800e-01 3.572000e-03 2.995480e-01
272 6.962360e-01 3.568000e-03 3.001960e-01
273 6.957120e-01 3.452000e-03 3.008360e-01
274 6.952280e-01 3.364000e-03 3.014080e-01
275 6.946640e-01 3.356000e-03 3.019800e-01
276 6.940320e-01 3.404000e-03 3.025640e-01
277 6.933880e-01 3.460000e-03 3.031520e-01
278 6.927680e-01 3.424000e-03 3.038080e-01
279 6.922400e-01 3.280000e-03 3.044800e-01
280 6.917280e-01 3.280000e-03 3.049920e-01
281 6.911680e-01 3.272000e-03 3.055600e-01
282 6.906520e-01 3.200000e-03 3.061480e-01
283 6.901160e-01 3.216000e-03 3.066680e-01
284 6.895000e-01 3.316000e-03 3.071840e-01
285 6.889000e-01 3.376000e-03 3.077240e-01
286 6.882840e-01 3.368000e-03 3.083480e-01
287 6.877760e-01 3.300000e-03 3.089240e-01
288 6.872040e-01 3.300000e-03 3.094960e-01
289 6.866920e-01 3.204000e-03 3.101040e-01
290 6.861160e-01 3.248000e-03 3.106360e-01
291 6.855960e-01 3.200000e-03 3.112040e-01
292 6.850800e-01 3.168000e-03 3.117520e-01
293 6.846000e-01 3.052000e-03 3.123480e-01
294 6.839600e-01 3.192000e-03 3.128480e-01
295 6.833640e-01 3.292000e-03 3.133440e-01
296 6.827280e-01 3.392000e-03 3.138800e-01
297 6.821080e-01 3.376000e-03 3.145160e-01
298 6.815600e-01 3.292000e-03 3.151480e-01
299 6.810000e-01 3.264000e-03 3.157360e-01
300 6.804480e-01 3.268000e-03 3.162840e-01
301 6.798760e-01 3.320000e-03 3.168040e-01
302 6.792240e-01 3.332000e-03 3.174440e-01
303 6.784880e-01 3.464000e-03 3.180480e-01
304 6.779440e-01 3.420000e-03 3.186360e-01
305 6.773840e-01 3.404000e-03 3.192120e-01
306 6.768520e-01 3.312000e-03 3.198360e-01
307 6.763280e-01 3.268000e-03 3.204040e-01
308 6.756840e-01 3.352000e-03 3.209640e-01
309 6.751640e-01 3.304000e-03 3.215320e-01
310 6.745400e-01 3.372000e-03 3.220880e-01
311 6.739920e-01 3.316000e-03 3.226920e-01
312 6.733880e-01 3.304000e-03 3.233080e-01
313 6.728240e-01 3.300000e-03 3.238760e-01
314 6.722320e-01 3.276000e-03 3.244920e-01
315 6.716760e-01 3.264000e-03 3.250600e-01
316 6.710960e-01 3.248000e-03 3.256560e-01
317 6.704600e-01 3.240000e-03 3.263000e-01
318 6.697760e-01 3.352000e-03 3.268720e-01
319 6.692040e-01 3.316000e-03 3.274800e-01
320 6.686960e-01 3.248000e-03 3.280560e-01
321 6.681520e-01 3.172000e-03 3.286760e-01
322 6.675480e-01 3.156000e-03 3.292960e-01
323 6.669960e-01 3.152000e-03 3.298520e-01
324 6.665640e-01 3.032000e-03 3.304040e-01
325 6.660160e-01 2.952000e-03 3.310320e-01
326 6.654280e-01 3.044000e-03 3.315280e-01
327 6.649720e-01 2.988000e-03 3.320400e-01
328 6.644400e-01 2.912000e-03 3.326480e-01
329 6.638480e-01 2.956000e-03 3.331960e-01
330 6.633840e-01 2.956000e-03 3.336600e-01
331 6.627960e-01 2.968000e-03 3.342360e-01
332 6.622800e-01 2.920000e-03 3.348000e-01
333 6.616880e-01 3.048000e-03 3.352640e-01
334 6.610880e-01 3.044000e-03 3.358680e-01
335 6.605320e-01 3.012000e-03 3.364560e-01
336 6.599720e-01 3.092000e-03 3.369360e-01
337 6.593000e-01 3.208000e-03 3.374920e-01
338 6.587320e-01 3.276000e-03 3.379920e-01
339 6.581320e-01 3.316000e-03 3.385520e-01
340 6.575960e-01 3.272000e-03 3.391320e-01
341 6.569680e-01 3.368000e-03 3.396640e-01
342 6.563480e-01 3.400000e-03 3.402520e-01
343 6.557760e-01 3.356000e-03 3.408680e-01
344 6.552280e-01 3.312000e-03 3.414600e-01
345 6.546560e-01 3.312000e-03 3.420320e-01
346 6.541080e-01 3.340000e-03 3.425520e-01
347 6.535840e-01 3.296000e-03 3.431200e-01
348 6.531240e-01 3.180000e-03 3.436960e-01
349 6.527000e-01 3.100000e-03 3.442000e-01
350 6.522400e-01 3.080000e-03 3.446800e-01
351 6.517280e-01 3.048000e-03 3.452240e-01
352 6.511920e-01 3.048000e-03 3.457600e-01
353 6.507040e-01 2.948000e-03 3.463480e-01
354 6.501360e-01 3.072000e-03 3.467920e-01
355 6.496080e-01 3.020000e-03 3.473720e-01
356 6.491640e-01 2.944000e-03 3.478920e-01
357 6.487000e-01 2.900000e-03 3.484000e-01
358 6.482800e-01 2.880000e-03 3.488400e-01
359 6.477920e-01 2.884000e-03 3.493240e-01
360 6.472920e-01 2.844000e-03 3.498640e-01
361 6.468080e-01 2.820000e-03 3.503720e-01
362 6.462800e-01 2.808000e-03 3.509120e-01
363 6.458000e-01 2.844000e-03 3.513560e-01
364 6.453600e-01 2.804000e-03 3.518360e-01
365 6.449360e-01 2.712000e-03 3.523520e-01
366 6.444440e-01 2.768000e-03 3.527880e-01
367 6.439280e-01 2.820000e-03 3.532520e-01
368 6.435080e-01 2.748000e-03 3.537440e-01
369 6.430600e-01 2.716000e-03 3.542240e-01
370 6.426360e-01 2.768000e-03 3.545960e-01
371 6.422200e-01 2.724000e-03 3.550560e-01
372 6.417640e-01 2.680000e-03 3.555560e-01
373 6.413080e-01 2.604000e-03 3.560880e-01
374 6.409840e-01 2.500000e-03 3.565160e-01
375 6.404960e-01 2.592000e-03 3.569120e-01
376 6.401080e-01 2.584000e-03 3.573080e-01
377 6.396480e-01 2.544000e-03 3.578080e-01
378 6.392440e-01 2.516000e-03 3.582400e-01
379 6.387920e-01 2.472000e-03 3.587360e-01
380 6.382800e-01 2.528000e-03 3.591920e-01
381 6.378160e-01 2.568000e-03 3.596160e-01
382 6.373160e-01 2.632000e-03 3.600520e-01
383 6.368240e-01 2.620000e-03 3.605560e-01
384 6.364200e-01 2.620000e-03 3.609600e-01
385 6.359920e-01 2.636000e-03 3.613720e-01
386 6.355520e-01 2.600000e-03 3.618480e-01
387 6.350800e-01 2.632000e-03 3.622880e-01
388 6.346800e-01 2.580000e-03 3.627400e-01
389 6.343120e-01 2.460000e-03 3.632280e-01
390 6.339440e-01 2.352000e-03 3.637040e-01
391 6.336920e-01 2.196000e-03 3.641120e-01
392 6.334160e-01 2.092000e-03 3.644920e-01
393 6.331680e-01 1.996000e-03 3.648360e-01
394 6.328600e-01 1.976000e-03 3.651640e-01
395 6.325400e-01 1.876000e-03 3.655840e-01
396 6.322440e-01 1.864000e-03 3.658920e-01
397 6.319040e-01 1.880000e-03 3.662160e-01
398 6.316520e-01 1.768000e-03 3.665800e-01
399 6.314520e-01 1.704000e-03 3.668440e-01
400 6.312080e-01 1.588000e-03 3.672040e-01
401 6.309720e-01 1.556000e-03 3.674720e-01
402 6.307240e-01 1.552000e-03 3.677240e-01
403 6.305040e-01 1.496000e-03 3.680000e-01
404 6.302400e-01 1.528000e-03 3.682320e-01
405 6.299960e-01 1.504000e-03 3.685000e-01
406 6.297720e-01 1.472000e-03 3.687560e-01
407 6.294720e-01 1.476000e-03 3.690520e-01
408 6.292200e-01 1.428000e-03 3.693520e-01
409 6.290240e-01 1.356000e-03 3.696200e-01
410 6.287600e-01 1.368000e-03 3.698720e-01
411 6.284880e-01 1.420000e-03 3.700920e-01
412 6.282480e-01 1.392000e-03 3.703600e-01
413 6.279760e-01 1.456000e-03 3.705680e-01
414 6.276840e-01 1.488000e-03 3.708280e-01
415 6.273600e-01 1.592000e-03 3.710480e-01
416 6.270200e-01 1.592000e-03 3.713880e-01
417 6.267520e-01 1.632000e-03 3.716160e-01
418 6.264640e-01 1.640000e-03 3.718960e-01
419 6.262040e-01 1.668000e-03 3.721280e-01
420 6.259920e-01 1.612000e-03 3.723960e-01
421 6.257800e-01 1.484000e-03 3.727360e-01
422 6.255160e-01 1.436000e-03 3.730480e-01
423 6.253120e-01 1.420000e-03 3.732680e-01
424 6.251080e-01 1.384000e-03 3.735080e-01
425 6.248560e-01 1.416000e-03 3.737280e-01
426 6.246200e-01 1.424000e-03 3.739560e-01
427 6.243440e-01 1.452000e-03 3.742040e-01
428 6.241120e-01 1.416000e-03 3.744720e-01
429 6.237760e-01 1.556000e-03 3.746680e-01
430 6.235040e-01 1.604000e-03 3.748920e-01
431 6.232320e-01 1.572000e-03 3.751960e-01
432 6.229920e-01 1.512000e-03 3.754960e-01
433 6.227680e-01 1.512000e-03 3.757200e-01
434 6.225080e-01 1.492000e-03 3.760000e-01
435 6.223040e-01 1.400000e-03 3.762960e-01
436 6.220960e-01 1.404000e-03 3.765000e-01
437 6.219320e-01 1.320000e-03 3.767480e-01
438 6.217440e-01 1.248000e-03 3.770080e-01
439 6.215640e-01 1.184000e-03 3.772520e-01
440 6.213520e-01 1.192000e-03 3.774560e-01
441 6.211800e-01 1.180000e-03 3.776400e-01
442 6.210040e-01 1.168000e-03 3.778280e-01
443 6.208520e-01 1.100000e-03 3.780480e-01
444 6.206880e-01 1.116000e-03 3.781960e-01
445 6.204640e-01 1.168000e-03 3.783680e-01
446 6.202920e-01 1.152000e-03 3.785560e-01
447 6.201320e-01 1.124000e-03 3.787440e-01
448 6.200040e-01 1.084000e-03 3.789120e-01
449 6.199040e-01 9.880000e-04 3.791080e-01
450 6.197840e-01 9.000000e-04 3.793160e-01
451 6.196840e-01 8.680000e-04 3.794480e-01
452 6.195720e-01 8.440000e-04 3.795840e-01
453 6.194800e-01 7.640000e-04 3.797560e-01
454 6.193680e-01 7.480000e-04 3.798840e-01
455 6.192160e-01 7.400000e-04 3.800440e-01
456 6.191000e-01 7.360000e-04 3.801640e-01
457 6.189440e-01 7.440000e-04 3.803120e-01
458 6.188360e-01 7.440000e-04 3.804200e-01
459 6.187120e-01 7.560000e-04 3.805320e-01
460 6.185880e-01 7.440000e-04 3.806680e-01
461 6.184760e-01 7.600000e-04 3.807640e-01
462 6.183560e-01 7.680000e-04 3.808760e-01
463 6.182120e-01 7.880000e-04 3.810000e-01
464 6.181200e-01 7.520000e-04 3.811280e-01
465 6.179960e-01 7.400000e-04 3.812640e-01
466 6.178440e-01 7.720000e-04 3.813840e-01
467 6.177440e-01 7.200000e-04 3.815360e-01
468 6.176480e-01 6.600000e-04 3.816920e-01
469 6.175360e-01 6.560000e-04 3.818080e-01
470 6.174040e-01 6.800000e-04 3.819160e-01
471 6.172120e-01 7.600000e-04 3.820280e-01
472 6.170760e-01 7.920000e-04 3.821320e-01
473 6.169160e-01 8.080000e-04 3.822760e-01
474 6.168080e-01 7.760000e-04 3.824160e-01
475 6.166720e-01 7.840000e-04 3.825440e-01
476 6.165680e-01 7.400000e-04 3.826920e-01
477 6.164200e-01 7.560000e-04 3.828240e-01
478 6.163120e-01 7.200000e-04 3.829680e-01
479 6.162320e-01 6.560000e-04 3.831120e-01
480 6.161000e-01 6.520000e-04 3.832480e-01
481 6.159720e-01 6.680000e-04 3.833600e-01
482 6.158240e-01 7.040000e-04 3.834720e-01
483 6.156880e-01 7.400000e-04 3.835720e-01
484 6.155600e-01 7.480000e-04 3.836920e-01
485 6.154400e-01 7.560000e-04 3.838040e-01
486 6.153480e-01 7.200000e-04 3.839320e-01
487 6.152160e-01 7.480000e-04 3.840360e-01
488 6.150600e-01 7.760000e-04 3.841640e-01
489 6.148640e-01 8.000000e-04 3.843360e-01
490 6.147000e-01 8.000000e-04 3.845000e-01
491 6.145240e-01 8.440000e-04 3.846320e-01
492 6.143560e-01 8.800000e-04 3.847640e-01
493 6.141960e-01 8.840000e-04 3.849200e-01
494 6.140480e-01 8.600000e-04 3.850920e-01
495 6.139120e-01 8.640000e-04 3.852240e-01
496 6.137840e-01 8.680000e-04 3.853480e-01
497 6.136080e-01 9.200000e-04 3.854720e-01
498 6.134680e-01 9.080000e-04 3.856240e-01
499 6.133160e-01 9.400000e-04 3.857440e-01
500 6.131200e-01 9.840000e-04 3.858960e-01
