1 9.990720e-01 8.000000e-04 1.280000e-04
2 9.985320e-01 1.160000e-03 3.080000e-04
3 9.979400e-01 1.480000e-03 5.800000e-04
4 9.973480e-01 1.812000e-03 8.400000e-04
5 9.965520e-01 2.268000e-03 1.180000e-03
6 9.957800e-01 2.600000e-03 1.620000e-03
7 9.950240e-01 2.880000e-03 2.096000e-03
8 9.942160e-01 3.184000e-03 2.600000e-03
9 9.932960e-01 3.640000e-03 3.064000e-03
10 9.923760e-01 3.900000e-03 3.724000e-03
11 9.913320e-01 4.280000e-03 4.388000e-03
12 9.902880e-01 4.420000e-03 5.292000e-03
13 9.892960e-01 4.600000e-03 6.104000e-03
14 9.881680e-01 4.880000e-03 6.952000e-03
15 9.870480e-01 5.184000e-03 7.768000e-03
16 9.858840e-01 5.328000e-03 8.788000e-03
17 9.847360e-01 5.452000e-03 9.812000e-03
18 9.834320e-01 5.720000e-03 1.084800e-02
19 9.822320e-01 5.732000e-03 1.203600e-02
20 9.809640e-01 5.872000e-03 1.316400e-02
21 9.796640e-01 6.068000e-03 1.426800e-02
22 9.784600e-01 6.064000e-03 1.547600e-02
23 9.771800e-01 6.224000e-03 1.659600e-02
24 9.760240e-01 6.272000e-03 1.770400e-02
25 9.747800e-01 6.384000e-03 1.883600e-02
26 9.735200e-01 6.484000e-03 1.999600e-02
27 9.721640e-01 6.676000e-03 2.116000e-02
28 9.709240e-01 6.748000e-03 2.232800e-02
29 9.696760e-01 6.728000e-03 2.359600e-02
30 9.684520e-01 6.916000e-03 2.463200e-02
31 9.671240e-01 7.004000e-03 2.587200e-02
32 9.658760e-01 7.024000e-03 2.710000e-02
33 9.646320e-01 7.020000e-03 2.834800e-02
34 9.634040e-01 6.928000e-03 2.966800e-02
35 9.619760e-01 7.172000e-03 3.085200e-02
36 9.605920e-01 7.268000e-03 3.214000e-02
37 9.591360e-01 7.420000e-03 3.344400e-02
38 9.577240e-01 7.540000e-03 3.473600e-02
39 9.562400e-01 7.732000e-03 3.602800e-02
40 9.549080e-01 7.740000e-03 3.735200e-02
41 9.534840e-01 7.840000e-03 3.867600e-02
42 9.520200e-01 7.984000e-03 3.999600e-02
43 9.506080e-01 8.044000e-03 4.134800e-02
44 9.490240e-01 8.120000e-03 4.285600e-02
45 9.475240e-01 8.176000e-03 4.430000e-02
46 9.461040e-01 8.208000e-03 4.568800e-02
47 9.445360e-01 8.280000e-03 4.718400e-02
48 9.431840e-01 8.164000e-03 4.865200e-02
49 9.417360e-01 8.244000e-03 5.002000e-02
50 9.402880e-01 8.184000e-03 5.152800e-02
51 9.388760e-01 8.112000e-03 5.301200e-02
52 9.372960e-01 8.240000e-03 5.446400e-02
53 9.358640e-01 8.144000e-03 5.599200e-02
54 9.344080e-01 8.252000e-03 5.734000e-02
55 9.328480e-01 8.284000e-03 5.886800e-02
56 9.313960e-01 8.304000e-03 6.030000e-02
57 9.298760e-01 8.304000e-03 6.182000e-02
58 9.284280e-01 8.320000e-03 6.325200e-02
59 9.271800e-01 8.156000e-03 6.466400e-02
60 9.258440e-01 8.020000e-03 6.613600e-02
61 9.244360e-01 8.032000e-03 6.753200e-02
62 9.229520e-01 8.152000e-03 6.889600e-02
63 9.216600e-01 7.884000e-03 7.045600e-02
64 9.202360e-01 7.892000e-03 7.187200e-02
65 9.187720e-01 7.964000e-03 7.326400e-02
66 9.173560e-01 8.144000e-03 7.450000e-02
67 9.159680e-01 8.124000e-03 7.590800e-02
68 9.145200e-01 8.168000e-03 7.731200e-02
69 9.131280e-01 8.272000e-03 7.860000e-02
70 9.116800e-01 8.204000e-03 8.011600e-02
71 9.102680e-01 8.176000e-03 8.155600e-02
72 9.088320e-01 8.092000e-03 8.307600e-02
73 9.073280e-01 8.232000e-03 8.444000e-02
74 9.058240e-01 8.228000e-03 8.594800e-02
75 9.043480e-01 8.124000e-03 8.752800e-02
76 9.026800e-01 8.384000e-03 8.893600e-02
77 9.011320e-01 8.400000e-03 9.046800e-02
78 8.997480e-01 8.356000e-03 9.189600e-02
79 8.983760e-01 8.204000e-03 9.342000e-02
80 8.970240e-01 8.220000e-03 9.475600e-02
81 8.955600e-01 8.296000e-03 9.614400e-02
82 8.941280e-01 8.188000e-03 9.768400e-02
83 8.927480e-01 8.184000e-03 9.906800e-02
84 8.912800e-01 8.152000e-03 1.005680e-01
85 8.898960e-01 8.020000e-03 1.020840e-01
86 8.884520e-01 8.104000e-03 1.034440e-01
87 8.869640e-01 8.080000e-03 1.049560e-01
88 8.854240e-01 8.268000e-03 1.063080e-01
89 8.839480e-01 8.344000e-03 1.077080e-01
90 8.825640e-01 8.268000e-03 1.091680e-01
91 8.810400e-01 8.340000e-03 1.106200e-01
92 8.795320e-01 8.340000e-03 1.121280e-01
93 8.780760e-01 8.388000e-03 1.135360e-01
94 8.765800e-01 8.336000e-03 1.150840e-01
95 8.751360e-01 8.260000e-03 1.166040e-01
96 8.735880e-01 8.436000e-03 1.179760e-01
97 8.721320e-01 8.412000e-03 1.194560e-01
98 8.706400e-01 8.308000e-03 1.210520e-01
99 8.692560e-01 8.340000e-03 1.224040e-01
100 8.677560e-01 8.264000e-03 1.239800e-01
101 8.662160e-01 8.324000e-03 1.254600e-01
102 8.647880e-01 8.208000e-03 1.270040e-01
103 8.634440e-01 8.104000e-03 1.284520e-01
104 8.620000e-01 7.984000e-03 1.300160e-01
105 8.606640e-01 7.932000e-03 1.314040e-01
106 8.592200e-01 7.868000e-03 1.329120e-01
107 8.579920e-01 7.704000e-03 1.343040e-01
108 8.566640e-01 7.696000e-03 1.356400e-01
109 8.552600e-01 7.788000e-03 1.369520e-01
110 8.537840e-01 7.824000e-03 1.383920e-01
111 8.523880e-01 7.804000e-03 1.398080e-01
112 8.510240e-01 7.868000e-03 1.411080e-01
113 8.497280e-01 7.740000e-03 1.425320e-01
114 8.483440e-01 7.772000e-03 1.438840e-01
115 8.469160e-01 7.788000e-03 1.452960e-01
116 8.453960e-01 8.016000e-03 1.465880e-01
117 8.438840e-01 8.188000e-03 1.479280e-01
118 8.422960e-01 8.260000e-03 1.494440e-01
119 8.407880e-01 8.304000e-03 1.509080e-01
120 8.392760e-01 8.268000e-03 1.524560e-01
121 8.378000e-01 8.292000e-03 1.539080e-01
122 8.363360e-01 8.288000e-03 1.553760e-01
123 8.347480e-01 8.540000e-03 1.567120e-01
124 8.332800e-01 8.476000e-03 1.582440e-01
125 8.318760e-01 8.368000e-03 1.597560e-01
126 8.306080e-01 8.132000e-03 1.612600e-01
127 8.292080e-01 8.196000e-03 1.625960e-01
128 8.277640e-01 8.148000e-03 1.640880e-01
129 8.265040e-01 7.920000e-03 1.655760e-01
130 8.251080e-01 7.944000e-03 1.669480e-01
131 8.237520e-01 7.940000e-03 1.683080e-01
132 8.223560e-01 7.872000e-03 1.697720e-01
133 8.209440e-01 7.940000e-03 1.711160e-01
134 8.197280e-01 7.744000e-03 1.725280e-01
135 8.184920e-01 7.672000e-03 1.738360e-01
136 8.174080e-01 7.360000e-03 1.752320e-01
137 8.160320e-01 7.404000e-03 1.765640e-01
138 8.147160e-01 7.440000e-03 1.778440e-01
139 8.133480e-01 7.388000e-03 1.792640e-01
140 8.119600e-01 7.452000e-03 1.805880e-01
141 8.106560e-01 7.384000e-03 1.819600e-01
142 8.095760e-01 7.208000e-03 1.832160e-01
143 8.085200e-01 7.076000e-03 1.844040e-01
144 8.073360e-01 7.016000e-03 1.856480e-01
145 8.061520e-01 7.012000e-03 1.868360e-01
146 8.048880e-01 6.968000e-03 1.881440e-01
147 8.037760e-01 6.700000e-03 1.895240e-01
148 8.027640e-01 6.504000e-03 1.907320e-01
149 8.015360e-01 6.624000e-03 1.918400e-01
150 8.003640e-01 6.584000e-03 1.930520e-01
151 7.992200e-01 6.528000e-03 1.942520e-01
152 7.982080e-01 6.300000e-03 1.954920e-01
153 7.972080e-01 6.028000e-03 1.967640e-01
154 7.962640e-01 6.032000e-03 1.977040e-01
155 7.953080e-01 5.912000e-03 1.987800e-01
156 7.943000e-01 5.872000e-03 1.998280e-01
157 7.933280e-01 5.760000e-03 2.009120e-01
158 7.924600e-01 5.612000e-03 2.019280e-01
159 7.916200e-01 5.420000e-03 2.029600e-01
160 7.907800e-01 5.356000e-03 2.038640e-01
161 7.899560e-01 5.268000e-03 2.047760e-01
162 7.891800e-01 5.124000e-03 2.056960e-01
163 7.883040e-01 5.104000e-03 2.065920e-01
164 7.873720e-01 5.200000e-03 2.074280e-01
165 7.865320e-01 5.040000e-03 2.084280e-01
166 7.857680e-01 4.896000e-03 2.093360e-01
167 7.849360e-01 4.904000e-03 2.101600e-01
168 7.840840e-01 4.816000e-03 2.111000e-01
169 7.832440e-01 4.820000e-03 2.119360e-01
170 7.825600e-01 4.620000e-03 2.128200e-01
171 7.818280e-01 4.472000e-03 2.137000e-01
172 7.810880e-01 4.392000e-03 2.145200e-01
173 7.803640e-01 4.368000e-03 2.152680e-01
174 7.797120e-01 4.304000e-03 2.159840e-01
175 7.789480e-01 4.272000e-03 2.167800e-01
176 7.783080e-01 4.080000e-03 2.176120e-01
177 7.776600e-01 4.032000e-03 2.183080e-01
178 7.769400e-01 4.156000e-03 2.189040e-01
179 7.761840e-01 4.232000e-03 2.195840e-01
180 7.754040e-01 4.276000e-03 2.203200e-01
181 7.746160e-01 4.204000e-03 2.211800e-01
182 7.738200e-01 4.252000e-03 2.219280e-01
183 7.731320e-01 4.248000e-03 2.226200e-01
184 7.724480e-01 4.216000e-03 2.233360e-01
185 7.717120e-01 4.304000e-03 2.239840e-01
186 7.709320e-01 4.304000e-03 2.247640e-01
187 7.702040e-01 4.280000e-03 2.255160e-01
188 7.694760e-01 4.192000e-03 2.263320e-01
189 7.687600e-01 4.232000e-03 2.270080e-01
190 7.681040e-01 4.136000e-03 2.277600e-01
191 7.673480e-01 4.244000e-03 2.284080e-01
192 7.664600e-01 4.428000e-03 2.291120e-01
193 7.656840e-01 4.472000e-03 2.298440e-01
194 7.648960e-01 4.532000e-03 2.305720e-01
195 7.641200e-01 4.532000e-03 2.313480e-01
196 7.634440e-01 4.444000e-03 2.321120e-01
197 7.626680e-01 4.404000e-03 2.329280e-01
198 7.618680e-01 4.412000e-03 2.337200e-01
199 7.612200e-01 4.348000e-03 2.344320e-01
200 7.604080e-01 4.536000e-03 2.350560e-01
201 7.595800e-01 4.528000e-03 2.358920e-01
202 7.588680e-01 4.368000e-03 2.367640e-01
203 7.581280e-01 4.320000e-03 2.375520e-01
204 7.573040e-01 4.432000e-03 2.382640e-01
205 7.563680e-01 4.576000e-03 2.390560e-01
206 7.556120e-01 4.468000e-03 2.399200e-01
207 7.548160e-01 4.424000e-03 2.407600e-01
208 7.540440e-01 4.592000e-03 2.413640e-01
209 7.532880e-01 4.560000e-03 2.421520e-01
210 7.524720e-01 4.572000e-03 2.429560e-01
211 7.516080e-01 4.720000e-03 2.436720e-01
212 7.508400e-01 4.660000e-03 2.445000e-01
213 7.499720e-01 4.640000e-03 2.453880e-01
214 7.493600e-01 4.444000e-03 2.461960e-01
215 7.487120e-01 4.276000e-03 2.470120e-01
216 7.479200e-01 4.272000e-03 2.478080e-01
217 7.471480e-01 4.328000e-03 2.485240e-01
218 7.464800e-01 4.224000e-03 2.492960e-01
219 7.458160e-01 4.136000e-03 2.500480e-01
220 7.450880e-01 4.084000e-03 2.508280e-01
221 7.443920e-01 4.092000e-03 2.515160e-01
222 7.437200e-01 4.056000e-03 2.522240e-01
223 7.431040e-01 3.984000e-03 2.529120e-01
224 7.424720e-01 3.988000e-03 2.535400e-01
225 7.417800e-01 3.968000e-03 2.542520e-01
226 7.411280e-01 3.892000e-03 2.549800e-01
227 7.404400e-01 3.908000e-03 2.556520e-01
228 7.397520e-01 3.832000e-03 2.564160e-01
229 7.391320e-01 3.740000e-03 2.571280e-01
230 7.384120e-01 3.828000e-03 2.577600e-01
231 7.377640e-01 3.812000e-03 2.584240e-01
232 7.370760e-01 3.808000e-03 2.591160e-01
233 7.363560e-01 3.748000e-03 2.598960e-01
234 7.357320e-01 3.696000e-03 2.605720e-01
235 7.349920e-01 3.784000e-03 2.612240e-01
236 7.342360e-01 3.972000e-03 2.617920e-01
237 7.335520e-01 4.084000e-03 2.623640e-01
238 7.327560e-01 4.188000e-03 2.630560e-01
239 7.321040e-01 4.088000e-03 2.638080e-01
240 7.313400e-01 4.180000e-03 2.644800e-01
241 7.306320e-01 4.180000e-03 2.651880e-01
242 7.300400e-01 3.984000e-03 2.659760e-01
243 7.293000e-01 4.020000e-03 2.666800e-01
244 7.285040e-01 4.096000e-03 2.674000e-01
245 7.277840e-01 4.072000e-03 2.681440e-01
246 7.271280e-01 4.032000e-03 2.688400e-01
247 7.265600e-01 3.856000e-03 2.695840e-01
248 7.259640e-01 3.752000e-03 2.702840e-01
249 7.254280e-01 3.584000e-03 2.709880e-01
250 7.248080e-01 3.552000e-03 2.716400e-01
251 7.242960e-01 3.472000e-03 2.722320e-01
252 7.238200e-01 3.332000e-03 2.728480e-01
253 7.233760e-01 3.084000e-03 2.735400e-01
254 7.229120e-01 3.052000e-03 2.740360e-01
255 7.224040e-01 3.044000e-03 2.745520e-01
256 7.218320e-01 3.056000e-03 2.751120e-01
257 7.213400e-01 2.960000e-03 2.757000e-01
258 7.207400e-01 3.020000e-03 2.762400e-01
259 7.201520e-01 3.128000e-03 2.767200e-01
260 7.195560e-01 3.200000e-03 2.772440e-01
261 7.190480e-01 3.244000e-03 2.777080e-01
262 7.184640e-01 3.328000e-03 2.782080e-01
263 7.179520e-01 3.268000e-03 2.787800e-01
264 7.174000e-01 3.160000e-03 2.794400e-01
265 7.169680e-01 3.060000e-03 2.799720e-01
266 7.163840e-01 3.052000e-03 2.805640e-01
267 7.158680e-01 3.068000e-03 2.810640e-01
268 7.152280e-01 3.188000e-03 2.815840e-01
269 7.147360e-01 3.152000e-03 2.821120e-01
270 7.141800e-01 3.164000e-03 2.826560e-01
271 7.136960e-01 3.120000e-03 2.831840e-01
272 7.131920e-01 3.112000e-03 2.836960e-01
273 7.125400e-01 3.256000e-03 2.842040e-01
274 7.118920e-01 3.264000e-03 2.848440e-01
275 7.112880e-01 3.292000e-03 2.854200e-01
276 7.107240e-01 3.344000e-03 2.859320e-01
277 7.102320e-01 3.224000e-03 2.865440e-01
278 7.097400e-01 3.112000e-03 2.871480e-01
279 7.091440e-01 3.164000e-03 2.876920e-01
280 7.087320e-01 3.024000e-03 2.882440e-01
281 7.082480e-01 3.016000e-03 2.887360e-01
282 7.077120e-01 3.052000e-03 2.892360e-01
283 7.072560e-01 2.976000e-03 2.897680e-01
284 7.067800e-01 3.012000e-03 2.902080e-01
285 7.063360e-01 2.984000e-03 2.906800e-01
286 7.059280e-01 2.872000e-03 2.912000e-01
287 7.054080e-01 2.900000e-03 2.916920e-01
288 7.048880e-01 2.916000e-03 2.921960e-01
289 7.043720e-01 2.868000e-03 2.927600e-01
290 7.038600e-01 2.848000e-03 2.932920e-01
291 7.033840e-01 2.812000e-03 2.938040e-01
292 7.027520e-01 3.000000e-03 2.942480e-01
293 7.022440e-01 2.960000e-03 2.947960e-01
294 7.017680e-01 2.864000e-03 2.953680e-01
295 7.013000e-01 2.812000e-03 2.958880e-01
296 7.007800e-01 2.800000e-03 2.964200e-01
297 7.003120e-01 2.740000e-03 2.969480e-01
298 6.998400e-01 2.696000e-03 2.974640e-01
299 6.993800e-01 2.700000e-03 2.979200e-01
300 6.989320e-01 2.676000e-03 2.983920e-01
301 6.984360e-01 2.704000e-03 2.988600e-01
302 6.980040e-01 2.620000e-03 2.993760e-01
303 6.975640e-01 2.656000e-03 2.997800e-01
304 6.971280e-01 2.640000e-03 3.002320e-01
305 6.966240e-01 2.712000e-03 3.006640e-01
306 6.960480e-01 2.792000e-03 3.011600e-01
307 6.955320e-01 2.764000e-03 3.017040e-01
308 6.950000e-01 2.744000e-03 3.022560e-01
309 6.944760e-01 2.776000e-03 3.027480e-01
310 6.938920e-01 2.920000e-03 3.031880e-01
311 6.933280e-01 2.956000e-03 3.037160e-01
312 6.928840e-01 2.868000e-03 3.042480e-01
313 6.924120e-01 2.900000e-03 3.046880e-01
314 6.920160e-01 2.764000e-03 3.052200e-01
315 6.914640e-01 2.824000e-03 3.057120e-01
316 6.909680e-01 2.812000e-03 3.062200e-01
317 6.905000e-01 2.788000e-03 3.067120e-01
318 6.900360e-01 2.748000e-03 3.072160e-01
319 6.896000e-01 2.704000e-03 3.076960e-01
320 6.891800e-01 2.692000e-03 3.081280e-01
321 6.888480e-01 2.540000e-03 3.086120e-01
322 6.885240e-01 2.428000e-03 3.090480e-01
323 6.880840e-01 2.388000e-03 3.095280e-01
324 6.876520e-01 2.364000e-03 3.099840e-01
325 6.873040e-01 2.276000e-03 3.104200e-01
326 6.869440e-01 2.272000e-03 3.107840e-01
327 6.865560e-01 2.276000e-03 3.111680e-01
328 6.861440e-01 2.224000e-03 3.116320e-01
329 6.857000e-01 2.308000e-03 3.119920e-01
330 6.853160e-01 2.260000e-03 3.124240e-01
331 6.849480e-01 2.268000e-03 3.127840e-01
332 6.845520e-01 2.284000e-03 3.131640e-01
333 6.841680e-01 2.228000e-03 3.136040e-01
334 6.837880e-01 2.200000e-03 3.140120e-01
335 6.833520e-01 2.224000e-03 3.144240e-01
336 6.829800e-01 2.212000e-03 3.148080e-01
337 6.826200e-01 2.180000e-03 3.152000e-01
338 6.822000e-01 2.244000e-03 3.155560e-01
339 6.817840e-01 2.304000e-03 3.159120e-01
340 6.813480e-01 2.340000e-03 3.163120e-01
341 6.809360e-01 2.336000e-03 3.167280e-01
342 6.805440e-01 2.332000e-03 3.171240e-01
343 6.802080e-01 2.228000e-03 3.175640e-01
344 6.798880e-01 2.132000e-03 3.179800e-01
345 6.796000e-01 2.024000e-03 3.183760e-01
346 6.793120e-01 1.972000e-03 3.187160e-01
347 6.789360e-01 2.024000e-03 3.190400e-01
348 6.784920e-01 2.092000e-03 3.194160e-01
349 6.780640e-01 2.140000e-03 3.197960e-01
350 6.777360e-01 2.080000e-03 3.201840e-01
351 6.773200e-01 2.076000e-03 3.206040e-01
352 6.769840e-01 2.072000e-03 3.209440e-01
353 6.766920e-01 2.008000e-03 3.213000e-01
354 6.764040e-01 1.964000e-03 3.216320e-01
355 6.761200e-01 1.908000e-03 3.219720e-01
356 6.757520e-01 1.908000e-03 3.223400e-01
357 6.754360e-01 1.880000e-03 3.226840e-01
358 6.751120e-01 1.888000e-03 3.230000e-01
359 6.747960e-01 1.920000e-03 3.232840e-01
360 6.745400e-01 1.896000e-03 3.235640e-01
361 6.742440e-01 1.892000e-03 3.238640e-01
362 6.740120e-01 1.788000e-03 3.242000e-01
363 6.737440e-01 1.704000e-03 3.245520e-01
364 6.734960e-01 1.644000e-03 3.248600e-01
365 6.732520e-01 1.600000e-03 3.251480e-01
366 6.729720e-01 1.632000e-03 3.253960e-01
367 6.727160e-01 1.608000e-03 3.256760e-01
368 6.724280e-01 1.588000e-03 3.259840e-01
369 6.721440e-01 1.568000e-03 3.262880e-01
370 6.718800e-01 1.548000e-03 3.265720e-01
371 6.716640e-01 1.460000e-03 3.268760e-01
372 6.715080e-01 1.384000e-03 3.271080e-01
373 6.712560e-01 1.380000e-03 3.273640e-01
374 6.709920e-01 1.448000e-03 3.275600e-01
375 6.707080e-01 1.480000e-03 3.278120e-01
376 6.704120e-01 1.564000e-03 3.280240e-01
377 6.701640e-01 1.512000e-03 3.283240e-01
378 6.698760e-01 1.536000e-03 3.285880e-01
379 6.695800e-01 1.548000e-03 3.288720e-01
380 6.692240e-01 1.656000e-03 3.291200e-01
381 6.689960e-01 1.560000e-03 3.294440e-01
382 6.687880e-01 1.496000e-03 3.297160e-01
383 6.684560e-01 1.572000e-03 3.299720e-01
384 6.681880e-01 1.536000e-03 3.302760e-01
385 6.679760e-01 1.532000e-03 3.304920e-01
386 6.678040e-01 1.436000e-03 3.307600e-01
387 6.675480e-01 1.472000e-03 3.309800e-01
388 6.673240e-01 1.404000e-03 3.312720e-01
389 6.670520e-01 1.428000e-03 3.315200e-01
390 6.667840e-01 1.436000e-03 3.317800e-01
391 6.665640e-01 1.444000e-03 3.319920e-01
392 6.663280e-01 1.404000e-03 3.322680e-01
393 6.661200e-01 1.356000e-03 3.325240e-01
394 6.659240e-01 1.348000e-03 3.327280e-01
395 6.657520e-01 1.284000e-03 3.329640e-01
396 6.656280e-01 1.180000e-03 3.331920e-01
397 6.654800e-01 1.080000e-03 3.334400e-01
398 6.653560e-01 1.012000e-03 3.336320e-01
399 6.652200e-01 9.440000e-04 3.338360e-01
400 6.650680e-01 9.360000e-04 3.339960e-01
401 6.649120e-01 9.320000e-04 3.341560e-01
402 6.647280e-01 1.008000e-03 3.342640e-01
403 6.645680e-01 9.840000e-04 3.344480e-01
404 6.644160e-01 9.560000e-04 3.346280e-01
405 6.642600e-01 9.680000e-04 3.347720e-01
406 6.640360e-01 1.016000e-03 3.349480e-01
407 6.637840e-01 1.040000e-03 3.351760e-01
408 6.636480e-01 1.020000e-03 3.353320e-01
409 6.634400e-01 1.032000e-03 3.355280e-01
410 6.632360e-01 1.048000e-03 3.357160e-01
411 6.629720e-01 1.140000e-03 3.358880e-01
412 6.628440e-01 1.060000e-03 3.360960e-01
413 6.626800e-01 1.108000e-03 3.362120e-01
414 6.625560e-01 1.068000e-03 3.363760e-01
415 6.623680e-01 1.092000e-03 3.365400e-01
416 6.622080e-01 1.076000e-03 3.367160e-01
417 6.620440e-01 1.088000e-03 3.368680e-01
418 6.618720e-01 1.092000e-03 3.370360e-01
419 6.617040e-01 1.068000e-03 3.372280e-01
420 6.615320e-01 1.084000e-03 3.373840e-01
421 6.613640e-01 1.072000e-03 3.375640e-01
422 6.612080e-01 1.076000e-03 3.377160e-01
423 6.610360e-01 1.040000e-03 3.379240e-01
424 6.608840e-01 1.016000e-03 3.381000e-01
425 6.607000e-01 1.012000e-03 3.382880e-01
426 6.605480e-01 1.020000e-03 3.384320e-01
427 6.603600e-01 1.060000e-03 3.385800e-01
428 6.602040e-01 1.036000e-03 3.387600e-01
429 6.600600e-01 1.016000e-03 3.389240e-01
430 6.599520e-01 9.480000e-04 3.391000e-01
431 6.598320e-01 9.160000e-04 3.392520e-01
432 6.597120e-01 9.280000e-04 3.393600e-01
433 6.595320e-01 9.480000e-04 3.395200e-01
434 6.594160e-01 8.600000e-04 3.397240e-01
435 6.593560e-01 8.320000e-04 3.398120e-01
436 6.592400e-01 8.320000e-04 3.399280e-01
437 6.591520e-01 8.000000e-04 3.400480e-01
438 6.589960e-01 8.360000e-04 3.401680e-01
439 6.588760e-01 7.960000e-04 3.403280e-01
440 6.587840e-01 7.120000e-04 3.405040e-01
441 6.586800e-01 6.880000e-04 3.406320e-01
442 6.585800e-01 6.560000e-04 3.407640e-01
443 6.584920e-01 6.320000e-04 3.408760e-01
444 6.583800e-01 6.360000e-04 3.409840e-01
445 6.582320e-01 6.880000e-04 3.410800e-01
446 6.581280e-01 6.960000e-04 3.411760e-01
447 6.580000e-01 7.200000e-04 3.412800e-01
448 6.579040e-01 7.320000e-04 3.413640e-01
449 6.577800e-01 7.320000e-04 3.414880e-01
450 6.576680e-01 6.880000e-04 3.416440e-01
451 6.575280e-01 7.400000e-04 3.417320e-01
452 6.574200e-01 7.200000e-04 3.418600e-01
453 6.573400e-01 6.680000e-04 3.419920e-01
454 6.572480e-01 6.400000e-04 3.421120e-01
455 6.572040e-01 5.880000e-04 3.422080e-01
456 6.571400e-01 5.280000e-04 3.423320e-01
457 6.570640e-01 5.320000e-04 3.424040e-01
458 6.569760e-01 5.320000e-04 3.424920e-01
459 6.569080e-01 5.240000e-04 3.425680e-01
460 6.568520e-01 5.000000e-04 3.426480e-01
461 6.567520e-01 5.280000e-04 3.427200e-01
462 6.566520e-01 5.200000e-04 3.428280e-01
463 6.565600e-01 5.280000e-04 3.429120e-01
464 6.565040e-01 4.720000e-04 3.430240e-01
465 6.564240e-01 4.720000e-04 3.431040e-01
466 6.563560e-01 4.880000e-04 3.431560e-01
467 6.562800e-01 5.080000e-04 3.432120e-01
468 6.562160e-01 5.200000e-04 3.432640e-01
469 6.561640e-01 4.920000e-04 3.433440e-01
470 6.561240e-01 4.600000e-04 3.434160e-01
471 6.560760e-01 4.400000e-04 3.434840e-01
472 6.560240e-01 3.800000e-04 3.435960e-01
473 6.559840e-01 3.560000e-04 3.436600e-01
474 6.559480e-01 3.480000e-04 3.437040e-01
475 6.559080e-01 3.360000e-04 3.437560e-01
476 6.558640e-01 3.240000e-04 3.438120e-01
477 6.558400e-01 3.000000e-04 3.438600e-01
478 6.557720e-01 3.320000e-04 3.438960e-01
479 6.557200e-01 3.200000e-04 3.439600e-01
480 6.556840e-01 3.240000e-04 3.439920e-01
481 6.556240e-01 3.200000e-04 3.440560e-01
482 6.555800e-01 3.120000e-04 3.441080e-01
483 6.555320e-01 3.000000e-04 3.441680e-01
484 6.554800e-01 3.040000e-04 3.442160e-01
485 6.554080e-01 3.160000e-04 3.442760e-01
486 6.553280e-01 3.360000e-04 3.443360e-01
487 6.553080e-01 3.240000e-04 3.443680e-01
488 6.552600e-01 3.080000e-04 3.444320e-01
489 6.552280e-01 2.880000e-04 3.444840e-01
490 6.552000e-01 2.520000e-04 3.445480e-01
491 6.551800e-01 2.240000e-04 3.445960e-01
492 6.551440e-01 2.360000e-04 3.446200e-01
493 6.551000e-01 2.560000e-04 3.446440e-01
494 6.550480e-01 2.800000e-04 3.446720e-01
495 6.550160e-01 2.800000e-04 3.447040e-01
496 6.549720e-01 2.720000e-04 3.447560e-01
497 6.549360e-01 2.640000e-04 3.448000e-01
498 6.548960e-01 2.520000e-04 3.448520e-01
499 6.548760e-01 2.200000e-04 3.449040e-01
500 6.548480e-01 2.160000e-04 3.449360e-01
