1 9.992640e-01 6.560000e-04 8.000000e-05
2 9.987920e-01 9.800000e-04 2.280000e-04
3 9.981680e-01 1.360000e-03 4.720000e-04
4 9.975400e-01 1.772000e-03 6.880000e-04
5 9.967880e-01 2.200000e-03 1.012000e-03
6 9.959880e-01 2.504000e-03 1.508000e-03
7 9.950560e-01 3.000000e-03 1.944000e-03
8 9.941080e-01 3.480000e-03 2.412000e-03
9 9.930640e-01 3.888000e-03 3.048000e-03
10 9.919280e-01 4.376000e-03 3.696000e-03
11 9.906920e-01 4.796000e-03 4.512000e-03
12 9.895760e-01 5.032000e-03 5.392000e-03
13 9.884480e-01 5.260000e-03 6.292000e-03
14 9.871760e-01 5.580000e-03 7.244000e-03
15 9.859040e-01 5.876000e-03 8.220000e-03
16 9.846880e-01 6.028000e-03 9.284000e-03
17 9.834720e-01 6.192000e-03 1.033600e-02
18 9.822200e-01 6.332000e-03 1.144800e-02
19 9.809680e-01 6.544000e-03 1.248800e-02
20 9.797720e-01 6.516000e-03 1.371200e-02
21 9.784520e-01 6.712000e-03 1.483600e-02
22 9.771520e-01 6.808000e-03 1.604000e-02
23 9.757360e-01 6.988000e-03 1.727600e-02
24 9.742800e-01 7.224000e-03 1.849600e-02
25 9.727160e-01 7.492000e-03 1.979200e-02
26 9.711040e-01 7.720000e-03 2.117600e-02
27 9.695880e-01 7.936000e-03 2.247600e-02
28 9.678680e-01 8.248000e-03 2.388400e-02
29 9.661360e-01 8.452000e-03 2.541200e-02
30 9.645480e-01 8.620000e-03 2.683200e-02
31 9.630480e-01 8.672000e-03 2.828000e-02
32 9.615840e-01 8.632000e-03 2.978400e-02
33 9.601600e-01 8.460000e-03 3.138000e-02
34 9.587280e-01 8.352000e-03 3.292000e-02
35 9.572720e-01 8.340000e-03 3.438800e-02
36 9.556880e-01 8.448000e-03 3.586400e-02
37 9.540080e-01 8.680000e-03 3.731200e-02
38 9.522640e-01 8.908000e-03 3.882800e-02
39 9.503200e-01 9.292000e-03 4.038800e-02
40 9.484880e-01 9.516000e-03 4.199600e-02
41 9.465680e-01 9.740000e-03 4.369200e-02
42 9.445240e-01 1.001600e-02 4.546000e-02
43 9.426600e-01 1.020400e-02 4.713600e-02
44 9.404440e-01 1.062000e-02 4.893600e-02
45 9.385440e-01 1.057600e-02 5.088000e-02
46 9.366880e-01 1.046400e-02 5.284800e-02
47 9.347720e-01 1.052000e-02 5.470800e-02
48 9.329760e-01 1.040800e-02 5.661600e-02
49 9.312960e-01 1.023200e-02 5.847200e-02
50 9.293920e-01 1.024000e-02 6.036800e-02
51 9.277000e-01 1.020400e-02 6.209600e-02
52 9.259320e-01 1.014800e-02 6.392000e-02
53 9.240800e-01 1.017200e-02 6.574800e-02
54 9.221880e-01 1.039200e-02 6.742000e-02
55 9.202080e-01 1.060800e-02 6.918400e-02
56 9.182320e-01 1.069200e-02 7.107600e-02
57 9.162800e-01 1.079200e-02 7.292800e-02
58 9.142160e-01 1.106800e-02 7.471600e-02
59 9.125040e-01 1.086800e-02 7.662800e-02
60 9.105400e-01 1.085200e-02 7.860800e-02
61 9.087120e-01 1.070800e-02 8.058000e-02
62 9.069600e-01 1.064800e-02 8.239200e-02
63 9.049960e-01 1.070800e-02 8.429600e-02
64 9.028360e-01 1.083200e-02 8.633200e-02
65 9.008520e-01 1.085200e-02 8.829600e-02
66 8.988160e-01 1.113600e-02 9.004800e-02
67 8.967840e-01 1.107600e-02 9.214000e-02
68 8.946360e-01 1.140400e-02 9.396000e-02
69 8.925400e-01 1.167200e-02 9.578800e-02
70 8.904680e-01 1.148800e-02 9.804400e-02
71 8.884520e-01 1.140800e-02 1.001400e-01
72 8.865080e-01 1.134000e-02 1.021520e-01
73 8.846440e-01 1.124400e-02 1.041120e-01
74 8.827120e-01 1.124800e-02 1.060400e-01
75 8.807680e-01 1.121200e-02 1.080200e-01
76 8.788640e-01 1.126000e-02 1.098760e-01
77 8.770360e-01 1.113200e-02 1.118320e-01
78 8.750760e-01 1.110000e-02 1.138240e-01
79 8.731320e-01 1.113600e-02 1.157320e-01
80 8.712640e-01 1.104400e-02 1.176920e-01
81 8.692760e-01 1.101200e-02 1.197120e-01
82 8.674880e-01 1.082000e-02 1.216920e-01
83 8.655040e-01 1.090800e-02 1.235880e-01
84 8.635440e-01 1.098400e-02 1.254720e-01
85 8.614840e-01 1.114000e-02 1.273760e-01
86 8.594800e-01 1.142400e-02 1.290960e-01
87 8.575240e-01 1.129600e-02 1.311800e-01
88 8.556040e-01 1.138400e-02 1.330120e-01
89 8.536360e-01 1.141200e-02 1.349520e-01
90 8.515480e-01 1.143200e-02 1.370200e-01
91 8.496080e-01 1.136800e-02 1.390240e-01
92 8.475800e-01 1.158400e-02 1.408360e-01
93 8.455520e-01 1.166000e-02 1.427880e-01
94 8.433400e-01 1.176400e-02 1.448960e-01
95 8.410840e-01 1.199200e-02 1.469240e-01
96 8.389320e-01 1.203600e-02 1.490320e-01
97 8.367560e-01 1.206800e-02 1.511760e-01
98 8.345840e-01 1.210800e-02 1.533080e-01
99 8.326440e-01 1.195600e-02 1.554000e-01
100 8.305440e-01 1.200800e-02 1.574480e-01
101 8.286200e-01 1.172800e-02 1.596520e-01
102 8.266280e-01 1.172000e-02 1.616520e-01
103 8.245080e-01 1.195600e-02 1.635360e-01
104 8.224800e-01 1.186800e-02 1.656520e-01
105 8.203840e-01 1.209600e-02 1.675200e-01
106 8.184080e-01 1.195600e-02 1.696360e-01
107 8.164000e-01 1.186400e-02 1.717360e-01
108 8.144720e-01 1.166400e-02 1.738640e-01
109 8.125600e-01 1.158800e-02 1.758520e-01
110 8.106760e-01 1.149600e-02 1.778280e-01
111 8.088000e-01 1.128000e-02 1.799200e-01
112 8.069720e-01 1.107600e-02 1.819520e-01
113 8.051480e-01 1.097600e-02 1.838760e-01
114 8.032080e-01 1.094400e-02 1.858480e-01
115 8.013440e-01 1.091200e-02 1.877440e-01
116 7.993560e-01 1.100800e-02 1.896360e-01
117 7.976040e-01 1.082800e-02 1.915680e-01
118 7.958760e-01 1.061600e-02 1.935080e-01
119 7.941560e-01 1.048000e-02 1.953640e-01
120 7.924400e-01 1.030400e-02 1.972560e-01
121 7.906000e-01 1.029600e-02 1.991040e-01
122 7.888160e-01 1.014000e-02 2.010440e-01
123 7.869560e-01 1.020000e-02 2.028440e-01
124 7.851240e-01 1.008000e-02 2.047960e-01
125 7.833680e-01 1.014000e-02 2.064920e-01
126 7.814240e-01 1.026000e-02 2.083160e-01
127 7.796200e-01 1.023200e-02 2.101480e-01
128 7.777280e-01 1.046800e-02 2.118040e-01
129 7.757440e-01 1.051200e-02 2.137440e-01
130 7.738080e-01 1.059200e-02 2.156000e-01
131 7.719760e-01 1.054000e-02 2.174840e-01
132 7.702120e-01 1.046400e-02 2.193240e-01
133 7.684320e-01 1.043200e-02 2.211360e-01
134 7.666600e-01 1.030800e-02 2.230320e-01
135 7.649440e-01 1.022800e-02 2.248280e-01
136 7.632440e-01 1.015600e-02 2.266000e-01
137 7.616360e-01 1.008800e-02 2.282760e-01
138 7.598200e-01 1.013200e-02 2.300480e-01
139 7.580280e-01 1.017600e-02 2.317960e-01
140 7.563360e-01 9.980000e-03 2.336840e-01
141 7.545480e-01 1.018000e-02 2.352720e-01
142 7.528040e-01 1.017200e-02 2.370240e-01
143 7.511720e-01 9.988000e-03 2.388400e-01
144 7.493680e-01 1.014400e-02 2.404880e-01
145 7.476320e-01 1.014800e-02 2.422200e-01
146 7.458400e-01 1.016000e-02 2.440000e-01
147 7.441960e-01 1.006000e-02 2.457440e-01
148 7.426320e-01 9.836000e-03 2.475320e-01
149 7.410120e-01 9.820000e-03 2.491680e-01
150 7.394720e-01 9.744000e-03 2.507840e-01
151 7.378680e-01 9.728000e-03 2.524040e-01
152 7.363680e-01 9.552000e-03 2.540800e-01
153 7.348360e-01 9.352000e-03 2.558120e-01
154 7.331920e-01 9.484000e-03 2.573240e-01
155 7.317400e-01 9.308000e-03 2.589520e-01
156 7.300600e-01 9.384000e-03 2.605560e-01
157 7.284520e-01 9.360000e-03 2.621880e-01
158 7.268280e-01 9.228000e-03 2.639440e-01
159 7.253640e-01 8.988000e-03 2.656480e-01
160 7.238640e-01 8.848000e-03 2.672880e-01
161 7.223600e-01 8.848000e-03 2.687920e-01
162 7.209000e-01 8.944000e-03 2.701560e-01
163 7.193240e-01 8.920000e-03 2.717560e-01
164 7.178640e-01 8.844000e-03 2.732920e-01
165 7.164760e-01 8.728000e-03 2.747960e-01
166 7.149920e-01 8.604000e-03 2.764040e-01
167 7.136240e-01 8.436000e-03 2.779400e-01
168 7.122720e-01 8.340000e-03 2.793880e-01
169 7.109600e-01 8.260000e-03 2.807800e-01
170 7.097040e-01 8.052000e-03 2.822440e-01
171 7.083240e-01 8.112000e-03 2.835640e-01
172 7.070480e-01 7.984000e-03 2.849680e-01
173 7.057360e-01 7.844000e-03 2.864200e-01
174 7.044680e-01 7.724000e-03 2.878080e-01
175 7.033960e-01 7.456000e-03 2.891480e-01
176 7.021880e-01 7.200000e-03 2.906120e-01
177 7.009880e-01 7.136000e-03 2.918760e-01
178 6.999040e-01 6.948000e-03 2.931480e-01
179 6.987360e-01 6.892000e-03 2.943720e-01
180 6.976560e-01 6.856000e-03 2.954880e-01
181 6.965760e-01 6.692000e-03 2.967320e-01
182 6.955280e-01 6.500000e-03 2.979720e-01
183 6.944560e-01 6.432000e-03 2.991120e-01
184 6.934880e-01 6.272000e-03 3.002400e-01
185 6.924480e-01 6.252000e-03 3.013000e-01
186 6.914920e-01 6.112000e-03 3.023960e-01
187 6.904360e-01 6.056000e-03 3.035080e-01
188 6.894400e-01 6.052000e-03 3.045080e-01
189 6.884960e-01 5.900000e-03 3.056040e-01
190 6.875320e-01 5.816000e-03 3.066520e-01
191 6.866480e-01 5.672000e-03 3.076800e-01
192 6.856240e-01 5.752000e-03 3.086240e-01
193 6.846640e-01 5.672000e-03 3.096640e-01
194 6.837280e-01 5.560000e-03 3.107120e-01
195 6.826880e-01 5.676000e-03 3.116360e-01
196 6.817880e-01 5.528000e-03 3.126840e-01
197 6.809600e-01 5.408000e-03 3.136320e-01
198 6.800760e-01 5.316000e-03 3.146080e-01
199 6.792600e-01 5.304000e-03 3.154360e-01
200 6.784400e-01 5.276000e-03 3.162840e-01
201 6.775800e-01 5.172000e-03 3.172480e-01
202 6.765720e-01 5.324000e-03 3.181040e-01
203 6.756880e-01 5.276000e-03 3.190360e-01
204 6.747440e-01 5.300000e-03 3.199560e-01
205 6.738760e-01 5.252000e-03 3.208720e-01
206 6.730160e-01 5.172000e-03 3.218120e-01
207 6.722040e-01 4.984000e-03 3.228120e-01
208 6.714120e-01 4.980000e-03 3.236080e-01
209 6.705680e-01 4.992000e-03 3.244400e-01
210 6.697120e-01 4.952000e-03 3.253360e-01
211 6.689760e-01 4.760000e-03 3.262640e-01
212 6.682960e-01 4.560000e-03 3.271440e-01
213 6.675560e-01 4.528000e-03 3.279160e-01
214 6.668400e-01 4.512000e-03 3.286480e-01
215 6.660480e-01 4.628000e-03 3.293240e-01
216 6.653360e-01 4.452000e-03 3.302120e-01
217 6.646400e-01 4.460000e-03 3.309000e-01
218 6.639440e-01 4.412000e-03 3.316440e-01
219 6.632040e-01 4.312000e-03 3.324840e-01
220 6.625240e-01 4.296000e-03 3.331800e-01
221 6.617560e-01 4.376000e-03 3.338680e-01
222 6.611000e-01 4.216000e-03 3.346840e-01
223 6.604040e-01 4.124000e-03 3.354720e-01
224 6.596800e-01 4.192000e-03 3.361280e-01
225 6.588720e-01 4.348000e-03 3.367800e-01
226 6.581360e-01 4.292000e-03 3.375720e-01
227 6.574040e-01 4.236000e-03 3.383600e-01
228 6.566120e-01 4.308000e-03 3.390800e-01
229 6.558600e-01 4.280000e-03 3.398600e-01
230 6.552440e-01 4.272000e-03 3.404840e-01
231 6.545640e-01 4.248000e-03 3.411880e-01
232 6.539120e-01 4.200000e-03 3.418880e-01
233 6.532680e-01 4.088000e-03 3.426440e-01
234 6.524880e-01 4.120000e-03 3.433920e-01
235 6.517000e-01 4.240000e-03 3.440600e-01
236 6.508160e-01 4.360000e-03 3.448240e-01
237 6.501360e-01 4.224000e-03 3.456400e-01
238 6.493880e-01 4.228000e-03 3.463840e-01
239 6.486760e-01 4.116000e-03 3.472080e-01
240 6.479200e-01 4.172000e-03 3.479080e-01
241 6.472000e-01 4.188000e-03 3.486120e-01
242 6.464240e-01 4.232000e-03 3.493440e-01
243 6.457040e-01 4.228000e-03 3.500680e-01
244 6.449800e-01 4.180000e-03 3.508400e-01
245 6.441280e-01 4.260000e-03 3.516120e-01
246 6.433160e-01 4.244000e-03 3.524400e-01
247 6.425360e-01 4.304000e-03 3.531600e-01
248 6.418360e-01 4.264000e-03 3.539000e-01
249 6.411760e-01 4.300000e-03 3.545240e-01
250 6.403520e-01 4.360000e-03 3.552880e-01
251 6.396880e-01 4.268000e-03 3.560440e-01
252 6.389960e-01 4.268000e-03 3.567360e-01
253 6.383560e-01 4.200000e-03 3.574440e-01
254 6.377000e-01 4.208000e-03 3.580920e-01
255 6.370880e-01 4.048000e-03 3.588640e-01
256 6.363840e-01 4.056000e-03 3.595600e-01
257 6.356360e-01 4.092000e-03 3.602720e-01
258 6.350000e-01 4.004000e-03 3.609960e-01
259 6.342840e-01 3.992000e-03 3.617240e-01
260 6.335920e-01 4.012000e-03 3.623960e-01
261 6.329000e-01 3.980000e-03 3.631200e-01
262 6.321840e-01 3.992000e-03 3.638240e-01
263 6.315320e-01 3.956000e-03 3.645120e-01
264 6.307920e-01 4.036000e-03 3.651720e-01
265 6.300600e-01 4.148000e-03 3.657920e-01
266 6.292960e-01 4.220000e-03 3.664840e-01
267 6.285680e-01 4.264000e-03 3.671680e-01
268 6.279760e-01 4.108000e-03 3.679160e-01
269 6.273200e-01 4.052000e-03 3.686280e-01
270 6.265880e-01 4.040000e-03 3.693720e-01
271 6.258480e-01 4.076000e-03 3.700760e-01
272 6.251560e-01 4.112000e-03 3.707320e-01
273 6.244400e-01 4.156000e-03 3.714040e-01
274 6.237000e-01 4.108000e-03 3.721920e-01
275 6.229720e-01 4.208000e-03 3.728200e-01
276 6.222400e-01 4.212000e-03 3.735480e-01
277 6.215280e-01 4.244000e-03 3.742280e-01
278 6.207240e-01 4.340000e-03 3.749360e-01
279 6.198800e-01 4.408000e-03 3.757120e-01
280 6.191800e-01 4.300000e-03 3.765200e-01
281 6.184680e-01 4.212000e-03 3.773200e-01
282 6.178160e-01 4.160000e-03 3.780240e-01
283 6.171400e-01 4.060000e-03 3.788000e-01
284 6.165000e-01 3.996000e-03 3.795040e-01
285 6.158880e-01 3.932000e-03 3.801800e-01
286 6.152720e-01 3.880000e-03 3.808480e-01
287 6.145840e-01 3.932000e-03 3.814840e-01
288 6.138800e-01 3.936000e-03 3.821840e-01
289 6.132360e-01 3.892000e-03 3.828720e-01
290 6.127040e-01 3.828000e-03 3.834680e-01
291 6.121280e-01 3.748000e-03 3.841240e-01
292 6.116200e-01 3.628000e-03 3.847520e-01
293 6.111680e-01 3.504000e-03 3.853280e-01
294 6.106840e-01 3.364000e-03 3.859520e-01
295 6.101240e-01 3.276000e-03 3.866000e-01
296 6.096720e-01 3.268000e-03 3.870600e-01
297 6.091480e-01 3.192000e-03 3.876600e-01
298 6.086920e-01 3.164000e-03 3.881440e-01
299 6.082560e-01 3.008000e-03 3.887360e-01
300 6.077600e-01 3.028000e-03 3.892120e-01
301 6.072840e-01 2.896000e-03 3.898200e-01
302 6.068960e-01 2.804000e-03 3.903000e-01
303 6.064760e-01 2.760000e-03 3.907640e-01
304 6.060920e-01 2.628000e-03 3.912800e-01
305 6.057800e-01 2.488000e-03 3.917320e-01
306 6.054040e-01 2.424000e-03 3.921720e-01
307 6.050320e-01 2.384000e-03 3.925840e-01
308 6.046600e-01 2.356000e-03 3.929840e-01
309 6.043320e-01 2.216000e-03 3.934520e-01
310 6.040400e-01 2.056000e-03 3.939040e-01
311 6.037920e-01 1.956000e-03 3.942520e-01
312 6.034960e-01 1.952000e-03 3.945520e-01
313 6.031440e-01 1.984000e-03 3.948720e-01
314 6.028240e-01 1.924000e-03 3.952520e-01
315 6.024680e-01 1.936000e-03 3.955960e-01
316 6.021160e-01 1.984000e-03 3.959000e-01
317 6.017960e-01 1.968000e-03 3.962360e-01
318 6.015600e-01 1.848000e-03 3.965920e-01
319 6.012840e-01 1.776000e-03 3.969400e-01
320 6.009280e-01 1.832000e-03 3.972400e-01
321 6.006280e-01 1.808000e-03 3.975640e-01
322 6.003200e-01 1.780000e-03 3.979000e-01
323 5.999960e-01 1.776000e-03 3.982280e-01
324 5.996800e-01 1.756000e-03 3.985640e-01
325 5.993960e-01 1.740000e-03 3.988640e-01
326 5.990920e-01 1.712000e-03 3.991960e-01
327 5.987760e-01 1.788000e-03 3.994360e-01
328 5.984960e-01 1.732000e-03 3.997720e-01
329 5.982080e-01 1.680000e-03 4.001120e-01
330 5.979160e-01 1.692000e-03 4.003920e-01
331 5.976720e-01 1.692000e-03 4.006360e-01
332 5.974600e-01 1.568000e-03 4.009720e-01
333 5.972280e-01 1.528000e-03 4.012440e-01
334 5.969720e-01 1.540000e-03 4.014880e-01
335 5.967160e-01 1.516000e-03 4.017680e-01
336 5.964160e-01 1.536000e-03 4.020480e-01
337 5.961560e-01 1.580000e-03 4.022640e-01
338 5.959280e-01 1.564000e-03 4.025080e-01
339 5.956440e-01 1.624000e-03 4.027320e-01
340 5.953760e-01 1.632000e-03 4.029920e-01
341 5.951360e-01 1.640000e-03 4.032240e-01
342 5.948440e-01 1.596000e-03 4.035600e-01
343 5.944600e-01 1.752000e-03 4.037880e-01
344 5.941200e-01 1.780000e-03 4.041000e-01
345 5.938240e-01 1.752000e-03 4.044240e-01
346 5.935240e-01 1.744000e-03 4.047320e-01
347 5.932040e-01 1.776000e-03 4.050200e-01
348 5.928760e-01 1.776000e-03 4.053480e-01
349 5.926320e-01 1.688000e-03 4.056800e-01
350 5.923000e-01 1.736000e-03 4.059640e-01
351 5.919680e-01 1.752000e-03 4.062800e-01
352 5.917080e-01 1.684000e-03 4.066080e-01
353 5.915040e-01 1.596000e-03 4.069000e-01
354 5.912760e-01 1.536000e-03 4.071880e-01
355 5.909920e-01 1.532000e-03 4.074760e-01
356 5.907400e-01 1.520000e-03 4.077400e-01
357 5.905080e-01 1.464000e-03 4.080280e-01
358 5.903040e-01 1.328000e-03 4.083680e-01
359 5.900600e-01 1.332000e-03 4.086080e-01
360 5.898320e-01 1.344000e-03 4.088240e-01
361 5.895480e-01 1.424000e-03 4.090280e-01
362 5.892960e-01 1.428000e-03 4.092760e-01
363 5.890720e-01 1.400000e-03 4.095280e-01
364 5.888360e-01 1.364000e-03 4.098000e-01
365 5.886680e-01 1.220000e-03 4.101120e-01
366 5.884480e-01 1.244000e-03 4.103080e-01
367 5.882520e-01 1.224000e-03 4.105240e-01
368 5.880360e-01 1.280000e-03 4.106840e-01
369 5.877880e-01 1.324000e-03 4.108880e-01
370 5.876200e-01 1.276000e-03 4.111040e-01
371 5.873920e-01 1.232000e-03 4.113760e-01
372 5.871760e-01 1.220000e-03 4.116040e-01
373 5.869600e-01 1.264000e-03 4.117760e-01
374 5.867800e-01 1.240000e-03 4.119800e-01
375 5.865840e-01 1.256000e-03 4.121600e-01
376 5.864040e-01 1.236000e-03 4.123600e-01
377 5.862400e-01 1.172000e-03 4.125880e-01
378 5.860320e-01 1.148000e-03 4.128200e-01
379 5.858480e-01 1.152000e-03 4.130000e-01
380 5.856520e-01 1.168000e-03 4.131800e-01
381 5.854560e-01 1.180000e-03 4.133640e-01
382 5.853240e-01 1.136000e-03 4.135400e-01
383 5.851680e-01 1.084000e-03 4.137480e-01
384 5.850400e-01 1.004000e-03 4.139560e-01
385 5.848840e-01 9.720000e-04 4.141440e-01
386 5.846840e-01 1.020000e-03 4.142960e-01
387 5.845480e-01 9.640000e-04 4.144880e-01
388 5.843840e-01 9.080000e-04 4.147080e-01
389 5.841760e-01 9.840000e-04 4.148400e-01
390 5.840200e-01 9.840000e-04 4.149960e-01
391 5.838600e-01 9.760000e-04 4.151640e-01
392 5.837000e-01 1.012000e-03 4.152880e-01
393 5.835120e-01 1.044000e-03 4.154440e-01
394 5.833680e-01 1.028000e-03 4.156040e-01
395 5.831440e-01 1.056000e-03 4.158000e-01
396 5.829400e-01 1.060000e-03 4.160000e-01
397 5.828280e-01 9.600000e-04 4.162120e-01
398 5.826880e-01 9.480000e-04 4.163640e-01
399 5.825080e-01 9.560000e-04 4.165360e-01
400 5.823960e-01 8.280000e-04 4.167760e-01
401 5.822640e-01 7.800000e-04 4.169560e-01
402 5.821120e-01 7.720000e-04 4.171160e-01
403 5.819720e-01 7.600000e-04 4.172680e-01
404 5.818560e-01 7.520000e-04 4.173920e-01
405 5.817480e-01 7.440000e-04 4.175080e-01
406 5.816520e-01 7.040000e-04 4.176440e-01
407 5.815920e-01 6.680000e-04 4.177400e-01
408 5.814600e-01 6.520000e-04 4.178880e-01
409 5.813560e-01 6.400000e-04 4.180040e-01
410 5.812720e-01 6.320000e-04 4.180960e-01
411 5.811600e-01 6.400000e-04 4.182000e-01
412 5.810520e-01 6.320000e-04 4.183160e-01
413 5.809320e-01 6.480000e-04 4.184200e-01
414 5.808000e-01 6.520000e-04 4.185480e-01
415 5.806880e-01 6.480000e-04 4.186640e-01
416 5.805800e-01 6.600000e-04 4.187600e-01
417 5.804920e-01 6.200000e-04 4.188880e-01
418 5.803600e-01 6.960000e-04 4.189440e-01
419 5.802320e-01 7.040000e-04 4.190640e-01
420 5.801080e-01 6.960000e-04 4.191960e-01
421 5.799960e-01 7.040000e-04 4.193000e-01
422 5.799120e-01 6.720000e-04 4.194160e-01
423 5.797840e-01 6.520000e-04 4.195640e-01
424 5.796880e-01 6.040000e-04 4.197080e-01
425 5.796000e-01 5.600000e-04 4.198400e-01
426 5.795040e-01 5.600000e-04 4.199360e-01
427 5.793920e-01 5.440000e-04 4.200640e-01
428 5.792840e-01 5.560000e-04 4.201600e-01
429 5.791920e-01 5.640000e-04 4.202440e-01
430 5.791320e-01 5.040000e-04 4.203640e-01
431 5.790480e-01 5.080000e-04 4.204440e-01
432 5.789480e-01 5.120000e-04 4.205400e-01
433 5.788960e-01 4.680000e-04 4.206360e-01
434 5.788360e-01 4.560000e-04 4.207080e-01
435 5.787560e-01 4.600000e-04 4.207840e-01
436 5.786600e-01 4.400000e-04 4.209000e-01
437 5.785520e-01 4.800000e-04 4.209680e-01
438 5.784640e-01 4.880000e-04 4.210480e-01
439 5.783680e-01 5.080000e-04 4.211240e-01
440 5.783040e-01 4.760000e-04 4.212200e-01
441 5.782120e-01 4.920000e-04 4.212960e-01
442 5.780840e-01 5.440000e-04 4.213720e-01
443 5.779760e-01 5.480000e-04 4.214760e-01
444 5.778800e-01 5.680000e-04 4.215520e-01
445 5.778200e-01 5.400000e-04 4.216400e-01
446 5.777480e-01 4.960000e-04 4.217560e-01
447 5.776280e-01 5.400000e-04 4.218320e-01
448 5.775120e-01 5.920000e-04 4.218960e-01
449 5.773800e-01 6.440000e-04 4.219760e-01
450 5.772880e-01 6.480000e-04 4.220640e-01
451 5.771560e-01 7.000000e-04 4.221440e-01
452 5.769720e-01 7.960000e-04 4.222320e-01
453 5.768680e-01 7.880000e-04 4.223440e-01
454 5.766960e-01 8.360000e-04 4.224680e-01
455 5.765920e-01 8.000000e-04 4.226080e-01
456 5.764960e-01 7.840000e-04 4.227200e-01
457 5.764160e-01 7.720000e-04 4.228120e-01
458 5.763520e-01 7.000000e-04 4.229480e-01
459 5.762760e-01 6.480000e-04 4.230760e-01
460 5.762160e-01 6.120000e-04 4.231720e-01
461 5.761120e-01 6.160000e-04 4.232720e-01
462 5.760320e-01 5.720000e-04 4.233960e-01
463 5.759720e-01 5.440000e-04 4.234840e-01
464 5.759160e-01 4.920000e-04 4.235920e-01
465 5.758480e-01 4.680000e-04 4.236840e-01
466 5.757720e-01 4.800000e-04 4.237480e-01
467 5.757240e-01 4.320000e-04 4.238440e-01
468 5.756200e-01 4.600000e-04 4.239200e-01
469 5.755440e-01 4.760000e-04 4.239800e-01
470 5.754920e-01 4.680000e-04 4.240400e-01
471 5.753960e-01 4.720000e-04 4.241320e-01
472 5.753160e-01 4.680000e-04 4.242160e-01
473 5.752080e-01 4.920000e-04 4.243000e-01
474 5.751240e-01 4.760000e-04 4.244000e-01
475 5.750400e-01 4.880000e-04 4.244720e-01
476 5.749400e-01 5.120000e-04 4.245480e-01
477 5.748600e-01 4.960000e-04 4.246440e-01
478 5.747720e-01 4.240000e-04 4.248040e-01
479 5.746920e-01 4.200000e-04 4.248880e-01
480 5.746400e-01 3.880000e-04 4.249720e-01
481 5.745760e-01 4.160000e-04 4.250080e-01
482 5.745440e-01 3.680000e-04 4.250880e-01
483 5.744960e-01 3.680000e-04 4.251360e-01
484 5.744520e-01 3.400000e-04 4.252080e-01
485 5.743640e-01 3.680000e-04 4.252680e-01
486 5.743000e-01 3.680000e-04 4.253320e-01
487 5.742240e-01 3.600000e-04 4.254160e-01
488 5.741440e-01 3.840000e-04 4.254720e-01
489 5.740560e-01 4.400000e-04 4.255040e-01
490 5.740040e-01 4.200000e-04 4.255760e-01
491 5.739600e-01 4.000000e-04 4.256400e-01
492 5.739280e-01 3.760000e-04 4.256960e-01
493 5.739080e-01 3.360000e-04 4.257560e-01
494 5.738560e-01 3.280000e-04 4.258160e-01
495 5.738440e-01 2.720000e-04 4.258840e-01
496 5.738360e-01 2.440000e-04 4.259200e-01
497 5.738200e-01 2.200000e-04 4.259600e-01
498 5.738040e-01 1.960000e-04 4.260000e-01
499 5.737760e-01 1.920000e-04 4.260320e-01
500 5.737480e-01 1.800000e-04 4.260720e-01
