1 9.991720e-01 7.240000e-04 1.040000e-04
2 9.986520e-01 1.056000e-03 2.920000e-04
3 9.980080e-01 1.488000e-03 5.040000e-04
4 9.972920e-01 1.908000e-03 8.000000e-04
5 9.965160e-01 2.356000e-03 1.128000e-03
6 9.956320e-01 2.684000e-03 1.684000e-03
7 9.948000e-01 3.000000e-03 2.200000e-03
8 9.938200e-01 3.476000e-03 2.704000e-03
9 9.929080e-01 3.776000e-03 3.316000e-03
10 9.919840e-01 4.028000e-03 3.988000e-03
11 9.909800e-01 4.352000e-03 4.668000e-03
12 9.899920e-01 4.592000e-03 5.416000e-03
13 9.889680e-01 4.844000e-03 6.188000e-03
14 9.877920e-01 5.248000e-03 6.960000e-03
15 9.866720e-01 5.508000e-03 7.820000e-03
16 9.854400e-01 5.800000e-03 8.760000e-03
17 9.842640e-01 5.912000e-03 9.824000e-03
18 9.831800e-01 5.984000e-03 1.083600e-02
19 9.819960e-01 6.028000e-03 1.197600e-02
20 9.808360e-01 6.040000e-03 1.312400e-02
21 9.796080e-01 6.184000e-03 1.420800e-02
22 9.784200e-01 6.308000e-03 1.527200e-02
23 9.772320e-01 6.384000e-03 1.638400e-02
24 9.759200e-01 6.556000e-03 1.752400e-02
25 9.745720e-01 6.716000e-03 1.871200e-02
26 9.731840e-01 6.904000e-03 1.991200e-02
27 9.718440e-01 7.040000e-03 2.111600e-02
28 9.705640e-01 7.148000e-03 2.228800e-02
29 9.690880e-01 7.352000e-03 2.356000e-02
30 9.675120e-01 7.612000e-03 2.487600e-02
31 9.661040e-01 7.620000e-03 2.627600e-02
32 9.646960e-01 7.688000e-03 2.761600e-02
33 9.632280e-01 7.716000e-03 2.905600e-02
34 9.617920e-01 7.704000e-03 3.050400e-02
35 9.602680e-01 7.772000e-03 3.196000e-02
36 9.588240e-01 7.968000e-03 3.320800e-02
37 9.573760e-01 8.076000e-03 3.454800e-02
38 9.559480e-01 8.212000e-03 3.584000e-02
39 9.545200e-01 8.248000e-03 3.723200e-02
40 9.531080e-01 8.232000e-03 3.866000e-02
41 9.517160e-01 8.108000e-03 4.017600e-02
42 9.502040e-01 8.244000e-03 4.155200e-02
43 9.488280e-01 8.192000e-03 4.298000e-02
44 9.474600e-01 8.164000e-03 4.437600e-02
45 9.460360e-01 8.128000e-03 4.583600e-02
46 9.447600e-01 7.964000e-03 4.727600e-02
47 9.434760e-01 7.812000e-03 4.871200e-02
48 9.418720e-01 7.964000e-03 5.016400e-02
49 9.405280e-01 7.936000e-03 5.153600e-02
50 9.389600e-01 8.048000e-03 5.299200e-02
51 9.373280e-01 8.152000e-03 5.452000e-02
52 9.359160e-01 8.172000e-03 5.591200e-02
53 9.344200e-01 8.220000e-03 5.736000e-02
54 9.329080e-01 8.224000e-03 5.886800e-02
55 9.312800e-01 8.328000e-03 6.039200e-02
56 9.297160e-01 8.568000e-03 6.171600e-02
57 9.280920e-01 8.748000e-03 6.316000e-02
58 9.264160e-01 8.912000e-03 6.467200e-02
59 9.247080e-01 9.104000e-03 6.618800e-02
60 9.230560e-01 9.260000e-03 6.768400e-02
61 9.214200e-01 9.280000e-03 6.930000e-02
62 9.198200e-01 9.340000e-03 7.084000e-02
63 9.180280e-01 9.280000e-03 7.269200e-02
64 9.163040e-01 9.252000e-03 7.444400e-02
65 9.147640e-01 9.160000e-03 7.607600e-02
66 9.132440e-01 9.088000e-03 7.766800e-02
67 9.118840e-01 8.840000e-03 7.927600e-02
68 9.105280e-01 8.720000e-03 8.075200e-02
69 9.089680e-01 8.784000e-03 8.224800e-02
70 9.075520e-01 8.708000e-03 8.374000e-02
71 9.060080e-01 8.776000e-03 8.521600e-02
72 9.045960e-01 8.572000e-03 8.683200e-02
73 9.031800e-01 8.520000e-03 8.830000e-02
74 9.015920e-01 8.664000e-03 8.974400e-02
75 9.001120e-01 8.712000e-03 9.117600e-02
76 8.985200e-01 8.664000e-03 9.281600e-02
77 8.971840e-01 8.552000e-03 9.426400e-02
78 8.957960e-01 8.460000e-03 9.574400e-02
79 8.943040e-01 8.552000e-03 9.714400e-02
80 8.926200e-01 8.680000e-03 9.870000e-02
81 8.909800e-01 8.832000e-03 1.001880e-01
82 8.892880e-01 8.972000e-03 1.017400e-01
83 8.877960e-01 8.924000e-03 1.032800e-01
84 8.863280e-01 8.868000e-03 1.048040e-01
85 8.848200e-01 8.872000e-03 1.063080e-01
86 8.833720e-01 8.748000e-03 1.078800e-01
87 8.818520e-01 8.636000e-03 1.095120e-01
88 8.803680e-01 8.504000e-03 1.111280e-01
89 8.789200e-01 8.440000e-03 1.126400e-01
90 8.775600e-01 8.336000e-03 1.141040e-01
91 8.760480e-01 8.364000e-03 1.155880e-01
92 8.745520e-01 8.224000e-03 1.172240e-01
93 8.730680e-01 8.408000e-03 1.185240e-01
94 8.717560e-01 8.296000e-03 1.199480e-01
95 8.702120e-01 8.188000e-03 1.216000e-01
96 8.686520e-01 8.336000e-03 1.230120e-01
97 8.674240e-01 8.080000e-03 1.244960e-01
98 8.662160e-01 7.784000e-03 1.260000e-01
99 8.651040e-01 7.552000e-03 1.273440e-01
100 8.639920e-01 7.400000e-03 1.286080e-01
101 8.627840e-01 7.232000e-03 1.299840e-01
102 8.615760e-01 7.236000e-03 1.311880e-01
103 8.602000e-01 7.392000e-03 1.324080e-01
104 8.589320e-01 7.396000e-03 1.336720e-01
105 8.577840e-01 7.188000e-03 1.350280e-01
106 8.564320e-01 7.272000e-03 1.362960e-01
107 8.550720e-01 7.356000e-03 1.375720e-01
108 8.538320e-01 7.200000e-03 1.389680e-01
109 8.525440e-01 7.248000e-03 1.402080e-01
110 8.513240e-01 7.296000e-03 1.413800e-01
111 8.500800e-01 7.276000e-03 1.426440e-01
112 8.487600e-01 7.280000e-03 1.439600e-01
113 8.475120e-01 7.228000e-03 1.452600e-01
114 8.461880e-01 7.344000e-03 1.464680e-01
115 8.449560e-01 7.372000e-03 1.476720e-01
116 8.436720e-01 7.268000e-03 1.490600e-01
117 8.424600e-01 7.220000e-03 1.503200e-01
118 8.412160e-01 7.136000e-03 1.516480e-01
119 8.400120e-01 7.108000e-03 1.528800e-01
120 8.388240e-01 7.180000e-03 1.539960e-01
121 8.374960e-01 7.372000e-03 1.551320e-01
122 8.361600e-01 7.420000e-03 1.564200e-01
123 8.348640e-01 7.320000e-03 1.578160e-01
124 8.336040e-01 7.080000e-03 1.593160e-01
125 8.323200e-01 7.004000e-03 1.606760e-01
126 8.310520e-01 6.976000e-03 1.619720e-01
127 8.298880e-01 6.896000e-03 1.632160e-01
128 8.287640e-01 6.748000e-03 1.644880e-01
129 8.274640e-01 6.860000e-03 1.656760e-01
130 8.264000e-01 6.704000e-03 1.668960e-01
131 8.252840e-01 6.720000e-03 1.679960e-01
132 8.240880e-01 6.656000e-03 1.692560e-01
133 8.230440e-01 6.500000e-03 1.704560e-01
134 8.219280e-01 6.436000e-03 1.716360e-01
135 8.209200e-01 6.372000e-03 1.727080e-01
136 8.198800e-01 6.336000e-03 1.737840e-01
137 8.187840e-01 6.420000e-03 1.747960e-01
138 8.177200e-01 6.448000e-03 1.758320e-01
139 8.167040e-01 6.440000e-03 1.768560e-01
140 8.156920e-01 6.320000e-03 1.779880e-01
141 8.146360e-01 6.344000e-03 1.790200e-01
142 8.134600e-01 6.332000e-03 1.802080e-01
143 8.124440e-01 6.292000e-03 1.812640e-01
144 8.114120e-01 6.044000e-03 1.825440e-01
145 8.102960e-01 6.144000e-03 1.835600e-01
146 8.092280e-01 6.200000e-03 1.845720e-01
147 8.082040e-01 6.136000e-03 1.856600e-01
148 8.070720e-01 6.204000e-03 1.867240e-01
149 8.060400e-01 6.212000e-03 1.877480e-01
150 8.050360e-01 6.056000e-03 1.889080e-01
151 8.041400e-01 6.060000e-03 1.898000e-01
152 8.032120e-01 5.816000e-03 1.909720e-01
153 8.023840e-01 5.596000e-03 1.920200e-01
154 8.015400e-01 5.420000e-03 1.930400e-01
155 8.006080e-01 5.328000e-03 1.940640e-01
156 7.996560e-01 5.320000e-03 1.950240e-01
157 7.987600e-01 5.280000e-03 1.959600e-01
158 7.979440e-01 5.184000e-03 1.968720e-01
159 7.970440e-01 5.136000e-03 1.978200e-01
160 7.963360e-01 4.960000e-03 1.987040e-01
161 7.954880e-01 4.960000e-03 1.995520e-01
162 7.946440e-01 4.916000e-03 2.004400e-01
163 7.936440e-01 5.064000e-03 2.012920e-01
164 7.926960e-01 5.064000e-03 2.022400e-01
165 7.919600e-01 4.860000e-03 2.031800e-01
166 7.911920e-01 4.700000e-03 2.041080e-01
167 7.903920e-01 4.788000e-03 2.048200e-01
168 7.895440e-01 4.792000e-03 2.056640e-01
169 7.887520e-01 4.820000e-03 2.064280e-01
170 7.880080e-01 4.832000e-03 2.071600e-01
171 7.870960e-01 4.888000e-03 2.080160e-01
172 7.862360e-01 4.840000e-03 2.089240e-01
173 7.853520e-01 4.792000e-03 2.098560e-01
174 7.845920e-01 4.776000e-03 2.106320e-01
175 7.838040e-01 4.664000e-03 2.115320e-01
176 7.830640e-01 4.564000e-03 2.123720e-01
177 7.823120e-01 4.452000e-03 2.132360e-01
178 7.815440e-01 4.340000e-03 2.141160e-01
179 7.807920e-01 4.316000e-03 2.148920e-01
180 7.801240e-01 4.348000e-03 2.155280e-01
181 7.793480e-01 4.288000e-03 2.163640e-01
182 7.786400e-01 4.296000e-03 2.170640e-01
183 7.779240e-01 4.340000e-03 2.177360e-01
184 7.772000e-01 4.276000e-03 2.185240e-01
185 7.762720e-01 4.468000e-03 2.192600e-01
186 7.754240e-01 4.572000e-03 2.200040e-01
187 7.744760e-01 4.788000e-03 2.207360e-01
188 7.736440e-01 4.732000e-03 2.216240e-01
189 7.730080e-01 4.476000e-03 2.225160e-01
190 7.722960e-01 4.444000e-03 2.232600e-01
191 7.715800e-01 4.448000e-03 2.239720e-01
192 7.708920e-01 4.308000e-03 2.248000e-01
193 7.702880e-01 4.112000e-03 2.256000e-01
194 7.695120e-01 4.220000e-03 2.262680e-01
195 7.687760e-01 4.160000e-03 2.270640e-01
196 7.680720e-01 4.092000e-03 2.278360e-01
197 7.675000e-01 3.980000e-03 2.285200e-01
198 7.667520e-01 3.972000e-03 2.292760e-01
199 7.659800e-01 4.044000e-03 2.299760e-01
200 7.654200e-01 3.900000e-03 2.306800e-01
201 7.647360e-01 3.856000e-03 2.314080e-01
202 7.640480e-01 3.900000e-03 2.320520e-01
203 7.633960e-01 3.884000e-03 2.327200e-01
204 7.627680e-01 3.808000e-03 2.334240e-01
205 7.620920e-01 3.848000e-03 2.340600e-01
206 7.615360e-01 3.716000e-03 2.347480e-01
207 7.609480e-01 3.628000e-03 2.354240e-01
208 7.603360e-01 3.636000e-03 2.360280e-01
209 7.596000e-01 3.756000e-03 2.366440e-01
210 7.589760e-01 3.744000e-03 2.372800e-01
211 7.583920e-01 3.664000e-03 2.379440e-01
212 7.577240e-01 3.740000e-03 2.385360e-01
213 7.571600e-01 3.696000e-03 2.391440e-01
214 7.565520e-01 3.680000e-03 2.397680e-01
215 7.559320e-01 3.644000e-03 2.404240e-01
216 7.553680e-01 3.628000e-03 2.410040e-01
217 7.547480e-01 3.516000e-03 2.417360e-01
218 7.540680e-01 3.584000e-03 2.423480e-01
219 7.533480e-01 3.708000e-03 2.429440e-01
220 7.526800e-01 3.760000e-03 2.435600e-01
221 7.520280e-01 3.720000e-03 2.442520e-01
222 7.513520e-01 3.740000e-03 2.449080e-01
223 7.506320e-01 3.832000e-03 2.455360e-01
224 7.499600e-01 3.788000e-03 2.462520e-01
225 7.491680e-01 3.928000e-03 2.469040e-01
226 7.483520e-01 4.036000e-03 2.476120e-01
227 7.475880e-01 4.200000e-03 2.482120e-01
228 7.467240e-01 4.256000e-03 2.490200e-01
229 7.459560e-01 4.284000e-03 2.497600e-01
230 7.452360e-01 4.292000e-03 2.504720e-01
231 7.445280e-01 4.268000e-03 2.512040e-01
232 7.436600e-01 4.384000e-03 2.519560e-01
233 7.429720e-01 4.328000e-03 2.527000e-01
234 7.422080e-01 4.428000e-03 2.533640e-01
235 7.414560e-01 4.404000e-03 2.541400e-01
236 7.406800e-01 4.384000e-03 2.549360e-01
237 7.399720e-01 4.252000e-03 2.557760e-01
238 7.393240e-01 4.204000e-03 2.564720e-01
239 7.385640e-01 4.252000e-03 2.571840e-01
240 7.377960e-01 4.324000e-03 2.578800e-01
241 7.370960e-01 4.216000e-03 2.586880e-01
242 7.363640e-01 4.124000e-03 2.595120e-01
243 7.356800e-01 4.144000e-03 2.601760e-01
244 7.350240e-01 4.108000e-03 2.608680e-01
245 7.343080e-01 4.128000e-03 2.615640e-01
246 7.335520e-01 4.160000e-03 2.622880e-01
247 7.328880e-01 4.084000e-03 2.630280e-01
248 7.322400e-01 4.092000e-03 2.636680e-01
249 7.315200e-01 4.128000e-03 2.643520e-01
250 7.307120e-01 4.216000e-03 2.650720e-01
251 7.298880e-01 4.252000e-03 2.658600e-01
252 7.291560e-01 4.196000e-03 2.666480e-01
253 7.284200e-01 4.224000e-03 2.673560e-01
254 7.278880e-01 4.044000e-03 2.680680e-01
255 7.272360e-01 3.992000e-03 2.687720e-01
256 7.266360e-01 3.928000e-03 2.694360e-01
257 7.259000e-01 4.044000e-03 2.700560e-01
258 7.252480e-01 3.936000e-03 2.708160e-01
259 7.246800e-01 3.816000e-03 2.715040e-01
260 7.241560e-01 3.776000e-03 2.720680e-01
261 7.235720e-01 3.756000e-03 2.726720e-01
262 7.228400e-01 3.848000e-03 2.733120e-01
263 7.222560e-01 3.740000e-03 2.740040e-01
264 7.215560e-01 3.720000e-03 2.747240e-01
265 7.209000e-01 3.768000e-03 2.753320e-01
266 7.201760e-01 3.844000e-03 2.759800e-01
267 7.195240e-01 3.852000e-03 2.766240e-01
268 7.188760e-01 3.880000e-03 2.772440e-01
269 7.182800e-01 3.776000e-03 2.779440e-01
270 7.175920e-01 3.780000e-03 2.786280e-01
271 7.169040e-01 3.744000e-03 2.793520e-01
272 7.163160e-01 3.692000e-03 2.799920e-01
273 7.156480e-01 3.652000e-03 2.807000e-01
274 7.151280e-01 3.536000e-03 2.813360e-01
275 7.146280e-01 3.412000e-03 2.819600e-01
276 7.140280e-01 3.452000e-03 2.825200e-01
277 7.135040e-01 3.396000e-03 2.831000e-01
278 7.129240e-01 3.372000e-03 2.837040e-01
279 7.123600e-01 3.300000e-03 2.843400e-01
280 7.118200e-01 3.252000e-03 2.849280e-01
281 7.112960e-01 3.312000e-03 2.853920e-01
282 7.106840e-01 3.324000e-03 2.859920e-01
283 7.101240e-01 3.324000e-03 2.865520e-01
284 7.096080e-01 3.200000e-03 2.871920e-01
285 7.089760e-01 3.264000e-03 2.877600e-01
286 7.084120e-01 3.292000e-03 2.882960e-01
287 7.078560e-01 3.292000e-03 2.888520e-01
288 7.073080e-01 3.232000e-03 2.894600e-01
289 7.066960e-01 3.300000e-03 2.900040e-01
290 7.060440e-01 3.236000e-03 2.907200e-01
291 7.054200e-01 3.292000e-03 2.912880e-01
292 7.047160e-01 3.448000e-03 2.918360e-01
293 7.040840e-01 3.436000e-03 2.924800e-01
294 7.034240e-01 3.508000e-03 2.930680e-01
295 7.027360e-01 3.564000e-03 2.937000e-01
296 7.019880e-01 3.680000e-03 2.943320e-01
297 7.013840e-01 3.616000e-03 2.950000e-01
298 7.007400e-01 3.588000e-03 2.956720e-01
299 7.001760e-01 3.504000e-03 2.963200e-01
300 6.996600e-01 3.388000e-03 2.969520e-01
301 6.991320e-01 3.356000e-03 2.975120e-01
302 6.985840e-01 3.244000e-03 2.981720e-01
303 6.980920e-01 3.156000e-03 2.987520e-01
304 6.975280e-01 3.200000e-03 2.992720e-01
305 6.970320e-01 3.120000e-03 2.998480e-01
306 6.965640e-01 3.072000e-03 3.003640e-01
307 6.960880e-01 3.032000e-03 3.008800e-01
308 6.955760e-01 2.984000e-03 3.014400e-01
309 6.951320e-01 2.944000e-03 3.019240e-01
310 6.947000e-01 2.904000e-03 3.023960e-01
311 6.942200e-01 2.824000e-03 3.029560e-01
312 6.937680e-01 2.848000e-03 3.033840e-01
313 6.933440e-01 2.776000e-03 3.038800e-01
314 6.928880e-01 2.776000e-03 3.043360e-01
315 6.923040e-01 2.952000e-03 3.047440e-01
316 6.918120e-01 2.916000e-03 3.052720e-01
317 6.913800e-01 2.892000e-03 3.057280e-01
318 6.908720e-01 2.920000e-03 3.062080e-01
319 6.904160e-01 2.808000e-03 3.067760e-01
320 6.900040e-01 2.804000e-03 3.071920e-01
321 6.895200e-01 2.756000e-03 3.077240e-01
322 6.890280e-01 2.724000e-03 3.082480e-01
323 6.886000e-01 2.664000e-03 3.087360e-01
324 6.881720e-01 2.688000e-03 3.091400e-01
325 6.877520e-01 2.632000e-03 3.096160e-01
326 6.872120e-01 2.620000e-03 3.101680e-01
327 6.867360e-01 2.624000e-03 3.106400e-01
328 6.862280e-01 2.640000e-03 3.111320e-01
329 6.856560e-01 2.736000e-03 3.116080e-01
330 6.851160e-01 2.788000e-03 3.120960e-01
331 6.846200e-01 2.740000e-03 3.126400e-01
332 6.841360e-01 2.784000e-03 3.130800e-01
333 6.836600e-01 2.724000e-03 3.136160e-01
334 6.831040e-01 2.728000e-03 3.141680e-01
335 6.826320e-01 2.764000e-03 3.146040e-01
336 6.821120e-01 2.864000e-03 3.150240e-01
337 6.816280e-01 2.836000e-03 3.155360e-01
338 6.811880e-01 2.792000e-03 3.160200e-01
339 6.807480e-01 2.708000e-03 3.165440e-01
340 6.802600e-01 2.736000e-03 3.170040e-01
341 6.797440e-01 2.780000e-03 3.174760e-01
342 6.792600e-01 2.816000e-03 3.179240e-01
343 6.786720e-01 2.940000e-03 3.183880e-01
344 6.781920e-01 2.920000e-03 3.188880e-01
345 6.776880e-01 2.856000e-03 3.194560e-01
346 6.772120e-01 2.804000e-03 3.199840e-01
347 6.767960e-01 2.624000e-03 3.205800e-01
348 6.763040e-01 2.676000e-03 3.210200e-01
349 6.759160e-01 2.620000e-03 3.214640e-01
350 6.753880e-01 2.688000e-03 3.219240e-01
351 6.749720e-01 2.608000e-03 3.224200e-01
352 6.746000e-01 2.464000e-03 3.229360e-01
353 6.741880e-01 2.476000e-03 3.233360e-01
354 6.736760e-01 2.544000e-03 3.237800e-01
355 6.732280e-01 2.488000e-03 3.242840e-01
356 6.727480e-01 2.508000e-03 3.247440e-01
357 6.722400e-01 2.584000e-03 3.251760e-01
358 6.717800e-01 2.536000e-03 3.256840e-01
359 6.713120e-01 2.580000e-03 3.261080e-01
360 6.708200e-01 2.564000e-03 3.266160e-01
361 6.703600e-01 2.604000e-03 3.270360e-01
362 6.698960e-01 2.648000e-03 3.274560e-01
363 6.694880e-01 2.636000e-03 3.278760e-01
364 6.689800e-01 2.708000e-03 3.283120e-01
365 6.685600e-01 2.708000e-03 3.287320e-01
366 6.681520e-01 2.668000e-03 3.291800e-01
367 6.676800e-01 2.628000e-03 3.296920e-01
368 6.673320e-01 2.512000e-03 3.301560e-01
369 6.669000e-01 2.420000e-03 3.306800e-01
370 6.665600e-01 2.344000e-03 3.310960e-01
371 6.662120e-01 2.196000e-03 3.315920e-01
372 6.659480e-01 2.060000e-03 3.319920e-01
373 6.656520e-01 2.012000e-03 3.323360e-01
374 6.653360e-01 1.944000e-03 3.327200e-01
375 6.649680e-01 1.992000e-03 3.330400e-01
376 6.646600e-01 1.984000e-03 3.333560e-01
377 6.642160e-01 2.088000e-03 3.336960e-01
378 6.638960e-01 2.016000e-03 3.340880e-01
379 6.636120e-01 1.948000e-03 3.344400e-01
380 6.632600e-01 1.896000e-03 3.348440e-01
381 6.629400e-01 1.884000e-03 3.351760e-01
382 6.625480e-01 1.960000e-03 3.354920e-01
383 6.622240e-01 1.864000e-03 3.359120e-01
384 6.618760e-01 1.872000e-03 3.362520e-01
385 6.615880e-01 1.792000e-03 3.366200e-01
386 6.611960e-01 1.868000e-03 3.369360e-01
387 6.608000e-01 1.948000e-03 3.372520e-01
388 6.604480e-01 1.964000e-03 3.375880e-01
389 6.600200e-01 2.060000e-03 3.379200e-01
390 6.597040e-01 1.960000e-03 3.383360e-01
391 6.593880e-01 1.916000e-03 3.386960e-01
392 6.590720e-01 1.876000e-03 3.390520e-01
393 6.587880e-01 1.832000e-03 3.393800e-01
394 6.585080e-01 1.756000e-03 3.397360e-01
395 6.582280e-01 1.736000e-03 3.400360e-01
396 6.579000e-01 1.792000e-03 3.403080e-01
397 6.576520e-01 1.692000e-03 3.406560e-01
398 6.574280e-01 1.632000e-03 3.409400e-01
399 6.570720e-01 1.696000e-03 3.412320e-01
400 6.567120e-01 1.748000e-03 3.415400e-01
401 6.564000e-01 1.780000e-03 3.418200e-01
402 6.562160e-01 1.632000e-03 3.421520e-01
403 6.560240e-01 1.532000e-03 3.424440e-01
404 6.558240e-01 1.488000e-03 3.426880e-01
405 6.556160e-01 1.468000e-03 3.429160e-01
406 6.554160e-01 1.452000e-03 3.431320e-01
407 6.552000e-01 1.368000e-03 3.434320e-01
408 6.549400e-01 1.384000e-03 3.436760e-01
409 6.545800e-01 1.480000e-03 3.439400e-01
410 6.542200e-01 1.572000e-03 3.442080e-01
411 6.538600e-01 1.672000e-03 3.444680e-01
412 6.536000e-01 1.568000e-03 3.448320e-01
413 6.533560e-01 1.548000e-03 3.450960e-01
414 6.530560e-01 1.600000e-03 3.453440e-01
415 6.527400e-01 1.688000e-03 3.455720e-01
416 6.524920e-01 1.604000e-03 3.459040e-01
417 6.522720e-01 1.524000e-03 3.462040e-01
418 6.520400e-01 1.500000e-03 3.464600e-01
419 6.517960e-01 1.436000e-03 3.467680e-01
420 6.515520e-01 1.488000e-03 3.469600e-01
421 6.513160e-01 1.488000e-03 3.471960e-01
422 6.510720e-01 1.508000e-03 3.474200e-01
423 6.508000e-01 1.492000e-03 3.477080e-01
424 6.505080e-01 1.500000e-03 3.479920e-01
425 6.502440e-01 1.496000e-03 3.482600e-01
426 6.499880e-01 1.436000e-03 3.485760e-01
427 6.497480e-01 1.412000e-03 3.488400e-01
428 6.494680e-01 1.428000e-03 3.491040e-01
429 6.491760e-01 1.500000e-03 3.493240e-01
430 6.488360e-01 1.496000e-03 3.496680e-01
431 6.485200e-01 1.500000e-03 3.499800e-01
432 6.481840e-01 1.556000e-03 3.502600e-01
433 6.478000e-01 1.632000e-03 3.505680e-01
434 6.475400e-01 1.648000e-03 3.508120e-01
435 6.472760e-01 1.644000e-03 3.510800e-01
436 6.469720e-01 1.632000e-03 3.513960e-01
437 6.466760e-01 1.664000e-03 3.516600e-01
438 6.464120e-01 1.652000e-03 3.519360e-01
439 6.461120e-01 1.632000e-03 3.522560e-01
440 6.458200e-01 1.636000e-03 3.525440e-01
441 6.456040e-01 1.564000e-03 3.528320e-01
442 6.453240e-01 1.616000e-03 3.530600e-01
443 6.451480e-01 1.544000e-03 3.533080e-01
444 6.448760e-01 1.564000e-03 3.535600e-01
445 6.446000e-01 1.588000e-03 3.538120e-01
446 6.443400e-01 1.600000e-03 3.540600e-01
447 6.440560e-01 1.552000e-03 3.543920e-01
448 6.437800e-01 1.500000e-03 3.547200e-01
449 6.434320e-01 1.552000e-03 3.550160e-01
450 6.432080e-01 1.552000e-03 3.552400e-01
451 6.429600e-01 1.504000e-03 3.555360e-01
452 6.427200e-01 1.460000e-03 3.558200e-01
453 6.424960e-01 1.380000e-03 3.561240e-01
454 6.423000e-01 1.376000e-03 3.563240e-01
455 6.420240e-01 1.384000e-03 3.565920e-01
456 6.417680e-01 1.416000e-03 3.568160e-01
457 6.415120e-01 1.432000e-03 3.570560e-01
458 6.413000e-01 1.380000e-03 3.573200e-01
459 6.410680e-01 1.312000e-03 3.576200e-01
460 6.408840e-01 1.252000e-03 3.578640e-01
461 6.406360e-01 1.280000e-03 3.580840e-01
462 6.404000e-01 1.264000e-03 3.583360e-01
463 6.401800e-01 1.244000e-03 3.585760e-01
464 6.399680e-01 1.228000e-03 3.588040e-01
465 6.397960e-01 1.196000e-03 3.590080e-01
466 6.395360e-01 1.260000e-03 3.592040e-01
467 6.393080e-01 1.312000e-03 3.593800e-01
468 6.390840e-01 1.264000e-03 3.596520e-01
469 6.388320e-01 1.312000e-03 3.598560e-01
470 6.386400e-01 1.292000e-03 3.600680e-01
471 6.384600e-01 1.180000e-03 3.603600e-01
472 6.382560e-01 1.180000e-03 3.605640e-01
473 6.380600e-01 1.152000e-03 3.607880e-01
474 6.378080e-01 1.228000e-03 3.609640e-01
475 6.375920e-01 1.176000e-03 3.612320e-01
476 6.373920e-01 1.204000e-03 3.614040e-01
477 6.371880e-01 1.244000e-03 3.615680e-01
478 6.369720e-01 1.232000e-03 3.617960e-01
479 6.368240e-01 1.176000e-03 3.620000e-01
480 6.366720e-01 1.116000e-03 3.622120e-01
481 6.365120e-01 1.088000e-03 3.624000e-01
482 6.363560e-01 1.056000e-03 3.625880e-01
483 6.361640e-01 1.080000e-03 3.627560e-01
484 6.360000e-01 1.068000e-03 3.629320e-01
485 6.358200e-01 1.108000e-03 3.630720e-01
486 6.356120e-01 1.080000e-03 3.633080e-01
487 6.354360e-01 1.088000e-03 3.634760e-01
488 6.352400e-01 1.112000e-03 3.636480e-01
489 6.351040e-01 1.064000e-03 3.638320e-01
490 6.349080e-01 1.104000e-03 3.639880e-01
491 6.347120e-01 1.100000e-03 3.641880e-01
492 6.345240e-01 1.096000e-03 3.643800e-01
493 6.343560e-01 1.088000e-03 3.645560e-01
494 6.342000e-01 1.076000e-03 3.647240e-01
495 6.340920e-01 1.008000e-03 3.649000e-01
496 6.339640e-01 9.840000e-04 3.650520e-01
497 6.338720e-01 9.280000e-04 3.652000e-01
498 6.337640e-01 8.920000e-04 3.653440e-01
499 6.336560e-01 8.360000e-04 3.655080e-01
500 6.335400e-01 8.280000e-04 3.656320e-01
