1 9.992040e-01 6.960000e-04 1.000000e-04
2 9.986560e-01 1.076000e-03 2.680000e-04
3 9.980320e-01 1.468000e-03 5.000000e-04
4 9.974000e-01 1.872000e-03 7.280000e-04
5 9.965560e-01 2.320000e-03 1.124000e-03
6 9.954960e-01 2.900000e-03 1.604000e-03
7 9.944640e-01 3.408000e-03 2.128000e-03
8 9.934400e-01 3.760000e-03 2.800000e-03
9 9.924120e-01 4.120000e-03 3.468000e-03
10 9.913480e-01 4.492000e-03 4.160000e-03
11 9.902200e-01 4.832000e-03 4.948000e-03
12 9.891280e-01 5.068000e-03 5.804000e-03
13 9.879400e-01 5.404000e-03 6.656000e-03
14 9.867360e-01 5.676000e-03 7.588000e-03
15 9.854120e-01 6.004000e-03 8.584000e-03
16 9.841280e-01 6.160000e-03 9.712000e-03
17 9.827760e-01 6.332000e-03 1.089200e-02
18 9.813000e-01 6.620000e-03 1.208000e-02
19 9.798240e-01 6.964000e-03 1.321200e-02
20 9.784280e-01 7.076000e-03 1.449600e-02
21 9.770560e-01 7.112000e-03 1.583200e-02
22 9.755280e-01 7.488000e-03 1.698400e-02
23 9.741320e-01 7.548000e-03 1.832000e-02
24 9.725480e-01 7.684000e-03 1.976800e-02
25 9.710240e-01 7.964000e-03 2.101200e-02
26 9.696640e-01 7.996000e-03 2.234000e-02
27 9.680840e-01 8.232000e-03 2.368400e-02
28 9.666520e-01 8.264000e-03 2.508400e-02
29 9.652360e-01 8.232000e-03 2.653200e-02
30 9.637600e-01 8.292000e-03 2.794800e-02
31 9.623360e-01 8.300000e-03 2.936400e-02
32 9.609480e-01 8.180000e-03 3.087200e-02
33 9.596120e-01 7.984000e-03 3.240400e-02
34 9.580920e-01 8.060000e-03 3.384800e-02
35 9.566480e-01 8.112000e-03 3.524000e-02
36 9.551600e-01 8.100000e-03 3.674000e-02
37 9.536360e-01 8.224000e-03 3.814000e-02
38 9.520200e-01 8.452000e-03 3.952800e-02
39 9.505600e-01 8.400000e-03 4.104000e-02
40 9.491280e-01 8.300000e-03 4.257200e-02
41 9.475640e-01 8.292000e-03 4.414400e-02
42 9.460720e-01 8.220000e-03 4.570800e-02
43 9.447280e-01 8.076000e-03 4.719600e-02
44 9.433240e-01 8.040000e-03 4.863600e-02
45 9.417400e-01 8.164000e-03 5.009600e-02
46 9.402480e-01 8.204000e-03 5.154800e-02
47 9.386480e-01 8.300000e-03 5.305200e-02
48 9.370480e-01 8.480000e-03 5.447200e-02
49 9.356080e-01 8.376000e-03 5.601600e-02
50 9.341760e-01 8.360000e-03 5.746400e-02
51 9.327520e-01 8.280000e-03 5.896800e-02
52 9.313560e-01 8.280000e-03 6.036400e-02
53 9.299320e-01 8.340000e-03 6.172800e-02
54 9.284040e-01 8.412000e-03 6.318400e-02
55 9.268480e-01 8.472000e-03 6.468000e-02
56 9.254640e-01 8.340000e-03 6.619600e-02
57 9.240840e-01 8.200000e-03 6.771600e-02
58 9.226440e-01 8.180000e-03 6.917600e-02
59 9.212320e-01 8.092000e-03 7.067600e-02
60 9.198680e-01 8.116000e-03 7.201600e-02
61 9.184200e-01 8.148000e-03 7.343200e-02
62 9.169440e-01 8.260000e-03 7.479600e-02
63 9.155120e-01 8.160000e-03 7.632800e-02
64 9.139000e-01 8.380000e-03 7.772000e-02
65 9.122880e-01 8.556000e-03 7.915600e-02
66 9.107040e-01 8.544000e-03 8.075200e-02
67 9.090480e-01 8.756000e-03 8.219600e-02
68 9.073320e-01 8.904000e-03 8.376400e-02
69 9.057800e-01 8.808000e-03 8.541200e-02
70 9.041760e-01 8.736000e-03 8.708800e-02
71 9.025000e-01 8.964000e-03 8.853600e-02
72 9.009000e-01 9.040000e-03 9.006000e-02
73 8.992920e-01 9.124000e-03 9.158400e-02
74 8.976920e-01 9.196000e-03 9.311200e-02
75 8.961160e-01 9.092000e-03 9.479200e-02
76 8.943440e-01 9.384000e-03 9.627200e-02
77 8.924360e-01 9.556000e-03 9.800800e-02
78 8.906720e-01 9.636000e-03 9.969200e-02
79 8.889760e-01 9.716000e-03 1.013080e-01
80 8.871880e-01 9.784000e-03 1.030280e-01
81 8.855760e-01 9.568000e-03 1.048560e-01
82 8.839320e-01 9.496000e-03 1.065720e-01
83 8.824240e-01 9.408000e-03 1.081680e-01
84 8.807920e-01 9.432000e-03 1.097760e-01
85 8.793440e-01 9.176000e-03 1.114800e-01
86 8.778640e-01 9.040000e-03 1.130960e-01
87 8.763400e-01 8.976000e-03 1.146840e-01
88 8.747000e-01 9.040000e-03 1.162600e-01
89 8.730320e-01 9.060000e-03 1.179080e-01
90 8.715240e-01 9.036000e-03 1.194400e-01
91 8.698760e-01 9.136000e-03 1.209880e-01
92 8.684200e-01 9.032000e-03 1.225480e-01
93 8.667760e-01 9.204000e-03 1.240200e-01
94 8.653520e-01 9.076000e-03 1.255720e-01
95 8.638960e-01 8.956000e-03 1.271480e-01
96 8.624040e-01 8.796000e-03 1.288000e-01
97 8.610040e-01 8.628000e-03 1.303680e-01
98 8.596560e-01 8.500000e-03 1.318440e-01
99 8.582760e-01 8.464000e-03 1.332600e-01
100 8.568160e-01 8.452000e-03 1.347320e-01
101 8.552920e-01 8.556000e-03 1.361520e-01
102 8.536600e-01 8.668000e-03 1.376720e-01
103 8.521920e-01 8.564000e-03 1.392440e-01
104 8.507400e-01 8.532000e-03 1.407280e-01
105 8.491680e-01 8.480000e-03 1.423520e-01
106 8.477080e-01 8.468000e-03 1.438240e-01
107 8.462200e-01 8.380000e-03 1.454000e-01
108 8.448080e-01 8.404000e-03 1.467880e-01
109 8.433360e-01 8.368000e-03 1.482960e-01
110 8.418640e-01 8.452000e-03 1.496840e-01
111 8.405560e-01 8.196000e-03 1.512480e-01
112 8.392440e-01 8.092000e-03 1.526640e-01
113 8.380600e-01 7.888000e-03 1.540520e-01
114 8.367400e-01 7.768000e-03 1.554920e-01
115 8.352800e-01 7.852000e-03 1.568680e-01
116 8.339280e-01 7.848000e-03 1.582240e-01
117 8.325520e-01 7.712000e-03 1.597360e-01
118 8.311680e-01 7.660000e-03 1.611720e-01
119 8.296560e-01 7.836000e-03 1.625080e-01
120 8.282200e-01 7.888000e-03 1.638920e-01
121 8.268600e-01 7.892000e-03 1.652480e-01
122 8.255400e-01 7.856000e-03 1.666040e-01
123 8.240960e-01 7.888000e-03 1.680160e-01
124 8.228560e-01 7.720000e-03 1.694240e-01
125 8.213680e-01 7.924000e-03 1.707080e-01
126 8.200240e-01 8.004000e-03 1.719720e-01
127 8.186720e-01 7.924000e-03 1.734040e-01
128 8.174040e-01 8.012000e-03 1.745840e-01
129 8.159600e-01 8.056000e-03 1.759840e-01
130 8.147080e-01 7.968000e-03 1.773240e-01
131 8.132600e-01 7.988000e-03 1.787520e-01
132 8.118800e-01 8.000000e-03 1.801200e-01
133 8.104600e-01 8.008000e-03 1.815320e-01
134 8.090160e-01 7.980000e-03 1.830040e-01
135 8.076240e-01 7.812000e-03 1.845640e-01
136 8.061560e-01 8.072000e-03 1.857720e-01
137 8.047680e-01 8.084000e-03 1.871480e-01
138 8.033680e-01 8.100000e-03 1.885320e-01
139 8.020120e-01 8.032000e-03 1.899560e-01
140 8.006520e-01 8.000000e-03 1.913480e-01
141 7.993400e-01 7.904000e-03 1.927560e-01
142 7.979880e-01 7.980000e-03 1.940320e-01
143 7.966800e-01 7.852000e-03 1.954680e-01
144 7.952800e-01 7.860000e-03 1.968600e-01
145 7.937640e-01 7.988000e-03 1.982480e-01
146 7.923560e-01 8.072000e-03 1.995720e-01
147 7.909400e-01 8.116000e-03 2.009440e-01
148 7.892960e-01 8.292000e-03 2.024120e-01
149 7.877120e-01 8.544000e-03 2.037440e-01
150 7.862760e-01 8.564000e-03 2.051600e-01
151 7.849280e-01 8.312000e-03 2.067600e-01
152 7.835120e-01 8.268000e-03 2.082200e-01
153 7.820040e-01 8.288000e-03 2.097080e-01
154 7.804200e-01 8.368000e-03 2.112120e-01
155 7.787440e-01 8.688000e-03 2.125680e-01
156 7.773000e-01 8.624000e-03 2.140760e-01
157 7.757200e-01 8.664000e-03 2.156160e-01
158 7.741800e-01 8.692000e-03 2.171280e-01
159 7.727120e-01 8.508000e-03 2.187800e-01
160 7.712880e-01 8.444000e-03 2.202680e-01
161 7.699360e-01 8.224000e-03 2.218400e-01
162 7.684960e-01 8.148000e-03 2.233560e-01
163 7.673960e-01 7.784000e-03 2.248200e-01
164 7.661400e-01 7.656000e-03 2.262040e-01
165 7.647320e-01 7.664000e-03 2.276040e-01
166 7.636120e-01 7.476000e-03 2.289120e-01
167 7.623560e-01 7.372000e-03 2.302720e-01
168 7.611520e-01 7.468000e-03 2.313800e-01
169 7.599880e-01 7.356000e-03 2.326560e-01
170 7.587520e-01 7.312000e-03 2.339360e-01
171 7.575120e-01 7.316000e-03 2.351720e-01
172 7.561040e-01 7.484000e-03 2.364120e-01
173 7.548360e-01 7.360000e-03 2.378040e-01
174 7.536920e-01 7.172000e-03 2.391360e-01
175 7.526280e-01 6.888000e-03 2.404840e-01
176 7.515080e-01 6.756000e-03 2.417360e-01
177 7.503800e-01 6.664000e-03 2.429560e-01
178 7.492920e-01 6.544000e-03 2.441640e-01
179 7.482400e-01 6.404000e-03 2.453560e-01
180 7.470400e-01 6.640000e-03 2.463200e-01
181 7.459680e-01 6.552000e-03 2.474800e-01
182 7.449440e-01 6.456000e-03 2.486000e-01
183 7.439040e-01 6.336000e-03 2.497600e-01
184 7.429280e-01 6.284000e-03 2.507880e-01
185 7.419200e-01 6.240000e-03 2.518400e-01
186 7.408920e-01 6.160000e-03 2.529480e-01
187 7.399640e-01 6.104000e-03 2.539320e-01
188 7.389200e-01 6.116000e-03 2.549640e-01
189 7.380040e-01 6.004000e-03 2.559920e-01
190 7.370680e-01 5.880000e-03 2.570520e-01
191 7.361440e-01 5.844000e-03 2.580120e-01
192 7.351960e-01 5.724000e-03 2.590800e-01
193 7.342240e-01 5.736000e-03 2.600400e-01
194 7.333280e-01 5.684000e-03 2.609880e-01
195 7.324160e-01 5.596000e-03 2.619880e-01
196 7.314680e-01 5.528000e-03 2.630040e-01
197 7.305640e-01 5.540000e-03 2.638960e-01
198 7.295840e-01 5.460000e-03 2.649560e-01
199 7.286080e-01 5.468000e-03 2.659240e-01
200 7.276720e-01 5.488000e-03 2.668400e-01
201 7.268320e-01 5.360000e-03 2.678080e-01
202 7.261400e-01 5.124000e-03 2.687360e-01
203 7.253800e-01 4.912000e-03 2.697080e-01
204 7.246960e-01 4.644000e-03 2.706600e-01
205 7.239280e-01 4.648000e-03 2.714240e-01
206 7.232080e-01 4.572000e-03 2.722200e-01
207 7.224560e-01 4.456000e-03 2.730880e-01
208 7.216480e-01 4.476000e-03 2.738760e-01
209 7.210440e-01 4.308000e-03 2.746480e-01
210 7.202880e-01 4.416000e-03 2.752960e-01
211 7.195720e-01 4.312000e-03 2.761160e-01
212 7.188320e-01 4.304000e-03 2.768640e-01
213 7.182040e-01 4.132000e-03 2.776640e-01
214 7.175360e-01 4.036000e-03 2.784280e-01
215 7.168160e-01 4.052000e-03 2.791320e-01
216 7.161720e-01 3.920000e-03 2.799080e-01
217 7.154520e-01 3.936000e-03 2.806120e-01
218 7.147200e-01 3.944000e-03 2.813360e-01
219 7.140440e-01 3.968000e-03 2.819880e-01
220 7.133280e-01 4.004000e-03 2.826680e-01
221 7.126240e-01 4.064000e-03 2.833120e-01
222 7.119640e-01 3.984000e-03 2.840520e-01
223 7.112080e-01 4.156000e-03 2.846360e-01
224 7.105160e-01 4.160000e-03 2.853240e-01
225 7.097720e-01 4.116000e-03 2.861120e-01
226 7.090920e-01 3.980000e-03 2.869280e-01
227 7.085040e-01 3.924000e-03 2.875720e-01
228 7.077640e-01 4.036000e-03 2.882000e-01
229 7.070360e-01 4.036000e-03 2.889280e-01
230 7.064920e-01 3.948000e-03 2.895600e-01
231 7.059960e-01 3.772000e-03 2.902320e-01
232 7.053160e-01 3.740000e-03 2.909440e-01
233 7.047120e-01 3.740000e-03 2.915480e-01
234 7.041280e-01 3.564000e-03 2.923080e-01
235 7.035840e-01 3.520000e-03 2.928960e-01
236 7.029840e-01 3.524000e-03 2.934920e-01
237 7.023960e-01 3.524000e-03 2.940800e-01
238 7.018640e-01 3.472000e-03 2.946640e-01
239 7.012880e-01 3.424000e-03 2.952880e-01
240 7.006000e-01 3.552000e-03 2.958480e-01
241 7.000440e-01 3.456000e-03 2.965000e-01
242 6.994120e-01 3.468000e-03 2.971200e-01
243 6.987680e-01 3.532000e-03 2.977000e-01
244 6.982200e-01 3.420000e-03 2.983600e-01
245 6.976960e-01 3.396000e-03 2.989080e-01
246 6.971800e-01 3.300000e-03 2.995200e-01
247 6.966920e-01 3.172000e-03 3.001360e-01
248 6.961680e-01 3.152000e-03 3.006800e-01
249 6.956200e-01 3.188000e-03 3.011920e-01
250 6.950640e-01 3.124000e-03 3.018120e-01
251 6.945000e-01 3.124000e-03 3.023760e-01
252 6.940280e-01 2.980000e-03 3.029920e-01
253 6.934760e-01 2.952000e-03 3.035720e-01
254 6.930240e-01 2.828000e-03 3.041480e-01
255 6.924520e-01 2.892000e-03 3.046560e-01
256 6.919640e-01 2.876000e-03 3.051600e-01
257 6.912840e-01 3.032000e-03 3.056840e-01
258 6.907520e-01 3.116000e-03 3.061320e-01
259 6.902000e-01 3.056000e-03 3.067440e-01
260 6.896760e-01 2.996000e-03 3.073280e-01
261 6.891880e-01 3.024000e-03 3.077880e-01
262 6.887280e-01 2.948000e-03 3.083240e-01
263 6.883200e-01 2.868000e-03 3.088120e-01
264 6.877960e-01 2.944000e-03 3.092600e-01
265 6.871800e-01 3.048000e-03 3.097720e-01
266 6.865560e-01 3.084000e-03 3.103600e-01
267 6.859760e-01 3.088000e-03 3.109360e-01
268 6.854080e-01 3.140000e-03 3.114520e-01
269 6.849000e-01 3.136000e-03 3.119640e-01
270 6.842320e-01 3.244000e-03 3.125240e-01
271 6.836680e-01 3.200000e-03 3.131320e-01
272 6.832680e-01 3.092000e-03 3.136400e-01
273 6.827600e-01 3.044000e-03 3.141960e-01
274 6.822960e-01 2.944000e-03 3.147600e-01
275 6.817760e-01 2.964000e-03 3.152600e-01
276 6.812920e-01 2.964000e-03 3.157440e-01
277 6.807920e-01 3.004000e-03 3.162040e-01
278 6.802760e-01 2.992000e-03 3.167320e-01
279 6.797280e-01 3.072000e-03 3.172000e-01
280 6.790560e-01 3.212000e-03 3.177320e-01
281 6.785080e-01 3.220000e-03 3.182720e-01
282 6.780000e-01 3.160000e-03 3.188400e-01
283 6.775200e-01 3.040000e-03 3.194400e-01
284 6.770200e-01 3.004000e-03 3.199760e-01
285 6.765640e-01 2.928000e-03 3.205080e-01
286 6.761640e-01 2.900000e-03 3.209360e-01
287 6.757400e-01 2.904000e-03 3.213560e-01
288 6.753160e-01 2.784000e-03 3.219000e-01
289 6.749240e-01 2.688000e-03 3.223880e-01
290 6.745800e-01 2.524000e-03 3.228960e-01
291 6.742240e-01 2.460000e-03 3.233160e-01
292 6.738240e-01 2.496000e-03 3.236800e-01
293 6.734040e-01 2.388000e-03 3.242080e-01
294 6.730360e-01 2.336000e-03 3.246280e-01
295 6.726360e-01 2.332000e-03 3.250320e-01
296 6.722360e-01 2.236000e-03 3.255280e-01
297 6.719000e-01 2.184000e-03 3.259160e-01
298 6.715120e-01 2.248000e-03 3.262400e-01
299 6.711200e-01 2.276000e-03 3.266040e-01
300 6.707960e-01 2.212000e-03 3.269920e-01
301 6.704200e-01 2.208000e-03 3.273720e-01
302 6.700600e-01 2.160000e-03 3.277800e-01
303 6.696800e-01 2.128000e-03 3.281920e-01
304 6.692760e-01 2.112000e-03 3.286120e-01
305 6.688560e-01 2.140000e-03 3.290040e-01
306 6.684160e-01 2.228000e-03 3.293560e-01
307 6.679360e-01 2.284000e-03 3.297800e-01
308 6.674400e-01 2.336000e-03 3.302240e-01
309 6.669040e-01 2.468000e-03 3.306280e-01
310 6.664040e-01 2.556000e-03 3.310400e-01
311 6.659080e-01 2.600000e-03 3.314920e-01
312 6.654480e-01 2.508000e-03 3.320440e-01
313 6.650680e-01 2.476000e-03 3.324560e-01
314 6.647200e-01 2.432000e-03 3.328480e-01
315 6.643520e-01 2.336000e-03 3.333120e-01
316 6.639640e-01 2.312000e-03 3.337240e-01
317 6.636840e-01 2.200000e-03 3.341160e-01
318 6.633360e-01 2.168000e-03 3.344960e-01
319 6.630000e-01 2.128000e-03 3.348720e-01
320 6.626400e-01 2.108000e-03 3.352520e-01
321 6.622520e-01 2.100000e-03 3.356480e-01
322 6.618760e-01 2.140000e-03 3.359840e-01
323 6.616200e-01 2.000000e-03 3.363800e-01
324 6.612400e-01 2.004000e-03 3.367560e-01
325 6.609280e-01 1.940000e-03 3.371320e-01
326 6.606600e-01 1.860000e-03 3.374800e-01
327 6.603680e-01 1.840000e-03 3.377920e-01
328 6.601000e-01 1.844000e-03 3.380560e-01
329 6.598000e-01 1.836000e-03 3.383640e-01
330 6.594440e-01 1.892000e-03 3.386640e-01
331 6.590280e-01 1.944000e-03 3.390280e-01
332 6.587200e-01 1.880000e-03 3.394000e-01
333 6.582720e-01 2.012000e-03 3.397160e-01
334 6.578440e-01 2.160000e-03 3.399960e-01
335 6.575160e-01 2.064000e-03 3.404200e-01
336 6.571720e-01 2.024000e-03 3.408040e-01
337 6.567120e-01 2.116000e-03 3.411720e-01
338 6.562480e-01 2.228000e-03 3.415240e-01
339 6.558400e-01 2.236000e-03 3.419240e-01
340 6.553360e-01 2.392000e-03 3.422720e-01
341 6.548720e-01 2.356000e-03 3.427720e-01
342 6.544400e-01 2.396000e-03 3.431640e-01
343 6.539480e-01 2.448000e-03 3.436040e-01
344 6.535520e-01 2.448000e-03 3.440000e-01
345 6.531800e-01 2.408000e-03 3.444120e-01
346 6.528440e-01 2.332000e-03 3.448240e-01
347 6.525040e-01 2.320000e-03 3.451760e-01
348 6.521040e-01 2.296000e-03 3.456000e-01
349 6.517280e-01 2.392000e-03 3.458800e-01
350 6.513520e-01 2.344000e-03 3.463040e-01
351 6.510200e-01 2.288000e-03 3.466920e-01
352 6.506720e-01 2.296000e-03 3.470320e-01
353 6.502360e-01 2.356000e-03 3.474080e-01
354 6.498360e-01 2.316000e-03 3.478480e-01
355 6.493880e-01 2.384000e-03 3.482280e-01
356 6.489280e-01 2.372000e-03 3.487000e-01
357 6.484800e-01 2.416000e-03 3.491040e-01
358 6.480680e-01 2.388000e-03 3.495440e-01
359 6.476560e-01 2.392000e-03 3.499520e-01
360 6.471840e-01 2.488000e-03 3.503280e-01
361 6.467280e-01 2.488000e-03 3.507840e-01
362 6.463280e-01 2.532000e-03 3.511400e-01
363 6.459120e-01 2.544000e-03 3.515440e-01
364 6.454520e-01 2.556000e-03 3.519920e-01
365 6.450720e-01 2.424000e-03 3.525040e-01
366 6.446640e-01 2.404000e-03 3.529320e-01
367 6.443080e-01 2.336000e-03 3.533560e-01
368 6.439800e-01 2.272000e-03 3.537480e-01
369 6.436800e-01 2.124000e-03 3.541960e-01
370 6.433280e-01 2.172000e-03 3.545000e-01
371 6.430360e-01 2.096000e-03 3.548680e-01
372 6.426520e-01 2.092000e-03 3.552560e-01
373 6.421640e-01 2.268000e-03 3.555680e-01
374 6.417240e-01 2.308000e-03 3.559680e-01
375 6.413120e-01 2.348000e-03 3.563400e-01
376 6.408840e-01 2.352000e-03 3.567640e-01
377 6.404800e-01 2.416000e-03 3.571040e-01
378 6.400840e-01 2.392000e-03 3.575240e-01
379 6.397280e-01 2.280000e-03 3.579920e-01
380 6.393640e-01 2.232000e-03 3.584040e-01
381 6.389960e-01 2.252000e-03 3.587520e-01
382 6.385600e-01 2.308000e-03 3.591320e-01
383 6.383080e-01 2.096000e-03 3.595960e-01
384 6.379440e-01 2.116000e-03 3.599400e-01
385 6.376400e-01 2.028000e-03 3.603320e-01
386 6.373680e-01 1.940000e-03 3.606920e-01
387 6.370640e-01 1.928000e-03 3.610080e-01
388 6.368240e-01 1.804000e-03 3.613720e-01
389 6.365720e-01 1.692000e-03 3.617360e-01
390 6.362760e-01 1.716000e-03 3.620080e-01
391 6.360040e-01 1.716000e-03 3.622800e-01
392 6.356560e-01 1.800000e-03 3.625440e-01
393 6.354200e-01 1.728000e-03 3.628520e-01
394 6.350920e-01 1.744000e-03 3.631640e-01
395 6.347920e-01 1.780000e-03 3.634280e-01
396 6.344880e-01 1.796000e-03 3.637160e-01
397 6.341880e-01 1.748000e-03 3.640640e-01
398 6.339320e-01 1.668000e-03 3.644000e-01
399 6.336320e-01 1.660000e-03 3.647080e-01
400 6.333200e-01 1.704000e-03 3.649760e-01
401 6.330000e-01 1.720000e-03 3.652800e-01
402 6.326320e-01 1.776000e-03 3.655920e-01
403 6.323440e-01 1.728000e-03 3.659280e-01
404 6.320760e-01 1.688000e-03 3.662360e-01
405 6.317960e-01 1.620000e-03 3.665840e-01
406 6.314240e-01 1.684000e-03 3.668920e-01
407 6.311240e-01 1.732000e-03 3.671440e-01
408 6.308880e-01 1.580000e-03 3.675320e-01
409 6.306600e-01 1.492000e-03 3.678480e-01
410 6.303880e-01 1.420000e-03 3.681920e-01
411 6.301800e-01 1.376000e-03 3.684440e-01
412 6.299560e-01 1.364000e-03 3.686800e-01
413 6.297320e-01 1.300000e-03 3.689680e-01
414 6.295680e-01 1.232000e-03 3.692000e-01
415 6.293400e-01 1.228000e-03 3.694320e-01
416 6.291320e-01 1.232000e-03 3.696360e-01
417 6.289680e-01 1.164000e-03 3.698680e-01
418 6.288080e-01 1.128000e-03 3.700640e-01
419 6.285840e-01 1.128000e-03 3.702880e-01
420 6.284480e-01 1.064000e-03 3.704880e-01
421 6.282680e-01 1.068000e-03 3.706640e-01
422 6.281680e-01 1.004000e-03 3.708280e-01
423 6.280440e-01 9.480000e-04 3.710080e-01
424 6.279200e-01 9.000000e-04 3.711800e-01
425 6.277720e-01 9.160000e-04 3.713120e-01
426 6.276480e-01 8.840000e-04 3.714680e-01
427 6.275120e-01 8.920000e-04 3.715960e-01
428 6.273840e-01 8.320000e-04 3.717840e-01
429 6.272720e-01 7.560000e-04 3.719720e-01
430 6.271360e-01 8.160000e-04 3.720480e-01
431 6.269760e-01 8.520000e-04 3.721720e-01
432 6.268400e-01 8.080000e-04 3.723520e-01
433 6.266840e-01 8.400000e-04 3.724760e-01
434 6.265280e-01 8.000000e-04 3.726720e-01
435 6.263440e-01 8.720000e-04 3.727840e-01
436 6.261560e-01 9.000000e-04 3.729440e-01
437 6.260400e-01 8.440000e-04 3.731160e-01
438 6.258360e-01 9.200000e-04 3.732440e-01
439 6.256640e-01 9.240000e-04 3.734120e-01
440 6.254920e-01 9.680000e-04 3.735400e-01
441 6.253400e-01 9.320000e-04 3.737280e-01
442 6.251400e-01 9.560000e-04 3.739040e-01
443 6.249600e-01 9.720000e-04 3.740680e-01
444 6.247400e-01 9.840000e-04 3.742760e-01
445 6.245400e-01 1.016000e-03 3.744440e-01
446 6.243640e-01 1.040000e-03 3.745960e-01
447 6.242280e-01 1.064000e-03 3.747080e-01
448 6.240360e-01 1.108000e-03 3.748560e-01
449 6.238240e-01 1.140000e-03 3.750360e-01
450 6.236720e-01 1.060000e-03 3.752680e-01
451 6.234800e-01 1.064000e-03 3.754560e-01
452 6.232760e-01 1.052000e-03 3.756720e-01
453 6.230680e-01 1.060000e-03 3.758720e-01
454 6.229040e-01 1.004000e-03 3.760920e-01
455 6.227400e-01 9.800000e-04 3.762800e-01
456 6.225960e-01 9.560000e-04 3.764480e-01
457 6.224400e-01 9.640000e-04 3.765960e-01
458 6.222960e-01 9.160000e-04 3.767880e-01
459 6.221280e-01 9.320000e-04 3.769400e-01
460 6.219720e-01 9.200000e-04 3.771080e-01
461 6.218400e-01 8.800000e-04 3.772800e-01
462 6.216880e-01 8.800000e-04 3.774320e-01
463 6.215480e-01 8.440000e-04 3.776080e-01
464 6.214240e-01 8.320000e-04 3.777440e-01
465 6.212920e-01 8.080000e-04 3.779000e-01
466 6.211760e-01 7.720000e-04 3.780520e-01
467 6.210440e-01 7.400000e-04 3.782160e-01
468 6.209040e-01 7.640000e-04 3.783320e-01
469 6.207320e-01 7.880000e-04 3.784800e-01
470 6.205640e-01 8.080000e-04 3.786280e-01
471 6.204200e-01 7.760000e-04 3.788040e-01
472 6.202920e-01 7.800000e-04 3.789280e-01
473 6.201920e-01 7.400000e-04 3.790680e-01
474 6.200440e-01 7.320000e-04 3.792240e-01
475 6.199200e-01 7.720000e-04 3.793080e-01
476 6.197680e-01 7.560000e-04 3.794760e-01
477 6.196720e-01 7.440000e-04 3.795840e-01
478 6.195560e-01 7.240000e-04 3.797200e-01
479 6.194600e-01 6.720000e-04 3.798680e-01
480 6.193600e-01 6.240000e-04 3.800160e-01
481 6.192760e-01 5.800000e-04 3.801440e-01
482 6.191880e-01 5.560000e-04 3.802560e-01
483 6.191280e-01 4.840000e-04 3.803880e-01
484 6.190240e-01 5.080000e-04 3.804680e-01
485 6.189440e-01 5.120000e-04 3.805440e-01
486 6.188400e-01 5.000000e-04 3.806600e-01
487 6.187640e-01 4.960000e-04 3.807400e-01
488 6.186800e-01 4.800000e-04 3.808400e-01
489 6.185640e-01 4.920000e-04 3.809440e-01
490 6.184560e-01 5.080000e-04 3.810360e-01
491 6.183520e-01 5.280000e-04 3.811200e-01
492 6.182600e-01 5.440000e-04 3.811960e-01
493 6.181640e-01 5.480000e-04 3.812880e-01
494 6.180840e-01 5.280000e-04 3.813880e-01
495 6.179920e-01 5.280000e-04 3.814800e-01
496 6.179160e-01 5.200000e-04 3.815640e-01
497 6.178360e-01 4.920000e-04 3.816720e-01
498 6.178000e-01 4.440000e-04 3.817560e-01
499 6.177200e-01 4.360000e-04 3.818440e-01
500 6.176560e-01 4.320000e-04 3.819120e-01
