1 9.992400e-01 6.400000e-04 1.200000e-04
2 9.987160e-01 9.960000e-04 2.880000e-04
3 9.982160e-01 1.296000e-03 4.880000e-04
4 9.975320e-01 1.704000e-03 7.640000e-04
5 9.967680e-01 2.076000e-03 1.156000e-03
6 9.959800e-01 2.460000e-03 1.560000e-03
7 9.952400e-01 2.720000e-03 2.040000e-03
8 9.943840e-01 3.084000e-03 2.532000e-03
9 9.935600e-01 3.364000e-03 3.076000e-03
10 9.927160e-01 3.656000e-03 3.628000e-03
11 9.918920e-01 3.824000e-03 4.284000e-03
12 9.909920e-01 4.036000e-03 4.972000e-03
13 9.901440e-01 4.232000e-03 5.624000e-03
14 9.891080e-01 4.560000e-03 6.332000e-03
15 9.879720e-01 4.864000e-03 7.164000e-03
16 9.868960e-01 4.948000e-03 8.156000e-03
17 9.857440e-01 5.144000e-03 9.112000e-03
18 9.845640e-01 5.512000e-03 9.924000e-03
19 9.833240e-01 5.720000e-03 1.095600e-02
20 9.821040e-01 5.912000e-03 1.198400e-02
21 9.806920e-01 6.320000e-03 1.298800e-02
22 9.791760e-01 6.716000e-03 1.410800e-02
23 9.777080e-01 6.948000e-03 1.534400e-02
24 9.763880e-01 7.044000e-03 1.656800e-02
25 9.750920e-01 7.112000e-03 1.779600e-02
26 9.737800e-01 7.256000e-03 1.896400e-02
27 9.725080e-01 7.132000e-03 2.036000e-02
28 9.711840e-01 7.160000e-03 2.165600e-02
29 9.697360e-01 7.400000e-03 2.286400e-02
30 9.684160e-01 7.448000e-03 2.413600e-02
31 9.669920e-01 7.556000e-03 2.545200e-02
32 9.655080e-01 7.724000e-03 2.676800e-02
33 9.639080e-01 8.104000e-03 2.798800e-02
34 9.624440e-01 8.100000e-03 2.945600e-02
35 9.609560e-01 8.228000e-03 3.081600e-02
36 9.595080e-01 8.256000e-03 3.223600e-02
37 9.579920e-01 8.352000e-03 3.365600e-02
38 9.564440e-01 8.400000e-03 3.515600e-02
39 9.548920e-01 8.504000e-03 3.660400e-02
40 9.534040e-01 8.536000e-03 3.806000e-02
41 9.517720e-01 8.544000e-03 3.968400e-02
42 9.502400e-01 8.552000e-03 4.120800e-02
43 9.486240e-01 8.700000e-03 4.267600e-02
44 9.469800e-01 8.824000e-03 4.419600e-02
45 9.454200e-01 8.892000e-03 4.568800e-02
46 9.438360e-01 8.968000e-03 4.719600e-02
47 9.424520e-01 8.776000e-03 4.877200e-02
48 9.410240e-01 8.672000e-03 5.030400e-02
49 9.394920e-01 8.760000e-03 5.174800e-02
50 9.379000e-01 8.908000e-03 5.319200e-02
51 9.363520e-01 8.904000e-03 5.474400e-02
52 9.348600e-01 8.812000e-03 5.632800e-02
53 9.333240e-01 8.932000e-03 5.774400e-02
54 9.318440e-01 8.868000e-03 5.928800e-02
55 9.303120e-01 8.868000e-03 6.082000e-02
56 9.288600e-01 8.608000e-03 6.253200e-02
57 9.276000e-01 8.296000e-03 6.410400e-02
58 9.261880e-01 8.336000e-03 6.547600e-02
59 9.247400e-01 8.284000e-03 6.697600e-02
60 9.234000e-01 8.176000e-03 6.842400e-02
61 9.220080e-01 8.132000e-03 6.986000e-02
62 9.204200e-01 8.332000e-03 7.124800e-02
63 9.188280e-01 8.388000e-03 7.278400e-02
64 9.173840e-01 8.432000e-03 7.418400e-02
65 9.158080e-01 8.652000e-03 7.554000e-02
66 9.142280e-01 8.768000e-03 7.700400e-02
67 9.126480e-01 8.740000e-03 7.861200e-02
68 9.112120e-01 8.572000e-03 8.021600e-02
69 9.095200e-01 8.824000e-03 8.165600e-02
70 9.077320e-01 9.032000e-03 8.323600e-02
71 9.061000e-01 8.996000e-03 8.490400e-02
72 9.043920e-01 9.248000e-03 8.636000e-02
73 9.028520e-01 9.216000e-03 8.793200e-02
74 9.013240e-01 9.116000e-03 8.956000e-02
75 8.996760e-01 9.096000e-03 9.122800e-02
76 8.982680e-01 8.960000e-03 9.277200e-02
77 8.966280e-01 9.164000e-03 9.420800e-02
78 8.950560e-01 9.140000e-03 9.580400e-02
79 8.936480e-01 8.908000e-03 9.744400e-02
80 8.921600e-01 8.848000e-03 9.899200e-02
81 8.907480e-01 8.664000e-03 1.005880e-01
82 8.892200e-01 8.736000e-03 1.020440e-01
83 8.877320e-01 8.692000e-03 1.035760e-01
84 8.861640e-01 8.696000e-03 1.051400e-01
85 8.847400e-01 8.636000e-03 1.066240e-01
86 8.833520e-01 8.384000e-03 1.082640e-01
87 8.820000e-01 8.308000e-03 1.096920e-01
88 8.806120e-01 8.312000e-03 1.110760e-01
89 8.791880e-01 8.384000e-03 1.124280e-01
90 8.775320e-01 8.496000e-03 1.139720e-01
91 8.760040e-01 8.532000e-03 1.154640e-01
92 8.744960e-01 8.596000e-03 1.169080e-01
93 8.732160e-01 8.312000e-03 1.184720e-01
94 8.719480e-01 8.160000e-03 1.198920e-01
95 8.707560e-01 8.008000e-03 1.212360e-01
96 8.695320e-01 7.856000e-03 1.226120e-01
97 8.683200e-01 7.704000e-03 1.239760e-01
98 8.669680e-01 7.720000e-03 1.253120e-01
99 8.657960e-01 7.588000e-03 1.266160e-01
100 8.644520e-01 7.664000e-03 1.278840e-01
101 8.633240e-01 7.312000e-03 1.293640e-01
102 8.621560e-01 7.288000e-03 1.305560e-01
103 8.608480e-01 7.376000e-03 1.317760e-01
104 8.595120e-01 7.408000e-03 1.330800e-01
105 8.583120e-01 7.416000e-03 1.342720e-01
106 8.571480e-01 7.244000e-03 1.356080e-01
107 8.559440e-01 7.128000e-03 1.369280e-01
108 8.547120e-01 7.244000e-03 1.380440e-01
109 8.534080e-01 7.332000e-03 1.392600e-01
110 8.520640e-01 7.276000e-03 1.406600e-01
111 8.506520e-01 7.372000e-03 1.419760e-01
112 8.492720e-01 7.396000e-03 1.433320e-01
113 8.480800e-01 7.152000e-03 1.447680e-01
114 8.468160e-01 7.116000e-03 1.460680e-01
115 8.455360e-01 7.100000e-03 1.473640e-01
116 8.443280e-01 7.144000e-03 1.485280e-01
117 8.431560e-01 7.068000e-03 1.497760e-01
118 8.420240e-01 6.960000e-03 1.510160e-01
119 8.407520e-01 6.996000e-03 1.522520e-01
120 8.395320e-01 7.048000e-03 1.534200e-01
121 8.383400e-01 7.012000e-03 1.546480e-01
122 8.371000e-01 7.040000e-03 1.558600e-01
123 8.357080e-01 7.284000e-03 1.570080e-01
124 8.344400e-01 7.172000e-03 1.583880e-01
125 8.331200e-01 7.308000e-03 1.595720e-01
126 8.318680e-01 7.348000e-03 1.607840e-01
127 8.305880e-01 7.416000e-03 1.619960e-01
128 8.292440e-01 7.472000e-03 1.632840e-01
129 8.279640e-01 7.292000e-03 1.647440e-01
130 8.267600e-01 7.176000e-03 1.660640e-01
131 8.256240e-01 7.044000e-03 1.673320e-01
132 8.245000e-01 6.960000e-03 1.685400e-01
133 8.233080e-01 6.916000e-03 1.697760e-01
134 8.222800e-01 6.600000e-03 1.711200e-01
135 8.209400e-01 6.688000e-03 1.723720e-01
136 8.197920e-01 6.612000e-03 1.735960e-01
137 8.185120e-01 6.584000e-03 1.749040e-01
138 8.173480e-01 6.568000e-03 1.760840e-01
139 8.161480e-01 6.632000e-03 1.772200e-01
140 8.149280e-01 6.648000e-03 1.784240e-01
141 8.134760e-01 6.948000e-03 1.795760e-01
142 8.122640e-01 7.008000e-03 1.807280e-01
143 8.110680e-01 6.972000e-03 1.819600e-01
144 8.099920e-01 6.748000e-03 1.832600e-01
145 8.088320e-01 6.708000e-03 1.844600e-01
146 8.076640e-01 6.592000e-03 1.857440e-01
147 8.065960e-01 6.456000e-03 1.869480e-01
148 8.054560e-01 6.568000e-03 1.879760e-01
149 8.045080e-01 6.380000e-03 1.891120e-01
150 8.032800e-01 6.468000e-03 1.902520e-01
151 8.021560e-01 6.488000e-03 1.913560e-01
152 8.010440e-01 6.572000e-03 1.923840e-01
153 8.000320e-01 6.436000e-03 1.935320e-01
154 7.989440e-01 6.424000e-03 1.946320e-01
155 7.978880e-01 6.472000e-03 1.956400e-01
156 7.968840e-01 6.408000e-03 1.967080e-01
157 7.958560e-01 6.368000e-03 1.977760e-01
158 7.949360e-01 6.292000e-03 1.987720e-01
159 7.938920e-01 6.200000e-03 1.999080e-01
160 7.928440e-01 6.124000e-03 2.010320e-01
161 7.918640e-01 6.012000e-03 2.021240e-01
162 7.910560e-01 5.776000e-03 2.031680e-01
163 7.900760e-01 5.792000e-03 2.041320e-01
164 7.891840e-01 5.704000e-03 2.051120e-01
165 7.884360e-01 5.508000e-03 2.060560e-01
166 7.875560e-01 5.388000e-03 2.070560e-01
167 7.865880e-01 5.488000e-03 2.079240e-01
168 7.856480e-01 5.544000e-03 2.088080e-01
169 7.847000e-01 5.648000e-03 2.096520e-01
170 7.837960e-01 5.524000e-03 2.106800e-01
171 7.828800e-01 5.516000e-03 2.116040e-01
172 7.818680e-01 5.500000e-03 2.126320e-01
173 7.809680e-01 5.532000e-03 2.135000e-01
174 7.800000e-01 5.460000e-03 2.145400e-01
175 7.789760e-01 5.560000e-03 2.154640e-01
176 7.780600e-01 5.504000e-03 2.164360e-01
177 7.772000e-01 5.464000e-03 2.173360e-01
178 7.763480e-01 5.452000e-03 2.182000e-01
179 7.755320e-01 5.360000e-03 2.191080e-01
180 7.746960e-01 5.224000e-03 2.200800e-01
181 7.738960e-01 5.100000e-03 2.210040e-01
182 7.730960e-01 4.948000e-03 2.219560e-01
183 7.723920e-01 4.692000e-03 2.229160e-01
184 7.716560e-01 4.620000e-03 2.237240e-01
185 7.710440e-01 4.428000e-03 2.245280e-01
186 7.703000e-01 4.396000e-03 2.253040e-01
187 7.694960e-01 4.516000e-03 2.259880e-01
188 7.688320e-01 4.360000e-03 2.268080e-01
189 7.682000e-01 4.256000e-03 2.275440e-01
190 7.674520e-01 4.356000e-03 2.281920e-01
191 7.667360e-01 4.352000e-03 2.289120e-01
192 7.660960e-01 4.224000e-03 2.296800e-01
193 7.654200e-01 4.252000e-03 2.303280e-01
194 7.647040e-01 4.176000e-03 2.311200e-01
195 7.640760e-01 4.120000e-03 2.318040e-01
196 7.634200e-01 3.996000e-03 2.325840e-01
197 7.626720e-01 4.104000e-03 2.332240e-01
198 7.621120e-01 4.000000e-03 2.338880e-01
199 7.615880e-01 3.820000e-03 2.345920e-01
200 7.610240e-01 3.728000e-03 2.352480e-01
201 7.604880e-01 3.708000e-03 2.358040e-01
202 7.600400e-01 3.488000e-03 2.364720e-01
203 7.594920e-01 3.368000e-03 2.371400e-01
204 7.589160e-01 3.320000e-03 2.377640e-01
205 7.583560e-01 3.424000e-03 2.382200e-01
206 7.578440e-01 3.372000e-03 2.387840e-01
207 7.572800e-01 3.296000e-03 2.394240e-01
208 7.567440e-01 3.208000e-03 2.400480e-01
209 7.561720e-01 3.228000e-03 2.406000e-01
210 7.557560e-01 3.164000e-03 2.410800e-01
211 7.551840e-01 3.176000e-03 2.416400e-01
212 7.545000e-01 3.320000e-03 2.421800e-01
213 7.538520e-01 3.444000e-03 2.427040e-01
214 7.533480e-01 3.340000e-03 2.433120e-01
215 7.528400e-01 3.268000e-03 2.438920e-01
216 7.523560e-01 3.096000e-03 2.445480e-01
217 7.518520e-01 2.968000e-03 2.451800e-01
218 7.514400e-01 2.868000e-03 2.456920e-01
219 7.509520e-01 2.852000e-03 2.461960e-01
220 7.503800e-01 2.936000e-03 2.466840e-01
221 7.498160e-01 2.940000e-03 2.472440e-01
222 7.492120e-01 3.024000e-03 2.477640e-01
223 7.487320e-01 2.988000e-03 2.482800e-01
224 7.483080e-01 2.804000e-03 2.488880e-01
225 7.478480e-01 2.776000e-03 2.493760e-01
226 7.474040e-01 2.716000e-03 2.498800e-01
227 7.470120e-01 2.604000e-03 2.503840e-01
228 7.466080e-01 2.552000e-03 2.508400e-01
229 7.462320e-01 2.472000e-03 2.512960e-01
230 7.457960e-01 2.396000e-03 2.518080e-01
231 7.453840e-01 2.388000e-03 2.522280e-01
232 7.450760e-01 2.196000e-03 2.527280e-01
233 7.447880e-01 2.144000e-03 2.530680e-01
234 7.444800e-01 2.080000e-03 2.534400e-01
235 7.441800e-01 2.008000e-03 2.538120e-01
236 7.438720e-01 1.968000e-03 2.541600e-01
237 7.435720e-01 1.968000e-03 2.544600e-01
238 7.432560e-01 1.936000e-03 2.548080e-01
239 7.429480e-01 1.928000e-03 2.551240e-01
240 7.426040e-01 1.992000e-03 2.554040e-01
241 7.422120e-01 2.088000e-03 2.557000e-01
242 7.418880e-01 2.044000e-03 2.560680e-01
243 7.414960e-01 2.048000e-03 2.564560e-01
244 7.411560e-01 2.012000e-03 2.568320e-01
245 7.407880e-01 2.008000e-03 2.572040e-01
246 7.404040e-01 2.080000e-03 2.575160e-01
247 7.400200e-01 2.132000e-03 2.578480e-01
248 7.396880e-01 2.120000e-03 2.581920e-01
249 7.392440e-01 2.216000e-03 2.585400e-01
250 7.388520e-01 2.220000e-03 2.589280e-01
251 7.385200e-01 2.168000e-03 2.593120e-01
252 7.382000e-01 2.132000e-03 2.596680e-01
253 7.378480e-01 2.128000e-03 2.600240e-01
254 7.374040e-01 2.192000e-03 2.604040e-01
255 7.369680e-01 2.240000e-03 2.607920e-01
256 7.366320e-01 2.196000e-03 2.611720e-01
257 7.363040e-01 2.076000e-03 2.616200e-01
258 7.360200e-01 1.988000e-03 2.619920e-01
259 7.356360e-01 2.044000e-03 2.623200e-01
260 7.353240e-01 2.016000e-03 2.626600e-01
261 7.350240e-01 2.020000e-03 2.629560e-01
262 7.347600e-01 1.912000e-03 2.633280e-01
263 7.344840e-01 1.884000e-03 2.636320e-01
264 7.342440e-01 1.804000e-03 2.639520e-01
265 7.340320e-01 1.648000e-03 2.643200e-01
266 7.337640e-01 1.584000e-03 2.646520e-01
267 7.335840e-01 1.500000e-03 2.649160e-01
268 7.332760e-01 1.496000e-03 2.652280e-01
269 7.330600e-01 1.504000e-03 2.654360e-01
270 7.328600e-01 1.456000e-03 2.656840e-01
271 7.326280e-01 1.428000e-03 2.659440e-01
272 7.323400e-01 1.452000e-03 2.662080e-01
273 7.320480e-01 1.448000e-03 2.665040e-01
274 7.317320e-01 1.568000e-03 2.667000e-01
275 7.315040e-01 1.540000e-03 2.669560e-01
276 7.312160e-01 1.608000e-03 2.671760e-01
277 7.309440e-01 1.632000e-03 2.674240e-01
278 7.306560e-01 1.672000e-03 2.676720e-01
279 7.304240e-01 1.624000e-03 2.679520e-01
280 7.301400e-01 1.648000e-03 2.682120e-01
281 7.298720e-01 1.648000e-03 2.684800e-01
282 7.296360e-01 1.596000e-03 2.687680e-01
283 7.293880e-01 1.580000e-03 2.690320e-01
284 7.291200e-01 1.596000e-03 2.692840e-01
285 7.289080e-01 1.528000e-03 2.695640e-01
286 7.287120e-01 1.468000e-03 2.698200e-01
287 7.285200e-01 1.440000e-03 2.700400e-01
288 7.282400e-01 1.436000e-03 2.703240e-01
289 7.279920e-01 1.416000e-03 2.705920e-01
290 7.278320e-01 1.340000e-03 2.708280e-01
291 7.276160e-01 1.328000e-03 2.710560e-01
292 7.273720e-01 1.404000e-03 2.712240e-01
293 7.270960e-01 1.440000e-03 2.714640e-01
294 7.268120e-01 1.464000e-03 2.717240e-01
295 7.266040e-01 1.364000e-03 2.720320e-01
296 7.263000e-01 1.440000e-03 2.722600e-01
297 7.259720e-01 1.472000e-03 2.725560e-01
298 7.257040e-01 1.520000e-03 2.727760e-01
299 7.254400e-01 1.500000e-03 2.730600e-01
300 7.251640e-01 1.504000e-03 2.733320e-01
301 7.248760e-01 1.532000e-03 2.735920e-01
302 7.245720e-01 1.572000e-03 2.738560e-01
303 7.242040e-01 1.684000e-03 2.741120e-01
304 7.238920e-01 1.736000e-03 2.743720e-01
305 7.235880e-01 1.716000e-03 2.746960e-01
306 7.232720e-01 1.728000e-03 2.750000e-01
307 7.229120e-01 1.792000e-03 2.752960e-01
308 7.226000e-01 1.820000e-03 2.755800e-01
309 7.223040e-01 1.816000e-03 2.758800e-01
310 7.220000e-01 1.844000e-03 2.761560e-01
311 7.217200e-01 1.796000e-03 2.764840e-01
312 7.214320e-01 1.760000e-03 2.768080e-01
313 7.211680e-01 1.704000e-03 2.771280e-01
314 7.209360e-01 1.644000e-03 2.774200e-01
315 7.206480e-01 1.632000e-03 2.777200e-01
316 7.204000e-01 1.580000e-03 2.780200e-01
317 7.201600e-01 1.540000e-03 2.783000e-01
318 7.199480e-01 1.452000e-03 2.786000e-01
319 7.197040e-01 1.424000e-03 2.788720e-01
320 7.194160e-01 1.448000e-03 2.791360e-01
321 7.192280e-01 1.404000e-03 2.793680e-01
322 7.190200e-01 1.416000e-03 2.795640e-01
323 7.187320e-01 1.472000e-03 2.797960e-01
324 7.184400e-01 1.508000e-03 2.800520e-01
325 7.181840e-01 1.488000e-03 2.803280e-01
326 7.178880e-01 1.556000e-03 2.805560e-01
327 7.176600e-01 1.512000e-03 2.808280e-01
328 7.173640e-01 1.576000e-03 2.810600e-01
329 7.171040e-01 1.564000e-03 2.813320e-01
330 7.168440e-01 1.592000e-03 2.815640e-01
331 7.166680e-01 1.504000e-03 2.818280e-01
332 7.164760e-01 1.440000e-03 2.820840e-01
333 7.162160e-01 1.400000e-03 2.823840e-01
334 7.159920e-01 1.352000e-03 2.826560e-01
335 7.157840e-01 1.296000e-03 2.829200e-01
336 7.155600e-01 1.248000e-03 2.831920e-01
337 7.153000e-01 1.320000e-03 2.833800e-01
338 7.151120e-01 1.288000e-03 2.836000e-01
339 7.149640e-01 1.160000e-03 2.838760e-01
340 7.147920e-01 1.112000e-03 2.840960e-01
341 7.146080e-01 1.096000e-03 2.842960e-01
342 7.144400e-01 1.092000e-03 2.844680e-01
343 7.142400e-01 1.060000e-03 2.847000e-01
344 7.140720e-01 1.020000e-03 2.849080e-01
345 7.139400e-01 9.800000e-04 2.850800e-01
346 7.137920e-01 9.600000e-04 2.852480e-01
347 7.136800e-01 9.080000e-04 2.854120e-01
348 7.135760e-01 8.120000e-04 2.856120e-01
349 7.134880e-01 7.280000e-04 2.857840e-01
350 7.133920e-01 7.040000e-04 2.859040e-01
351 7.132920e-01 6.880000e-04 2.860200e-01
352 7.132440e-01 6.160000e-04 2.861400e-01
353 7.131440e-01 6.320000e-04 2.862240e-01
354 7.130240e-01 6.600000e-04 2.863160e-01
355 7.129360e-01 6.360000e-04 2.864280e-01
356 7.127840e-01 6.920000e-04 2.865240e-01
357 7.126320e-01 7.240000e-04 2.866440e-01
358 7.124760e-01 7.720000e-04 2.867520e-01
359 7.123080e-01 8.200000e-04 2.868720e-01
360 7.121040e-01 8.640000e-04 2.870320e-01
361 7.118880e-01 9.160000e-04 2.871960e-01
362 7.116560e-01 9.800000e-04 2.873640e-01
363 7.115320e-01 9.360000e-04 2.875320e-01
364 7.113720e-01 9.360000e-04 2.876920e-01
365 7.112440e-01 8.840000e-04 2.878720e-01
366 7.111240e-01 8.840000e-04 2.879920e-01
367 7.110000e-01 8.480000e-04 2.881520e-01
368 7.108280e-01 9.080000e-04 2.882640e-01
369 7.106760e-01 9.160000e-04 2.884080e-01
370 7.105600e-01 8.760000e-04 2.885640e-01
371 7.104360e-01 8.680000e-04 2.886960e-01
372 7.102960e-01 9.000000e-04 2.888040e-01
373 7.101400e-01 8.560000e-04 2.890040e-01
374 7.100000e-01 8.320000e-04 2.891680e-01
375 7.098480e-01 8.440000e-04 2.893080e-01
376 7.096960e-01 8.400000e-04 2.894640e-01
377 7.095440e-01 8.240000e-04 2.896320e-01
378 7.094000e-01 8.400000e-04 2.897600e-01
379 7.092720e-01 8.520000e-04 2.898760e-01
380 7.091120e-01 9.040000e-04 2.899840e-01
381 7.089520e-01 9.040000e-04 2.901440e-01
382 7.088000e-01 9.080000e-04 2.902920e-01
383 7.087400e-01 8.240000e-04 2.904360e-01
384 7.086200e-01 8.280000e-04 2.905520e-01
385 7.085320e-01 7.280000e-04 2.907400e-01
386 7.084160e-01 7.360000e-04 2.908480e-01
387 7.083200e-01 6.960000e-04 2.909840e-01
388 7.082240e-01 6.520000e-04 2.911240e-01
389 7.081320e-01 6.360000e-04 2.912320e-01
390 7.080040e-01 7.000000e-04 2.912960e-01
391 7.078920e-01 7.040000e-04 2.914040e-01
392 7.077280e-01 7.200000e-04 2.915520e-01
393 7.076080e-01 7.160000e-04 2.916760e-01
394 7.074800e-01 7.080000e-04 2.918120e-01
395 7.073600e-01 6.840000e-04 2.919560e-01
396 7.072440e-01 7.080000e-04 2.920480e-01
397 7.071280e-01 7.120000e-04 2.921600e-01
398 7.069960e-01 7.440000e-04 2.922600e-01
399 7.068880e-01 6.600000e-04 2.924520e-01
400 7.067600e-01 6.720000e-04 2.925680e-01
401 7.066200e-01 7.080000e-04 2.926720e-01
402 7.064880e-01 7.320000e-04 2.927800e-01
403 7.063320e-01 7.560000e-04 2.929120e-01
404 7.061960e-01 7.840000e-04 2.930200e-01
405 7.060760e-01 7.880000e-04 2.931360e-01
406 7.059240e-01 7.600000e-04 2.933160e-01
407 7.057720e-01 7.560000e-04 2.934720e-01
408 7.056160e-01 8.160000e-04 2.935680e-01
409 7.054520e-01 8.400000e-04 2.937080e-01
410 7.053000e-01 8.480000e-04 2.938520e-01
411 7.051360e-01 8.720000e-04 2.939920e-01
412 7.049880e-01 8.600000e-04 2.941520e-01
413 7.048040e-01 8.840000e-04 2.943120e-01
414 7.046280e-01 8.880000e-04 2.944840e-01
415 7.044680e-01 8.720000e-04 2.946600e-01
416 7.042800e-01 9.040000e-04 2.948160e-01
417 7.041240e-01 9.040000e-04 2.949720e-01
418 7.040000e-01 8.760000e-04 2.951240e-01
419 7.038600e-01 8.880000e-04 2.952520e-01
420 7.037520e-01 8.320000e-04 2.954160e-01
421 7.036000e-01 7.880000e-04 2.956120e-01
422 7.034640e-01 7.680000e-04 2.957680e-01
423 7.033440e-01 7.200000e-04 2.959360e-01
424 7.032280e-01 7.280000e-04 2.960440e-01
425 7.031200e-01 7.000000e-04 2.961800e-01
426 7.030240e-01 6.480000e-04 2.963280e-01
427 7.029360e-01 6.400000e-04 2.964240e-01
428 7.028440e-01 6.400000e-04 2.965160e-01
429 7.027400e-01 6.080000e-04 2.966520e-01
430 7.026560e-01 5.640000e-04 2.967800e-01
431 7.025640e-01 5.720000e-04 2.968640e-01
432 7.024320e-01 6.000000e-04 2.969680e-01
433 7.022840e-01 6.320000e-04 2.970840e-01
434 7.021280e-01 6.760000e-04 2.971960e-01
435 7.020280e-01 6.280000e-04 2.973440e-01
436 7.019520e-01 5.680000e-04 2.974800e-01
437 7.018600e-01 5.320000e-04 2.976080e-01
438 7.017600e-01 5.400000e-04 2.977000e-01
439 7.016400e-01 5.800000e-04 2.977800e-01
440 7.015560e-01 5.560000e-04 2.978880e-01
441 7.014480e-01 5.840000e-04 2.979680e-01
442 7.013240e-01 5.920000e-04 2.980840e-01
443 7.011720e-01 6.400000e-04 2.981880e-01
444 7.010760e-01 6.400000e-04 2.982840e-01
445 7.009640e-01 6.440000e-04 2.983920e-01
446 7.008440e-01 6.280000e-04 2.985280e-01
447 7.007200e-01 6.520000e-04 2.986280e-01
448 7.005680e-01 6.960000e-04 2.987360e-01
449 7.004600e-01 6.760000e-04 2.988640e-01
450 7.002960e-01 7.560000e-04 2.989480e-01
451 7.002000e-01 6.960000e-04 2.991040e-01
452 7.000360e-01 6.920000e-04 2.992720e-01
453 6.999200e-01 6.840000e-04 2.993960e-01
454 6.998080e-01 6.760000e-04 2.995160e-01
455 6.996680e-01 7.000000e-04 2.996320e-01
456 6.995040e-01 7.280000e-04 2.997680e-01
457 6.993880e-01 7.280000e-04 2.998840e-01
458 6.993040e-01 7.200000e-04 2.999760e-01
459 6.991880e-01 7.240000e-04 3.000880e-01
460 6.991160e-01 6.600000e-04 3.002240e-01
461 6.990000e-01 6.840000e-04 3.003160e-01
462 6.989120e-01 6.960000e-04 3.003920e-01
463 6.988120e-01 6.800000e-04 3.005080e-01
464 6.987560e-01 6.360000e-04 3.006080e-01
465 6.986680e-01 6.200000e-04 3.007120e-01
466 6.985880e-01 5.680000e-04 3.008440e-01
467 6.985400e-01 5.520000e-04 3.009080e-01
468 6.985080e-01 4.840000e-04 3.010080e-01
469 6.984280e-01 4.680000e-04 3.011040e-01
470 6.983600e-01 4.640000e-04 3.011760e-01
471 6.983080e-01 4.200000e-04 3.012720e-01
472 6.982320e-01 4.280000e-04 3.013400e-01
473 6.981680e-01 4.320000e-04 3.014000e-01
474 6.981160e-01 4.080000e-04 3.014760e-01
475 6.980840e-01 3.800000e-04 3.015360e-01
476 6.980480e-01 3.440000e-04 3.016080e-01
477 6.979960e-01 3.400000e-04 3.016640e-01
478 6.979440e-01 2.880000e-04 3.017680e-01
479 6.978800e-01 3.000000e-04 3.018200e-01
480 6.978480e-01 2.760000e-04 3.018760e-01
481 6.978040e-01 2.640000e-04 3.019320e-01
482 6.977280e-01 2.760000e-04 3.019960e-01
483 6.976600e-01 2.880000e-04 3.020520e-01
484 6.976280e-01 2.560000e-04 3.021160e-01
485 6.976160e-01 2.160000e-04 3.021680e-01
486 6.975360e-01 2.640000e-04 3.022000e-01
487 6.974880e-01 2.440000e-04 3.022680e-01
488 6.974160e-01 2.760000e-04 3.023080e-01
489 6.973600e-01 2.800000e-04 3.023600e-01
490 6.973160e-01 2.760000e-04 3.024080e-01
491 6.972240e-01 3.080000e-04 3.024680e-01
492 6.971160e-01 3.600000e-04 3.025240e-01
493 6.970600e-01 3.680000e-04 3.025720e-01
494 6.970080e-01 3.480000e-04 3.026440e-01
495 6.969400e-01 3.520000e-04 3.027080e-01
496 6.968960e-01 3.400000e-04 3.027640e-01
497 6.968480e-01 3.240000e-04 3.028280e-01
498 6.968280e-01 2.920000e-04 3.028800e-01
499 6.967720e-01 2.960000e-04 3.029320e-01
500 6.967400e-01 2.680000e-04 3.029920e-01
