1 9.991480e-01 7.720000e-04 8.000000e-05
2 9.986560e-01 1.136000e-03 2.080000e-04
3 9.980600e-01 1.508000e-03 4.320000e-04
4 9.971960e-01 2.048000e-03 7.560000e-04
5 9.963200e-01 2.484000e-03 1.196000e-03
6 9.954680e-01 2.908000e-03 1.624000e-03
7 9.943360e-01 3.560000e-03 2.104000e-03
8 9.932040e-01 4.100000e-03 2.696000e-03
9 9.921240e-01 4.308000e-03 3.568000e-03
10 9.911480e-01 4.508000e-03 4.344000e-03
11 9.900280e-01 4.748000e-03 5.224000e-03
12 9.888360e-01 5.064000e-03 6.100000e-03
13 9.877160e-01 5.288000e-03 6.996000e-03
14 9.863800e-01 5.612000e-03 8.008000e-03
15 9.851160e-01 5.912000e-03 8.972000e-03
16 9.838520e-01 6.136000e-03 1.001200e-02
17 9.825040e-01 6.360000e-03 1.113600e-02
18 9.810000e-01 6.828000e-03 1.217200e-02
19 9.793440e-01 7.344000e-03 1.331200e-02
20 9.776680e-01 7.600000e-03 1.473200e-02
21 9.761520e-01 7.624000e-03 1.622400e-02
22 9.745720e-01 7.940000e-03 1.748800e-02
23 9.728520e-01 8.188000e-03 1.896000e-02
24 9.711000e-01 8.512000e-03 2.038800e-02
25 9.693920e-01 8.820000e-03 2.178800e-02
26 9.677600e-01 8.852000e-03 2.338800e-02
27 9.660080e-01 9.012000e-03 2.498000e-02
28 9.644200e-01 8.964000e-03 2.661600e-02
29 9.627320e-01 9.064000e-03 2.820400e-02
30 9.611160e-01 9.040000e-03 2.984400e-02
31 9.594240e-01 9.136000e-03 3.144000e-02
32 9.576840e-01 9.356000e-03 3.296000e-02
33 9.558320e-01 9.416000e-03 3.475200e-02
34 9.540560e-01 9.652000e-03 3.629200e-02
35 9.522640e-01 9.756000e-03 3.798000e-02
36 9.505200e-01 9.836000e-03 3.964400e-02
37 9.486480e-01 1.006400e-02 4.128800e-02
38 9.469640e-01 9.848000e-03 4.318800e-02
39 9.452840e-01 9.884000e-03 4.483200e-02
40 9.435200e-01 9.904000e-03 4.657600e-02
41 9.417400e-01 1.004400e-02 4.821600e-02
42 9.399760e-01 9.956000e-03 5.006800e-02
43 9.382640e-01 1.000800e-02 5.172800e-02
44 9.363480e-01 1.018000e-02 5.347200e-02
45 9.344760e-01 1.027200e-02 5.525200e-02
46 9.325920e-01 1.036400e-02 5.704400e-02
47 9.307280e-01 1.048000e-02 5.879200e-02
48 9.289040e-01 1.064000e-02 6.045600e-02
49 9.268360e-01 1.084000e-02 6.232400e-02
50 9.250120e-01 1.080000e-02 6.418800e-02
51 9.231720e-01 1.076000e-02 6.606800e-02
52 9.211880e-01 1.090000e-02 6.791200e-02
53 9.192440e-01 1.083600e-02 6.992000e-02
54 9.174240e-01 1.072000e-02 7.185600e-02
55 9.155760e-01 1.068400e-02 7.374000e-02
56 9.137360e-01 1.056800e-02 7.569600e-02
57 9.118080e-01 1.084400e-02 7.734800e-02
58 9.096080e-01 1.104800e-02 7.934400e-02
59 9.078520e-01 1.085200e-02 8.129600e-02
60 9.060360e-01 1.082800e-02 8.313600e-02
61 9.040720e-01 1.084800e-02 8.508000e-02
62 9.021800e-01 1.079200e-02 8.702800e-02
63 9.001760e-01 1.084400e-02 8.898000e-02
64 8.982640e-01 1.086400e-02 9.087200e-02
65 8.964880e-01 1.076800e-02 9.274400e-02
66 8.945040e-01 1.093200e-02 9.456400e-02
67 8.926080e-01 1.088000e-02 9.651200e-02
68 8.907520e-01 1.090800e-02 9.834000e-02
69 8.888520e-01 1.098400e-02 1.001640e-01
70 8.869240e-01 1.109600e-02 1.019800e-01
71 8.850720e-01 1.087600e-02 1.040520e-01
72 8.832680e-01 1.094000e-02 1.057920e-01
73 8.813080e-01 1.104400e-02 1.076480e-01
74 8.794000e-01 1.099200e-02 1.096080e-01
75 8.775040e-01 1.098800e-02 1.115080e-01
76 8.756880e-01 1.097600e-02 1.133360e-01
77 8.738560e-01 1.099600e-02 1.151480e-01
78 8.717560e-01 1.113200e-02 1.171120e-01
79 8.699080e-01 1.104800e-02 1.190440e-01
80 8.679840e-01 1.112400e-02 1.208920e-01
81 8.659560e-01 1.117600e-02 1.228680e-01
82 8.640720e-01 1.096400e-02 1.249640e-01
83 8.622080e-01 1.108000e-02 1.267120e-01
84 8.602200e-01 1.114000e-02 1.286400e-01
85 8.582880e-01 1.102400e-02 1.306880e-01
86 8.564720e-01 1.095200e-02 1.325760e-01
87 8.545160e-01 1.104000e-02 1.344440e-01
88 8.526680e-01 1.083600e-02 1.364960e-01
89 8.508400e-01 1.079200e-02 1.383680e-01
90 8.491080e-01 1.059200e-02 1.403000e-01
91 8.473840e-01 1.044000e-02 1.421760e-01
92 8.459080e-01 1.015600e-02 1.439360e-01
93 8.442600e-01 1.006400e-02 1.456760e-01
94 8.425160e-01 1.002000e-02 1.474640e-01
95 8.408080e-01 1.002400e-02 1.491680e-01
96 8.390600e-01 9.824000e-03 1.511160e-01
97 8.374520e-01 9.684000e-03 1.528640e-01
98 8.357200e-01 9.788000e-03 1.544920e-01
99 8.340360e-01 9.760000e-03 1.562040e-01
100 8.322120e-01 9.772000e-03 1.580160e-01
101 8.304720e-01 9.916000e-03 1.596120e-01
102 8.286560e-01 9.860000e-03 1.614840e-01
103 8.269760e-01 9.808000e-03 1.632160e-01
104 8.254160e-01 9.628000e-03 1.649560e-01
105 8.239480e-01 9.360000e-03 1.666920e-01
106 8.220880e-01 9.532000e-03 1.683800e-01
107 8.203560e-01 9.700000e-03 1.699440e-01
108 8.186600e-01 9.584000e-03 1.717560e-01
109 8.171040e-01 9.428000e-03 1.734680e-01
110 8.153960e-01 9.412000e-03 1.751920e-01
111 8.136640e-01 9.652000e-03 1.766840e-01
112 8.118520e-01 9.668000e-03 1.784800e-01
113 8.102040e-01 9.612000e-03 1.801840e-01
114 8.086320e-01 9.480000e-03 1.818880e-01
115 8.070200e-01 9.348000e-03 1.836320e-01
116 8.057160e-01 9.144000e-03 1.851400e-01
117 8.042720e-01 9.028000e-03 1.867000e-01
118 8.028520e-01 8.900000e-03 1.882480e-01
119 8.013640e-01 8.972000e-03 1.896640e-01
120 7.998160e-01 8.964000e-03 1.912200e-01
121 7.983360e-01 8.792000e-03 1.928720e-01
122 7.967480e-01 8.728000e-03 1.945240e-01
123 7.953480e-01 8.760000e-03 1.958920e-01
124 7.939480e-01 8.564000e-03 1.974880e-01
125 7.925960e-01 8.424000e-03 1.989800e-01
126 7.912240e-01 8.228000e-03 2.005480e-01
127 7.896760e-01 8.304000e-03 2.020200e-01
128 7.882680e-01 8.200000e-03 2.035320e-01
129 7.868880e-01 7.992000e-03 2.051200e-01
130 7.855400e-01 7.912000e-03 2.065480e-01
131 7.842520e-01 7.708000e-03 2.080400e-01
132 7.828480e-01 7.768000e-03 2.093840e-01
133 7.815120e-01 7.772000e-03 2.107160e-01
134 7.802040e-01 7.664000e-03 2.121320e-01
135 7.788440e-01 7.752000e-03 2.134040e-01
136 7.773800e-01 7.796000e-03 2.148240e-01
137 7.760600e-01 7.716000e-03 2.162240e-01
138 7.746080e-01 7.852000e-03 2.175400e-01
139 7.731760e-01 7.888000e-03 2.189360e-01
140 7.717480e-01 7.964000e-03 2.202880e-01
141 7.703720e-01 7.996000e-03 2.216320e-01
142 7.690360e-01 7.928000e-03 2.230360e-01
143 7.677920e-01 7.832000e-03 2.243760e-01
144 7.665480e-01 7.772000e-03 2.256800e-01
145 7.652040e-01 7.836000e-03 2.269600e-01
146 7.637840e-01 7.840000e-03 2.283760e-01
147 7.624120e-01 7.788000e-03 2.298000e-01
148 7.611000e-01 7.816000e-03 2.310840e-01
149 7.595960e-01 7.940000e-03 2.324640e-01
150 7.583400e-01 7.676000e-03 2.339840e-01
151 7.571760e-01 7.532000e-03 2.352920e-01
152 7.560480e-01 7.308000e-03 2.366440e-01
153 7.545440e-01 7.584000e-03 2.378720e-01
154 7.532160e-01 7.672000e-03 2.391120e-01
155 7.518440e-01 7.664000e-03 2.404920e-01
156 7.504800e-01 7.608000e-03 2.419120e-01
157 7.492440e-01 7.448000e-03 2.433080e-01
158 7.478480e-01 7.632000e-03 2.445200e-01
159 7.465320e-01 7.680000e-03 2.457880e-01
160 7.452440e-01 7.684000e-03 2.470720e-01
161 7.438080e-01 7.784000e-03 2.484080e-01
162 7.425320e-01 7.552000e-03 2.499160e-01
163 7.411840e-01 7.640000e-03 2.511760e-01
164 7.398320e-01 7.736000e-03 2.524320e-01
165 7.385280e-01 7.676000e-03 2.537960e-01
166 7.372600e-01 7.572000e-03 2.551680e-01
167 7.358840e-01 7.564000e-03 2.565520e-01
168 7.345920e-01 7.568000e-03 2.578400e-01
169 7.333360e-01 7.424000e-03 2.592400e-01
170 7.321320e-01 7.284000e-03 2.605840e-01
171 7.309160e-01 7.256000e-03 2.618280e-01
172 7.296240e-01 7.280000e-03 2.630960e-01
173 7.283760e-01 7.268000e-03 2.643560e-01
174 7.271720e-01 7.296000e-03 2.655320e-01
175 7.257600e-01 7.352000e-03 2.668880e-01
176 7.244200e-01 7.268000e-03 2.683120e-01
177 7.230360e-01 7.364000e-03 2.696000e-01
178 7.217480e-01 7.336000e-03 2.709160e-01
179 7.206120e-01 7.188000e-03 2.722000e-01
180 7.193720e-01 7.144000e-03 2.734840e-01
181 7.182080e-01 7.060000e-03 2.747320e-01
182 7.170520e-01 6.940000e-03 2.760080e-01
183 7.159920e-01 6.852000e-03 2.771560e-01
184 7.147880e-01 6.880000e-03 2.783320e-01
185 7.135960e-01 6.912000e-03 2.794920e-01
186 7.125040e-01 6.872000e-03 2.806240e-01
187 7.113800e-01 6.720000e-03 2.819000e-01
188 7.102120e-01 6.792000e-03 2.829960e-01
189 7.090120e-01 6.888000e-03 2.841000e-01
190 7.079240e-01 6.676000e-03 2.854000e-01
191 7.068600e-01 6.552000e-03 2.865880e-01
192 7.057880e-01 6.432000e-03 2.877800e-01
193 7.046280e-01 6.348000e-03 2.890240e-01
194 7.036280e-01 6.288000e-03 2.900840e-01
195 7.024960e-01 6.264000e-03 2.912400e-01
196 7.014160e-01 6.284000e-03 2.923000e-01
197 7.003600e-01 6.220000e-03 2.934200e-01
198 6.991400e-01 6.372000e-03 2.944880e-01
199 6.980960e-01 6.132000e-03 2.957720e-01
200 6.970760e-01 6.032000e-03 2.968920e-01
201 6.960160e-01 5.956000e-03 2.980280e-01
202 6.949880e-01 6.000000e-03 2.990120e-01
203 6.940040e-01 5.940000e-03 3.000560e-01
204 6.929400e-01 5.880000e-03 3.011800e-01
205 6.918400e-01 5.908000e-03 3.022520e-01
206 6.907720e-01 5.896000e-03 3.033320e-01
207 6.898760e-01 5.728000e-03 3.043960e-01
208 6.888960e-01 5.808000e-03 3.052960e-01
209 6.878480e-01 5.868000e-03 3.062840e-01
210 6.868040e-01 5.916000e-03 3.072800e-01
211 6.857400e-01 5.932000e-03 3.083280e-01
212 6.847520e-01 5.904000e-03 3.093440e-01
213 6.837720e-01 5.840000e-03 3.103880e-01
214 6.826720e-01 5.960000e-03 3.113680e-01
215 6.816760e-01 5.776000e-03 3.125480e-01
216 6.806800e-01 5.812000e-03 3.135080e-01
217 6.796200e-01 5.840000e-03 3.145400e-01
218 6.786040e-01 5.876000e-03 3.155200e-01
219 6.775720e-01 5.880000e-03 3.165480e-01
220 6.764560e-01 6.064000e-03 3.174800e-01
221 6.755200e-01 6.036000e-03 3.184440e-01
222 6.746320e-01 5.904000e-03 3.194640e-01
223 6.737480e-01 5.860000e-03 3.203920e-01
224 6.727320e-01 5.720000e-03 3.215480e-01
225 6.717320e-01 5.704000e-03 3.225640e-01
226 6.709000e-01 5.596000e-03 3.235040e-01
227 6.699920e-01 5.508000e-03 3.245000e-01
228 6.690000e-01 5.604000e-03 3.253960e-01
229 6.680240e-01 5.560000e-03 3.264160e-01
230 6.668960e-01 5.692000e-03 3.274120e-01
231 6.658920e-01 5.636000e-03 3.284720e-01
232 6.650520e-01 5.464000e-03 3.294840e-01
233 6.640840e-01 5.452000e-03 3.304640e-01
234 6.631600e-01 5.448000e-03 3.313920e-01
235 6.622080e-01 5.440000e-03 3.323520e-01
236 6.612480e-01 5.424000e-03 3.333280e-01
237 6.603760e-01 5.380000e-03 3.342440e-01
238 6.595000e-01 5.368000e-03 3.351320e-01
239 6.584840e-01 5.460000e-03 3.360560e-01
240 6.576400e-01 5.440000e-03 3.369200e-01
241 6.567840e-01 5.340000e-03 3.378760e-01
242 6.559440e-01 5.276000e-03 3.387800e-01
243 6.551200e-01 5.200000e-03 3.396800e-01
244 6.543720e-01 5.032000e-03 3.405960e-01
245 6.537120e-01 4.800000e-03 3.414880e-01
246 6.529480e-01 4.768000e-03 3.422840e-01
247 6.522280e-01 4.664000e-03 3.431080e-01
248 6.515280e-01 4.560000e-03 3.439120e-01
249 6.508120e-01 4.380000e-03 3.448080e-01
250 6.501520e-01 4.308000e-03 3.455400e-01
251 6.494200e-01 4.264000e-03 3.463160e-01
252 6.487480e-01 4.204000e-03 3.470480e-01
253 6.480840e-01 4.172000e-03 3.477440e-01
254 6.474680e-01 4.104000e-03 3.484280e-01
255 6.467640e-01 4.060000e-03 3.491760e-01
256 6.461240e-01 4.012000e-03 3.498640e-01
257 6.454560e-01 3.876000e-03 3.506680e-01
258 6.448600e-01 3.868000e-03 3.512720e-01
259 6.441800e-01 3.928000e-03 3.518920e-01
260 6.434680e-01 3.996000e-03 3.525360e-01
261 6.428600e-01 3.932000e-03 3.532080e-01
262 6.422440e-01 3.896000e-03 3.538600e-01
263 6.416000e-01 3.856000e-03 3.545440e-01
264 6.409720e-01 3.680000e-03 3.553480e-01
265 6.403920e-01 3.620000e-03 3.559880e-01
266 6.397600e-01 3.680000e-03 3.565600e-01
267 6.392200e-01 3.584000e-03 3.571960e-01
268 6.386120e-01 3.576000e-03 3.578120e-01
269 6.380880e-01 3.496000e-03 3.584160e-01
270 6.374680e-01 3.452000e-03 3.590800e-01
271 6.369520e-01 3.364000e-03 3.596840e-01
272 6.364280e-01 3.268000e-03 3.603040e-01
273 6.358240e-01 3.284000e-03 3.608920e-01
274 6.353120e-01 3.248000e-03 3.614400e-01
275 6.346840e-01 3.316000e-03 3.620000e-01
276 6.341080e-01 3.356000e-03 3.625360e-01
277 6.334240e-01 3.440000e-03 3.631360e-01
278 6.327960e-01 3.460000e-03 3.637440e-01
279 6.321680e-01 3.500000e-03 3.643320e-01
280 6.314640e-01 3.560000e-03 3.649760e-01
281 6.309200e-01 3.524000e-03 3.655560e-01
282 6.304240e-01 3.360000e-03 3.662160e-01
283 6.297880e-01 3.400000e-03 3.668120e-01
284 6.292440e-01 3.324000e-03 3.674320e-01
285 6.286720e-01 3.300000e-03 3.680280e-01
286 6.281400e-01 3.220000e-03 3.686400e-01
287 6.275520e-01 3.284000e-03 3.691640e-01
288 6.268600e-01 3.300000e-03 3.698400e-01
289 6.263800e-01 3.228000e-03 3.703920e-01
290 6.259200e-01 3.148000e-03 3.709320e-01
291 6.254800e-01 3.080000e-03 3.714400e-01
292 6.250400e-01 3.000000e-03 3.719600e-01
293 6.246000e-01 2.924000e-03 3.724760e-01
294 6.240880e-01 2.920000e-03 3.729920e-01
295 6.235680e-01 2.956000e-03 3.734760e-01
296 6.230320e-01 2.896000e-03 3.740720e-01
297 6.225160e-01 2.940000e-03 3.745440e-01
298 6.219880e-01 2.960000e-03 3.750520e-01
299 6.215200e-01 2.864000e-03 3.756160e-01
300 6.211600e-01 2.752000e-03 3.760880e-01
301 6.206920e-01 2.800000e-03 3.765080e-01
302 6.201640e-01 2.872000e-03 3.769640e-01
303 6.197440e-01 2.644000e-03 3.776120e-01
304 6.193120e-01 2.580000e-03 3.781080e-01
305 6.188120e-01 2.640000e-03 3.785480e-01
306 6.182760e-01 2.724000e-03 3.790000e-01
307 6.177720e-01 2.804000e-03 3.794240e-01
308 6.172760e-01 2.892000e-03 3.798320e-01
309 6.167920e-01 2.860000e-03 3.803480e-01
310 6.163160e-01 2.804000e-03 3.808800e-01
311 6.158200e-01 2.804000e-03 3.813760e-01
312 6.153840e-01 2.788000e-03 3.818280e-01
313 6.149040e-01 2.744000e-03 3.823520e-01
314 6.143960e-01 2.724000e-03 3.828800e-01
315 6.139040e-01 2.812000e-03 3.832840e-01
316 6.133920e-01 2.736000e-03 3.838720e-01
317 6.129400e-01 2.628000e-03 3.844320e-01
318 6.125440e-01 2.548000e-03 3.849080e-01
319 6.121080e-01 2.520000e-03 3.853720e-01
320 6.117360e-01 2.404000e-03 3.858600e-01
321 6.113560e-01 2.404000e-03 3.862400e-01
322 6.109960e-01 2.360000e-03 3.866440e-01
323 6.106480e-01 2.384000e-03 3.869680e-01
324 6.102240e-01 2.380000e-03 3.873960e-01
325 6.098480e-01 2.320000e-03 3.878320e-01
326 6.095040e-01 2.304000e-03 3.881920e-01
327 6.091960e-01 2.244000e-03 3.885600e-01
328 6.088160e-01 2.264000e-03 3.889200e-01
329 6.084320e-01 2.312000e-03 3.892560e-01
330 6.081200e-01 2.272000e-03 3.896080e-01
331 6.078200e-01 2.144000e-03 3.900360e-01
332 6.075160e-01 2.036000e-03 3.904480e-01
333 6.072120e-01 2.000000e-03 3.907880e-01
334 6.068760e-01 1.964000e-03 3.911600e-01
335 6.065680e-01 1.912000e-03 3.915200e-01
336 6.062520e-01 1.824000e-03 3.919240e-01
337 6.059240e-01 1.848000e-03 3.922280e-01
338 6.056320e-01 1.876000e-03 3.924920e-01
339 6.053280e-01 1.820000e-03 3.928520e-01
340 6.051000e-01 1.696000e-03 3.932040e-01
341 6.047920e-01 1.704000e-03 3.935040e-01
342 6.045320e-01 1.652000e-03 3.938160e-01
343 6.042840e-01 1.600000e-03 3.941160e-01
344 6.040600e-01 1.496000e-03 3.944440e-01
345 6.038840e-01 1.420000e-03 3.946960e-01
346 6.037480e-01 1.328000e-03 3.949240e-01
347 6.035640e-01 1.332000e-03 3.951040e-01
348 6.033200e-01 1.324000e-03 3.953560e-01
349 6.030960e-01 1.316000e-03 3.955880e-01
350 6.029400e-01 1.212000e-03 3.958480e-01
351 6.027280e-01 1.228000e-03 3.960440e-01
352 6.025160e-01 1.244000e-03 3.962400e-01
353 6.023200e-01 1.288000e-03 3.963920e-01
354 6.021520e-01 1.248000e-03 3.966000e-01
355 6.019560e-01 1.252000e-03 3.967920e-01
356 6.017240e-01 1.264000e-03 3.970120e-01
357 6.015400e-01 1.212000e-03 3.972480e-01
358 6.013080e-01 1.200000e-03 3.974920e-01
359 6.011360e-01 1.148000e-03 3.977160e-01
360 6.009320e-01 1.136000e-03 3.979320e-01
361 6.007520e-01 1.112000e-03 3.981360e-01
362 6.005920e-01 1.072000e-03 3.983360e-01
363 6.004320e-01 1.028000e-03 3.985400e-01
364 6.002640e-01 1.024000e-03 3.987120e-01
365 6.000440e-01 1.116000e-03 3.988400e-01
366 5.998240e-01 1.156000e-03 3.990200e-01
367 5.996240e-01 1.160000e-03 3.992160e-01
368 5.993880e-01 1.196000e-03 3.994160e-01
369 5.991280e-01 1.292000e-03 3.995800e-01
370 5.989600e-01 1.224000e-03 3.998160e-01
371 5.987720e-01 1.220000e-03 4.000080e-01
372 5.985680e-01 1.236000e-03 4.001960e-01
373 5.983720e-01 1.212000e-03 4.004160e-01
374 5.981840e-01 1.196000e-03 4.006200e-01
375 5.979960e-01 1.232000e-03 4.007720e-01
376 5.977760e-01 1.300000e-03 4.009240e-01
377 5.975760e-01 1.248000e-03 4.011760e-01
378 5.973400e-01 1.280000e-03 4.013800e-01
379 5.971000e-01 1.372000e-03 4.015280e-01
380 5.968720e-01 1.380000e-03 4.017480e-01
381 5.966400e-01 1.420000e-03 4.019400e-01
382 5.963800e-01 1.476000e-03 4.021440e-01
383 5.961400e-01 1.432000e-03 4.024280e-01
384 5.959080e-01 1.396000e-03 4.026960e-01
385 5.956880e-01 1.384000e-03 4.029280e-01
386 5.955120e-01 1.308000e-03 4.031800e-01
387 5.952720e-01 1.296000e-03 4.034320e-01
388 5.950960e-01 1.252000e-03 4.036520e-01
389 5.948280e-01 1.280000e-03 4.038920e-01
390 5.946400e-01 1.272000e-03 4.040880e-01
391 5.944280e-01 1.196000e-03 4.043760e-01
392 5.942200e-01 1.164000e-03 4.046160e-01
393 5.940040e-01 1.172000e-03 4.048240e-01
394 5.938280e-01 1.132000e-03 4.050400e-01
395 5.936080e-01 1.100000e-03 4.052920e-01
396 5.934480e-01 1.116000e-03 4.054360e-01
397 5.932320e-01 1.120000e-03 4.056480e-01
398 5.930480e-01 1.124000e-03 4.058280e-01
399 5.928240e-01 1.104000e-03 4.060720e-01
400 5.926560e-01 1.072000e-03 4.062720e-01
401 5.924360e-01 1.048000e-03 4.065160e-01
402 5.922080e-01 1.040000e-03 4.067520e-01
403 5.919960e-01 1.052000e-03 4.069520e-01
404 5.917680e-01 1.076000e-03 4.071560e-01
405 5.916240e-01 1.028000e-03 4.073480e-01
406 5.914200e-01 1.076000e-03 4.075040e-01
407 5.912480e-01 1.080000e-03 4.076720e-01
408 5.910200e-01 1.100000e-03 4.078800e-01
409 5.908440e-01 1.064000e-03 4.080920e-01
410 5.906840e-01 1.044000e-03 4.082720e-01
411 5.905480e-01 1.012000e-03 4.084400e-01
412 5.904320e-01 9.640000e-04 4.086040e-01
413 5.902920e-01 9.480000e-04 4.087600e-01
414 5.901760e-01 8.960000e-04 4.089280e-01
415 5.900880e-01 8.760000e-04 4.090360e-01
416 5.899560e-01 8.840000e-04 4.091600e-01
417 5.898720e-01 8.240000e-04 4.093040e-01
418 5.897720e-01 7.760000e-04 4.094520e-01
419 5.896440e-01 7.640000e-04 4.095920e-01
420 5.895280e-01 7.360000e-04 4.097360e-01
421 5.894200e-01 7.320000e-04 4.098480e-01
422 5.893200e-01 7.040000e-04 4.099760e-01
423 5.892160e-01 6.680000e-04 4.101160e-01
424 5.890840e-01 7.000000e-04 4.102160e-01
425 5.889560e-01 7.120000e-04 4.103320e-01
426 5.888400e-01 7.200000e-04 4.104400e-01
427 5.887360e-01 6.880000e-04 4.105760e-01
428 5.886320e-01 6.680000e-04 4.107000e-01
429 5.884840e-01 7.080000e-04 4.108080e-01
430 5.883240e-01 7.760000e-04 4.109000e-01
431 5.881880e-01 7.760000e-04 4.110360e-01
432 5.880400e-01 7.960000e-04 4.111640e-01
433 5.878960e-01 8.080000e-04 4.112960e-01
434 5.877440e-01 8.120000e-04 4.114440e-01
435 5.875920e-01 8.320000e-04 4.115760e-01
436 5.874240e-01 8.560000e-04 4.117200e-01
437 5.872680e-01 8.720000e-04 4.118600e-01
438 5.871520e-01 8.120000e-04 4.120360e-01
439 5.870320e-01 7.840000e-04 4.121840e-01
440 5.869480e-01 7.080000e-04 4.123440e-01
441 5.867880e-01 7.280000e-04 4.124840e-01
442 5.866800e-01 7.000000e-04 4.126200e-01
443 5.865560e-01 7.280000e-04 4.127160e-01
444 5.864840e-01 7.120000e-04 4.128040e-01
445 5.863640e-01 7.000000e-04 4.129360e-01
446 5.862920e-01 6.320000e-04 4.130760e-01
447 5.861680e-01 6.720000e-04 4.131600e-01
448 5.860360e-01 7.040000e-04 4.132600e-01
449 5.858800e-01 7.040000e-04 4.134160e-01
450 5.857480e-01 7.520000e-04 4.135000e-01
451 5.856360e-01 7.280000e-04 4.136360e-01
452 5.855480e-01 6.640000e-04 4.137880e-01
453 5.854440e-01 6.440000e-04 4.139120e-01
454 5.853200e-01 6.760000e-04 4.140040e-01
455 5.852160e-01 6.480000e-04 4.141360e-01
456 5.850720e-01 6.720000e-04 4.142560e-01
457 5.849840e-01 6.560000e-04 4.143600e-01
458 5.848960e-01 6.640000e-04 4.144400e-01
459 5.847640e-01 6.680000e-04 4.145680e-01
460 5.846440e-01 6.680000e-04 4.146880e-01
461 5.845760e-01 6.240000e-04 4.148000e-01
462 5.844760e-01 6.000000e-04 4.149240e-01
463 5.843720e-01 5.760000e-04 4.150520e-01
464 5.842760e-01 5.720000e-04 4.151520e-01
465 5.842160e-01 5.440000e-04 4.152400e-01
466 5.841440e-01 5.160000e-04 4.153400e-01
467 5.840760e-01 4.920000e-04 4.154320e-01
468 5.840080e-01 5.040000e-04 4.154880e-01
469 5.839440e-01 4.840000e-04 4.155720e-01
470 5.838960e-01 4.440000e-04 4.156600e-01
471 5.838400e-01 3.920000e-04 4.157680e-01
472 5.837640e-01 3.960000e-04 4.158400e-01
473 5.836880e-01 4.160000e-04 4.158960e-01
474 5.836280e-01 3.880000e-04 4.159840e-01
475 5.835680e-01 3.880000e-04 4.160440e-01
476 5.834720e-01 4.120000e-04 4.161160e-01
477 5.834280e-01 3.760000e-04 4.161960e-01
478 5.833360e-01 3.880000e-04 4.162760e-01
479 5.832640e-01 3.720000e-04 4.163640e-01
480 5.831920e-01 3.880000e-04 4.164200e-01
481 5.831200e-01 4.080000e-04 4.164720e-01
482 5.830400e-01 4.120000e-04 4.165480e-01
483 5.829320e-01 4.480000e-04 4.166200e-01
484 5.828640e-01 4.520000e-04 4.166840e-01
485 5.827440e-01 5.280000e-04 4.167280e-01
486 5.826440e-01 5.200000e-04 4.168360e-01
487 5.825360e-01 5.240000e-04 4.169400e-01
488 5.824440e-01 5.000000e-04 4.170560e-01
489 5.822960e-01 5.640000e-04 4.171400e-01
490 5.821960e-01 5.760000e-04 4.172280e-01
491 5.820880e-01 5.720000e-04 4.173400e-01
492 5.819960e-01 5.600000e-04 4.174440e-01
493 5.818960e-01 5.600000e-04 4.175440e-01
494 5.818320e-01 5.440000e-04 4.176240e-01
495 5.817640e-01 5.320000e-04 4.177040e-01
496 5.816920e-01 5.280000e-04 4.177800e-01
497 5.816200e-01 5.160000e-04 4.178640e-01
498 5.815160e-01 5.320000e-04 4.179520e-01
499 5.814520e-01 5.320000e-04 4.180160e-01
500 5.813680e-01 5.440000e-04 4.180880e-01
