1 9.992880e-01 6.080000e-04 1.040000e-04
2 9.988760e-01 8.800000e-04 2.440000e-04
3 9.983280e-01 1.208000e-03 4.640000e-04
4 9.977760e-01 1.576000e-03 6.480000e-04
5 9.971400e-01 1.944000e-03 9.160000e-04
6 9.964560e-01 2.288000e-03 1.256000e-03
7 9.955560e-01 2.764000e-03 1.680000e-03
8 9.947840e-01 3.012000e-03 2.204000e-03
9 9.939800e-01 3.288000e-03 2.732000e-03
10 9.930760e-01 3.624000e-03 3.300000e-03
11 9.921920e-01 3.920000e-03 3.888000e-03
12 9.913120e-01 4.076000e-03 4.612000e-03
13 9.904640e-01 4.236000e-03 5.300000e-03
14 9.895200e-01 4.492000e-03 5.988000e-03
15 9.885000e-01 4.668000e-03 6.832000e-03
16 9.874520e-01 4.896000e-03 7.652000e-03
17 9.865120e-01 4.992000e-03 8.496000e-03
18 9.853040e-01 5.332000e-03 9.364000e-03
19 9.843000e-01 5.452000e-03 1.024800e-02
20 9.830800e-01 5.748000e-03 1.117200e-02
21 9.819600e-01 5.776000e-03 1.226400e-02
22 9.809040e-01 5.816000e-03 1.328000e-02
23 9.797520e-01 5.900000e-03 1.434800e-02
24 9.786360e-01 5.976000e-03 1.538800e-02
25 9.775240e-01 6.004000e-03 1.647200e-02
26 9.763040e-01 6.164000e-03 1.753200e-02
27 9.749080e-01 6.400000e-03 1.869200e-02
28 9.735720e-01 6.640000e-03 1.978800e-02
29 9.723080e-01 6.788000e-03 2.090400e-02
30 9.711240e-01 6.744000e-03 2.213200e-02
31 9.698320e-01 6.832000e-03 2.333600e-02
32 9.687320e-01 6.732000e-03 2.453600e-02
33 9.675080e-01 6.924000e-03 2.556800e-02
34 9.661760e-01 7.172000e-03 2.665200e-02
35 9.647960e-01 7.304000e-03 2.790000e-02
36 9.634560e-01 7.440000e-03 2.910400e-02
37 9.620600e-01 7.568000e-03 3.037200e-02
38 9.606920e-01 7.600000e-03 3.170800e-02
39 9.594480e-01 7.572000e-03 3.298000e-02
40 9.580440e-01 7.512000e-03 3.444400e-02
41 9.567640e-01 7.608000e-03 3.562800e-02
42 9.554600e-01 7.636000e-03 3.690400e-02
43 9.542000e-01 7.508000e-03 3.829200e-02
44 9.529680e-01 7.372000e-03 3.966000e-02
45 9.515600e-01 7.524000e-03 4.091600e-02
46 9.502560e-01 7.524000e-03 4.222000e-02
47 9.489680e-01 7.508000e-03 4.352400e-02
48 9.478480e-01 7.476000e-03 4.467600e-02
49 9.465400e-01 7.420000e-03 4.604000e-02
50 9.453440e-01 7.336000e-03 4.732000e-02
51 9.439880e-01 7.376000e-03 4.863600e-02
52 9.427080e-01 7.380000e-03 4.991200e-02
53 9.413720e-01 7.496000e-03 5.113200e-02
54 9.399320e-01 7.612000e-03 5.245600e-02
55 9.384560e-01 7.656000e-03 5.388800e-02
56 9.370800e-01 7.640000e-03 5.528000e-02
57 9.357560e-01 7.612000e-03 5.663200e-02
58 9.345320e-01 7.564000e-03 5.790400e-02
59 9.331280e-01 7.644000e-03 5.922800e-02
60 9.318400e-01 7.564000e-03 6.059600e-02
61 9.303600e-01 7.696000e-03 6.194400e-02
62 9.290400e-01 7.648000e-03 6.331200e-02
63 9.278200e-01 7.588000e-03 6.459200e-02
64 9.265440e-01 7.512000e-03 6.594400e-02
65 9.251240e-01 7.648000e-03 6.722800e-02
66 9.238440e-01 7.544000e-03 6.861200e-02
67 9.224840e-01 7.516000e-03 7.000000e-02
68 9.209720e-01 7.708000e-03 7.132000e-02
69 9.196840e-01 7.640000e-03 7.267600e-02
70 9.186000e-01 7.252000e-03 7.414800e-02
71 9.172400e-01 7.260000e-03 7.550000e-02
72 9.158800e-01 7.292000e-03 7.682800e-02
73 9.146080e-01 7.352000e-03 7.804000e-02
74 9.133600e-01 7.300000e-03 7.934000e-02
75 9.118960e-01 7.452000e-03 8.065200e-02
76 9.106600e-01 7.420000e-03 8.192000e-02
77 9.091280e-01 7.588000e-03 8.328400e-02
78 9.077680e-01 7.616000e-03 8.461600e-02
79 9.063640e-01 7.644000e-03 8.599200e-02
80 9.050160e-01 7.652000e-03 8.733200e-02
81 9.035920e-01 7.732000e-03 8.867600e-02
82 9.021840e-01 7.776000e-03 9.004000e-02
83 9.007680e-01 7.816000e-03 9.141600e-02
84 8.992600e-01 8.020000e-03 9.272000e-02
85 8.977600e-01 8.032000e-03 9.420800e-02
86 8.962800e-01 8.168000e-03 9.555200e-02
87 8.945800e-01 8.484000e-03 9.693600e-02
88 8.929240e-01 8.596000e-03 9.848000e-02
89 8.914040e-01 8.572000e-03 1.000240e-01
90 8.897640e-01 8.796000e-03 1.014400e-01
91 8.882880e-01 8.760000e-03 1.029520e-01
92 8.867760e-01 8.740000e-03 1.044840e-01
93 8.852720e-01 8.800000e-03 1.059280e-01
94 8.836280e-01 8.860000e-03 1.075120e-01
95 8.821080e-01 8.660000e-03 1.092320e-01
96 8.806480e-01 8.564000e-03 1.107880e-01
97 8.792880e-01 8.508000e-03 1.122040e-01
98 8.778760e-01 8.568000e-03 1.135560e-01
99 8.763160e-01 8.748000e-03 1.149360e-01
100 8.748200e-01 8.576000e-03 1.166040e-01
101 8.733800e-01 8.640000e-03 1.179800e-01
102 8.720280e-01 8.388000e-03 1.195840e-01
103 8.705840e-01 8.332000e-03 1.210840e-01
104 8.690520e-01 8.316000e-03 1.226320e-01
105 8.675960e-01 8.376000e-03 1.240280e-01
106 8.660080e-01 8.488000e-03 1.255040e-01
107 8.645960e-01 8.396000e-03 1.270080e-01
108 8.629720e-01 8.528000e-03 1.285000e-01
109 8.615160e-01 8.512000e-03 1.299720e-01
110 8.600280e-01 8.496000e-03 1.314760e-01
111 8.584080e-01 8.668000e-03 1.329240e-01
112 8.568800e-01 8.676000e-03 1.344440e-01
113 8.551400e-01 8.824000e-03 1.360360e-01
114 8.532800e-01 9.092000e-03 1.376280e-01
115 8.514680e-01 9.300000e-03 1.392320e-01
116 8.499040e-01 9.252000e-03 1.408440e-01
117 8.483000e-01 9.132000e-03 1.425680e-01
118 8.467480e-01 9.100000e-03 1.441520e-01
119 8.452200e-01 9.056000e-03 1.457240e-01
120 8.436960e-01 9.120000e-03 1.471840e-01
121 8.420920e-01 9.184000e-03 1.487240e-01
122 8.405960e-01 9.052000e-03 1.503520e-01
123 8.390240e-01 9.004000e-03 1.519720e-01
124 8.375400e-01 8.976000e-03 1.534840e-01
125 8.360480e-01 8.944000e-03 1.550080e-01
126 8.345000e-01 8.896000e-03 1.566040e-01
127 8.331200e-01 8.680000e-03 1.582000e-01
128 8.317280e-01 8.632000e-03 1.596400e-01
129 8.303680e-01 8.332000e-03 1.613000e-01
130 8.291080e-01 8.152000e-03 1.627400e-01
131 8.278520e-01 7.984000e-03 1.641640e-01
132 8.265720e-01 7.828000e-03 1.656000e-01
133 8.254440e-01 7.576000e-03 1.669800e-01
134 8.241960e-01 7.412000e-03 1.683920e-01
135 8.229480e-01 7.348000e-03 1.697040e-01
136 8.217040e-01 7.288000e-03 1.710080e-01
137 8.205600e-01 7.136000e-03 1.723040e-01
138 8.194000e-01 7.100000e-03 1.735000e-01
139 8.183160e-01 7.012000e-03 1.746720e-01
140 8.171520e-01 6.980000e-03 1.758680e-01
141 8.161120e-01 6.824000e-03 1.770640e-01
142 8.150880e-01 6.648000e-03 1.782640e-01
143 8.138840e-01 6.724000e-03 1.793920e-01
144 8.127080e-01 6.688000e-03 1.806040e-01
145 8.116800e-01 6.480000e-03 1.818400e-01
146 8.105960e-01 6.304000e-03 1.831000e-01
147 8.096240e-01 6.144000e-03 1.842320e-01
148 8.086560e-01 6.048000e-03 1.852960e-01
149 8.077600e-01 5.868000e-03 1.863720e-01
150 8.068520e-01 5.780000e-03 1.873680e-01
151 8.058880e-01 5.836000e-03 1.882760e-01
152 8.049000e-01 5.792000e-03 1.893080e-01
153 8.040120e-01 5.648000e-03 1.903400e-01
154 8.030880e-01 5.604000e-03 1.913080e-01
155 8.021240e-01 5.552000e-03 1.923240e-01
156 8.012080e-01 5.596000e-03 1.931960e-01
157 8.000760e-01 5.824000e-03 1.941000e-01
158 7.992080e-01 5.644000e-03 1.951480e-01
159 7.982440e-01 5.648000e-03 1.961080e-01
160 7.973840e-01 5.496000e-03 1.971200e-01
161 7.965640e-01 5.328000e-03 1.981080e-01
162 7.956080e-01 5.356000e-03 1.990360e-01
163 7.946960e-01 5.452000e-03 1.998520e-01
164 7.938080e-01 5.300000e-03 2.008920e-01
165 7.929840e-01 5.172000e-03 2.018440e-01
166 7.921800e-01 5.044000e-03 2.027760e-01
167 7.913560e-01 4.892000e-03 2.037520e-01
168 7.904840e-01 4.828000e-03 2.046880e-01
169 7.897360e-01 4.700000e-03 2.055640e-01
170 7.888920e-01 4.688000e-03 2.064200e-01
171 7.880480e-01 4.724000e-03 2.072280e-01
172 7.872440e-01 4.784000e-03 2.079720e-01
173 7.864960e-01 4.676000e-03 2.088280e-01
174 7.856840e-01 4.692000e-03 2.096240e-01
175 7.849000e-01 4.604000e-03 2.104960e-01
176 7.840320e-01 4.672000e-03 2.112960e-01
177 7.832120e-01 4.752000e-03 2.120360e-01
178 7.824560e-01 4.720000e-03 2.128240e-01
179 7.815240e-01 4.816000e-03 2.136600e-01
180 7.805840e-01 4.928000e-03 2.144880e-01
181 7.797720e-01 4.824000e-03 2.154040e-01
182 7.790000e-01 4.820000e-03 2.161800e-01
183 7.782440e-01 4.704000e-03 2.170520e-01
184 7.774920e-01 4.580000e-03 2.179280e-01
185 7.766800e-01 4.616000e-03 2.187040e-01
186 7.759880e-01 4.576000e-03 2.194360e-01
187 7.752520e-01 4.492000e-03 2.202560e-01
188 7.744320e-01 4.560000e-03 2.210080e-01
189 7.737160e-01 4.492000e-03 2.217920e-01
190 7.729800e-01 4.424000e-03 2.225960e-01
191 7.722520e-01 4.328000e-03 2.234200e-01
192 7.715080e-01 4.308000e-03 2.241840e-01
193 7.707040e-01 4.392000e-03 2.249040e-01
194 7.699400e-01 4.440000e-03 2.256200e-01
195 7.692080e-01 4.372000e-03 2.264200e-01
196 7.684160e-01 4.324000e-03 2.272600e-01
197 7.675920e-01 4.396000e-03 2.280120e-01
198 7.667240e-01 4.456000e-03 2.288200e-01
199 7.657760e-01 4.592000e-03 2.296320e-01
200 7.649360e-01 4.656000e-03 2.304080e-01
201 7.641360e-01 4.660000e-03 2.312040e-01
202 7.633560e-01 4.632000e-03 2.320120e-01
203 7.624720e-01 4.636000e-03 2.328920e-01
204 7.617960e-01 4.460000e-03 2.337440e-01
205 7.610680e-01 4.484000e-03 2.344480e-01
206 7.603680e-01 4.464000e-03 2.351680e-01
207 7.596480e-01 4.372000e-03 2.359800e-01
208 7.589560e-01 4.328000e-03 2.367160e-01
209 7.582720e-01 4.196000e-03 2.375320e-01
210 7.575720e-01 4.156000e-03 2.382720e-01
211 7.568600e-01 4.164000e-03 2.389760e-01
212 7.563000e-01 4.016000e-03 2.396840e-01
213 7.557520e-01 3.852000e-03 2.403960e-01
214 7.550680e-01 3.932000e-03 2.410000e-01
215 7.543240e-01 4.012000e-03 2.416640e-01
216 7.537440e-01 3.856000e-03 2.424000e-01
217 7.531360e-01 3.804000e-03 2.430600e-01
218 7.524880e-01 3.772000e-03 2.437400e-01
219 7.517840e-01 3.756000e-03 2.444600e-01
220 7.510560e-01 3.828000e-03 2.451160e-01
221 7.503280e-01 3.844000e-03 2.458280e-01
222 7.495600e-01 3.888000e-03 2.465520e-01
223 7.489520e-01 3.868000e-03 2.471800e-01
224 7.482520e-01 3.808000e-03 2.479400e-01
225 7.475280e-01 3.872000e-03 2.486000e-01
226 7.468800e-01 3.912000e-03 2.492080e-01
227 7.462880e-01 3.704000e-03 2.500080e-01
228 7.456200e-01 3.716000e-03 2.506640e-01
229 7.449680e-01 3.644000e-03 2.513880e-01
230 7.444560e-01 3.548000e-03 2.519960e-01
231 7.438720e-01 3.528000e-03 2.526000e-01
232 7.433400e-01 3.352000e-03 2.533080e-01
233 7.427600e-01 3.368000e-03 2.538720e-01
234 7.420040e-01 3.548000e-03 2.544480e-01
235 7.414320e-01 3.540000e-03 2.550280e-01
236 7.408160e-01 3.528000e-03 2.556560e-01
237 7.401600e-01 3.540000e-03 2.563000e-01
238 7.394920e-01 3.568000e-03 2.569400e-01
239 7.389800e-01 3.548000e-03 2.574720e-01
240 7.383600e-01 3.632000e-03 2.580080e-01
241 7.377080e-01 3.636000e-03 2.586560e-01
242 7.370080e-01 3.736000e-03 2.592560e-01
243 7.363360e-01 3.748000e-03 2.599160e-01
244 7.356800e-01 3.752000e-03 2.605680e-01
245 7.350560e-01 3.800000e-03 2.611440e-01
246 7.344680e-01 3.724000e-03 2.618080e-01
247 7.338400e-01 3.696000e-03 2.624640e-01
248 7.332720e-01 3.596000e-03 2.631320e-01
249 7.325560e-01 3.656000e-03 2.637880e-01
250 7.320480e-01 3.496000e-03 2.644560e-01
251 7.313960e-01 3.520000e-03 2.650840e-01
252 7.308680e-01 3.452000e-03 2.656800e-01
253 7.303560e-01 3.348000e-03 2.662960e-01
254 7.298280e-01 3.304000e-03 2.668680e-01
255 7.293640e-01 3.188000e-03 2.674480e-01
256 7.289000e-01 3.096000e-03 2.680040e-01
257 7.284440e-01 2.988000e-03 2.685680e-01
258 7.279520e-01 2.940000e-03 2.691080e-01
259 7.275120e-01 2.896000e-03 2.695920e-01
260 7.269880e-01 2.952000e-03 2.700600e-01
261 7.265680e-01 2.884000e-03 2.705480e-01
262 7.261720e-01 2.720000e-03 2.711080e-01
263 7.258160e-01 2.668000e-03 2.715160e-01
264 7.254240e-01 2.600000e-03 2.719760e-01
265 7.250960e-01 2.528000e-03 2.723760e-01
266 7.246480e-01 2.524000e-03 2.728280e-01
267 7.242880e-01 2.452000e-03 2.732600e-01
268 7.238920e-01 2.416000e-03 2.736920e-01
269 7.234640e-01 2.336000e-03 2.742000e-01
270 7.231440e-01 2.256000e-03 2.746000e-01
271 7.227360e-01 2.292000e-03 2.749720e-01
272 7.223560e-01 2.268000e-03 2.753760e-01
273 7.220080e-01 2.232000e-03 2.757600e-01
274 7.216000e-01 2.196000e-03 2.762040e-01
275 7.212400e-01 2.204000e-03 2.765560e-01
276 7.208840e-01 2.184000e-03 2.769320e-01
277 7.205000e-01 2.176000e-03 2.773240e-01
278 7.201000e-01 2.196000e-03 2.777040e-01
279 7.197280e-01 2.220000e-03 2.780520e-01
280 7.193600e-01 2.180000e-03 2.784600e-01
281 7.189880e-01 2.216000e-03 2.787960e-01
282 7.186000e-01 2.208000e-03 2.791920e-01
283 7.182600e-01 2.144000e-03 2.795960e-01
284 7.179920e-01 2.032000e-03 2.799760e-01
285 7.176520e-01 2.048000e-03 2.803000e-01
286 7.172920e-01 2.032000e-03 2.806760e-01
287 7.169360e-01 2.048000e-03 2.810160e-01
288 7.165560e-01 2.092000e-03 2.813520e-01
289 7.162200e-01 2.072000e-03 2.817080e-01
290 7.159160e-01 2.028000e-03 2.820560e-01
291 7.156600e-01 1.932000e-03 2.824080e-01
292 7.153760e-01 1.840000e-03 2.827840e-01
293 7.151520e-01 1.796000e-03 2.830520e-01
294 7.148400e-01 1.800000e-03 2.833600e-01
295 7.145040e-01 1.788000e-03 2.837080e-01
296 7.141880e-01 1.800000e-03 2.840120e-01
297 7.138600e-01 1.820000e-03 2.843200e-01
298 7.135960e-01 1.812000e-03 2.845920e-01
299 7.132240e-01 1.916000e-03 2.848600e-01
300 7.129120e-01 1.896000e-03 2.851920e-01
301 7.125680e-01 1.948000e-03 2.854840e-01
302 7.122880e-01 1.932000e-03 2.857800e-01
303 7.119360e-01 1.884000e-03 2.861800e-01
304 7.116480e-01 1.812000e-03 2.865400e-01
305 7.112800e-01 1.880000e-03 2.868400e-01
306 7.109600e-01 1.868000e-03 2.871720e-01
307 7.106920e-01 1.812000e-03 2.874960e-01
308 7.104400e-01 1.776000e-03 2.877840e-01
309 7.101680e-01 1.720000e-03 2.881120e-01
310 7.099600e-01 1.600000e-03 2.884400e-01
311 7.097000e-01 1.556000e-03 2.887440e-01
312 7.094960e-01 1.440000e-03 2.890640e-01
313 7.092960e-01 1.356000e-03 2.893480e-01
314 7.090600e-01 1.344000e-03 2.895960e-01
315 7.088440e-01 1.324000e-03 2.898320e-01
316 7.086560e-01 1.284000e-03 2.900600e-01
317 7.084640e-01 1.284000e-03 2.902520e-01
318 7.082200e-01 1.308000e-03 2.904720e-01
319 7.080080e-01 1.264000e-03 2.907280e-01
320 7.077920e-01 1.260000e-03 2.909480e-01
321 7.075840e-01 1.256000e-03 2.911600e-01
322 7.073120e-01 1.336000e-03 2.913520e-01
323 7.071080e-01 1.288000e-03 2.916040e-01
324 7.069000e-01 1.248000e-03 2.918520e-01
325 7.066720e-01 1.296000e-03 2.920320e-01
326 7.064800e-01 1.268000e-03 2.922520e-01
327 7.062840e-01 1.300000e-03 2.924160e-01
328 7.060840e-01 1.300000e-03 2.926160e-01
329 7.058560e-01 1.312000e-03 2.928320e-01
330 7.057080e-01 1.232000e-03 2.930600e-01
331 7.055000e-01 1.244000e-03 2.932560e-01
332 7.053200e-01 1.164000e-03 2.935160e-01
333 7.051640e-01 1.104000e-03 2.937320e-01
334 7.049840e-01 1.148000e-03 2.938680e-01
335 7.047960e-01 1.152000e-03 2.940520e-01
336 7.046120e-01 1.132000e-03 2.942560e-01
337 7.044840e-01 1.092000e-03 2.944240e-01
338 7.042880e-01 1.100000e-03 2.946120e-01
339 7.041280e-01 1.028000e-03 2.948440e-01
340 7.039280e-01 1.060000e-03 2.950120e-01
341 7.037280e-01 1.036000e-03 2.952360e-01
342 7.035480e-01 1.052000e-03 2.954000e-01
343 7.033960e-01 9.880000e-04 2.956160e-01
344 7.032600e-01 9.800000e-04 2.957600e-01
345 7.031160e-01 9.400000e-04 2.959440e-01
346 7.029960e-01 8.840000e-04 2.961200e-01
347 7.028560e-01 8.360000e-04 2.963080e-01
348 7.027160e-01 8.120000e-04 2.964720e-01
349 7.025600e-01 8.040000e-04 2.966360e-01
350 7.024400e-01 7.960000e-04 2.967640e-01
351 7.023160e-01 7.960000e-04 2.968880e-01
352 7.022040e-01 7.800000e-04 2.970160e-01
353 7.020840e-01 7.400000e-04 2.971760e-01
354 7.019120e-01 7.880000e-04 2.973000e-01
355 7.018040e-01 7.760000e-04 2.974200e-01
356 7.016920e-01 7.360000e-04 2.975720e-01
357 7.015960e-01 7.280000e-04 2.976760e-01
358 7.014840e-01 7.240000e-04 2.977920e-01
359 7.013840e-01 6.840000e-04 2.979320e-01
360 7.012840e-01 6.640000e-04 2.980520e-01
361 7.011960e-01 6.440000e-04 2.981600e-01
362 7.010440e-01 6.880000e-04 2.982680e-01
363 7.009320e-01 6.880000e-04 2.983800e-01
364 7.007960e-01 6.960000e-04 2.985080e-01
365 7.006600e-01 6.840000e-04 2.986560e-01
366 7.005280e-01 6.840000e-04 2.987880e-01
367 7.004200e-01 6.640000e-04 2.989160e-01
368 7.003120e-01 6.480000e-04 2.990400e-01
369 7.002280e-01 6.280000e-04 2.991440e-01
370 7.001400e-01 6.360000e-04 2.992240e-01
371 7.000600e-01 5.960000e-04 2.993440e-01
372 6.999280e-01 6.440000e-04 2.994280e-01
373 6.998200e-01 6.160000e-04 2.995640e-01
374 6.996760e-01 6.320000e-04 2.996920e-01
375 6.995720e-01 6.040000e-04 2.998240e-01
376 6.994720e-01 5.720000e-04 2.999560e-01
377 6.993400e-01 6.200000e-04 3.000400e-01
378 6.992120e-01 6.840000e-04 3.001040e-01
379 6.990920e-01 7.000000e-04 3.002080e-01
380 6.990120e-01 6.520000e-04 3.003360e-01
381 6.989640e-01 6.160000e-04 3.004200e-01
382 6.988560e-01 6.040000e-04 3.005400e-01
383 6.986920e-01 6.720000e-04 3.006360e-01
384 6.985840e-01 6.600000e-04 3.007560e-01
385 6.984800e-01 6.440000e-04 3.008760e-01
386 6.983760e-01 6.360000e-04 3.009880e-01
387 6.982680e-01 6.240000e-04 3.011080e-01
388 6.981600e-01 6.240000e-04 3.012160e-01
389 6.980600e-01 6.480000e-04 3.012920e-01
390 6.979920e-01 5.880000e-04 3.014200e-01
391 6.978880e-01 6.080000e-04 3.015040e-01
392 6.978040e-01 6.040000e-04 3.015920e-01
393 6.976880e-01 6.400000e-04 3.016720e-01
394 6.975600e-01 6.440000e-04 3.017960e-01
395 6.974120e-01 6.680000e-04 3.019200e-01
396 6.972840e-01 6.840000e-04 3.020320e-01
397 6.971640e-01 6.760000e-04 3.021600e-01
398 6.970440e-01 6.560000e-04 3.023000e-01
399 6.969440e-01 6.440000e-04 3.024120e-01
400 6.968360e-01 6.520000e-04 3.025120e-01
401 6.967520e-01 6.280000e-04 3.026200e-01
402 6.966480e-01 6.240000e-04 3.027280e-01
403 6.965520e-01 6.400000e-04 3.028080e-01
404 6.964760e-01 6.360000e-04 3.028880e-01
405 6.963640e-01 6.320000e-04 3.030040e-01
406 6.961920e-01 6.880000e-04 3.031200e-01
407 6.961120e-01 6.640000e-04 3.032240e-01
408 6.960320e-01 6.520000e-04 3.033160e-01
409 6.959240e-01 6.040000e-04 3.034720e-01
410 6.958600e-01 5.880000e-04 3.035520e-01
411 6.957520e-01 6.160000e-04 3.036320e-01
412 6.956800e-01 6.080000e-04 3.037120e-01
413 6.955440e-01 6.080000e-04 3.038480e-01
414 6.954240e-01 6.320000e-04 3.039440e-01
415 6.953200e-01 6.400000e-04 3.040400e-01
416 6.952400e-01 5.800000e-04 3.041800e-01
417 6.951480e-01 5.520000e-04 3.043000e-01
418 6.950760e-01 5.320000e-04 3.043920e-01
419 6.949800e-01 5.560000e-04 3.044640e-01
420 6.948880e-01 5.560000e-04 3.045560e-01
421 6.947840e-01 5.680000e-04 3.046480e-01
422 6.946720e-01 5.640000e-04 3.047640e-01
423 6.945760e-01 5.160000e-04 3.049080e-01
424 6.945040e-01 5.000000e-04 3.049960e-01
425 6.944480e-01 4.400000e-04 3.051120e-01
426 6.943960e-01 4.280000e-04 3.051760e-01
427 6.943160e-01 4.400000e-04 3.052440e-01
428 6.941960e-01 4.720000e-04 3.053320e-01
429 6.941280e-01 4.600000e-04 3.054120e-01
430 6.940480e-01 4.640000e-04 3.054880e-01
431 6.939680e-01 4.600000e-04 3.055720e-01
432 6.939120e-01 4.160000e-04 3.056720e-01
433 6.938120e-01 4.040000e-04 3.057840e-01
434 6.937280e-01 3.760000e-04 3.058960e-01
435 6.936440e-01 3.640000e-04 3.059920e-01
436 6.935560e-01 3.760000e-04 3.060680e-01
437 6.934920e-01 3.880000e-04 3.061200e-01
438 6.934000e-01 4.040000e-04 3.061960e-01
439 6.932920e-01 4.560000e-04 3.062520e-01
440 6.931960e-01 4.720000e-04 3.063320e-01
441 6.930960e-01 4.880000e-04 3.064160e-01
442 6.929840e-01 5.160000e-04 3.065000e-01
443 6.928920e-01 5.240000e-04 3.065840e-01
444 6.927640e-01 5.400000e-04 3.066960e-01
445 6.926480e-01 5.720000e-04 3.067800e-01
446 6.924800e-01 6.400000e-04 3.068800e-01
447 6.923120e-01 7.080000e-04 3.069800e-01
448 6.921720e-01 7.320000e-04 3.070960e-01
449 6.920560e-01 6.960000e-04 3.072480e-01
450 6.919520e-01 6.680000e-04 3.073800e-01
451 6.918480e-01 6.720000e-04 3.074800e-01
452 6.917320e-01 6.720000e-04 3.075960e-01
453 6.916320e-01 6.560000e-04 3.077120e-01
454 6.915400e-01 6.280000e-04 3.078320e-01
455 6.914200e-01 6.480000e-04 3.079320e-01
456 6.913000e-01 6.400000e-04 3.080600e-01
457 6.912120e-01 6.400000e-04 3.081480e-01
458 6.911440e-01 5.800000e-04 3.082760e-01
459 6.910040e-01 5.880000e-04 3.084080e-01
460 6.908840e-01 6.240000e-04 3.084920e-01
461 6.907560e-01 6.400000e-04 3.086040e-01
462 6.906800e-01 5.920000e-04 3.087280e-01
463 6.905920e-01 5.880000e-04 3.088200e-01
464 6.904760e-01 5.960000e-04 3.089280e-01
465 6.903280e-01 6.800000e-04 3.089920e-01
466 6.902280e-01 6.680000e-04 3.091040e-01
467 6.901400e-01 6.560000e-04 3.092040e-01
468 6.900600e-01 6.200000e-04 3.093200e-01
469 6.900120e-01 5.760000e-04 3.094120e-01
470 6.899480e-01 5.280000e-04 3.095240e-01
471 6.898880e-01 4.840000e-04 3.096280e-01
472 6.898200e-01 4.720000e-04 3.097080e-01
473 6.897680e-01 4.480000e-04 3.097840e-01
474 6.896800e-01 4.680000e-04 3.098520e-01
475 6.895800e-01 4.680000e-04 3.099520e-01
476 6.894840e-01 4.880000e-04 3.100280e-01
477 6.893360e-01 5.600000e-04 3.101040e-01
478 6.892320e-01 5.680000e-04 3.102000e-01
479 6.890760e-01 6.280000e-04 3.102960e-01
480 6.889600e-01 6.360000e-04 3.104040e-01
481 6.888400e-01 6.240000e-04 3.105360e-01
482 6.887280e-01 5.960000e-04 3.106760e-01
483 6.886120e-01 5.800000e-04 3.108080e-01
484 6.885040e-01 5.960000e-04 3.109000e-01
485 6.884080e-01 5.880000e-04 3.110040e-01
486 6.883080e-01 5.920000e-04 3.111000e-01
487 6.882120e-01 5.720000e-04 3.112160e-01
488 6.881160e-01 5.720000e-04 3.113120e-01
489 6.880400e-01 5.280000e-04 3.114320e-01
490 6.879560e-01 5.440000e-04 3.115000e-01
491 6.878680e-01 5.160000e-04 3.116160e-01
492 6.877520e-01 5.400000e-04 3.117080e-01
493 6.877000e-01 5.040000e-04 3.117960e-01
494 6.876080e-01 5.040000e-04 3.118880e-01
495 6.875160e-01 5.200000e-04 3.119640e-01
496 6.874440e-01 5.080000e-04 3.120480e-01
497 6.873800e-01 4.760000e-04 3.121440e-01
498 6.873160e-01 4.600000e-04 3.122240e-01
499 6.872320e-01 4.400000e-04 3.123280e-01
500 6.871680e-01 4.360000e-04 3.123960e-01
