1 9.991360e-01 7.640000e-04 1.000000e-04
2 9.986280e-01 1.112000e-03 2.600000e-04
3 9.979920e-01 1.524000e-03 4.840000e-04
4 9.972920e-01 1.884000e-03 8.240000e-04
5 9.965600e-01 2.320000e-03 1.120000e-03
6 9.958360e-01 2.620000e-03 1.544000e-03
7 9.951000e-01 2.840000e-03 2.060000e-03
8 9.942720e-01 3.180000e-03 2.548000e-03
9 9.933040e-01 3.520000e-03 3.176000e-03
10 9.923040e-01 3.820000e-03 3.876000e-03
11 9.912320e-01 4.180000e-03 4.588000e-03
12 9.901080e-01 4.636000e-03 5.256000e-03
13 9.889840e-01 5.008000e-03 6.008000e-03
14 9.877960e-01 5.388000e-03 6.816000e-03
15 9.865760e-01 5.556000e-03 7.868000e-03
16 9.853520e-01 5.808000e-03 8.840000e-03
17 9.839800e-01 6.240000e-03 9.780000e-03
18 9.826200e-01 6.472000e-03 1.090800e-02
19 9.812120e-01 6.684000e-03 1.210400e-02
20 9.799040e-01 6.784000e-03 1.331200e-02
21 9.786560e-01 6.692000e-03 1.465200e-02
22 9.774160e-01 6.764000e-03 1.582000e-02
23 9.760440e-01 6.956000e-03 1.700000e-02
24 9.748560e-01 7.008000e-03 1.813600e-02
25 9.735000e-01 7.180000e-03 1.932000e-02
26 9.722120e-01 7.248000e-03 2.054000e-02
27 9.707720e-01 7.480000e-03 2.174800e-02
28 9.693960e-01 7.472000e-03 2.313200e-02
29 9.679120e-01 7.644000e-03 2.444400e-02
30 9.663760e-01 7.788000e-03 2.583600e-02
31 9.650320e-01 7.816000e-03 2.715200e-02
32 9.636240e-01 7.872000e-03 2.850400e-02
33 9.620640e-01 8.024000e-03 2.991200e-02
34 9.605840e-01 8.132000e-03 3.128400e-02
35 9.591920e-01 7.988000e-03 3.282000e-02
36 9.576400e-01 8.080000e-03 3.428000e-02
37 9.562400e-01 7.976000e-03 3.578400e-02
38 9.547920e-01 8.032000e-03 3.717600e-02
39 9.534280e-01 7.908000e-03 3.866400e-02
40 9.520320e-01 8.000000e-03 3.996800e-02
41 9.506640e-01 7.908000e-03 4.142800e-02
42 9.492320e-01 7.968000e-03 4.280000e-02
43 9.478720e-01 7.976000e-03 4.415200e-02
44 9.465760e-01 7.808000e-03 4.561600e-02
45 9.452720e-01 7.744000e-03 4.698400e-02
46 9.439680e-01 7.632000e-03 4.840000e-02
47 9.426880e-01 7.400000e-03 4.991200e-02
48 9.413000e-01 7.496000e-03 5.120400e-02
49 9.396200e-01 7.956000e-03 5.242400e-02
50 9.379920e-01 8.284000e-03 5.372400e-02
51 9.365240e-01 8.340000e-03 5.513600e-02
52 9.350440e-01 8.200000e-03 5.675600e-02
53 9.336640e-01 8.164000e-03 5.817200e-02
54 9.322480e-01 8.172000e-03 5.958000e-02
55 9.307800e-01 8.228000e-03 6.099200e-02
56 9.291880e-01 8.352000e-03 6.246000e-02
57 9.274840e-01 8.560000e-03 6.395600e-02
58 9.258800e-01 8.664000e-03 6.545600e-02
59 9.241920e-01 8.804000e-03 6.700400e-02
60 9.226760e-01 8.668000e-03 6.865600e-02
61 9.212000e-01 8.648000e-03 7.015200e-02
62 9.197960e-01 8.608000e-03 7.159600e-02
63 9.183800e-01 8.608000e-03 7.301200e-02
64 9.168080e-01 8.820000e-03 7.437200e-02
65 9.153040e-01 8.644000e-03 7.605200e-02
66 9.139400e-01 8.380000e-03 7.768000e-02
67 9.125600e-01 8.360000e-03 7.908000e-02
68 9.111000e-01 8.384000e-03 8.051600e-02
69 9.096120e-01 8.404000e-03 8.198400e-02
70 9.081360e-01 8.328000e-03 8.353600e-02
71 9.067960e-01 8.160000e-03 8.504400e-02
72 9.052000e-01 8.300000e-03 8.650000e-02
73 9.038080e-01 8.248000e-03 8.794400e-02
74 9.024000e-01 8.212000e-03 8.938800e-02
75 9.009240e-01 8.192000e-03 9.088400e-02
76 8.995440e-01 8.204000e-03 9.225200e-02
77 8.979400e-01 8.360000e-03 9.370000e-02
78 8.965600e-01 8.308000e-03 9.513200e-02
79 8.950000e-01 8.332000e-03 9.666800e-02
80 8.935400e-01 8.324000e-03 9.813600e-02
81 8.921760e-01 8.152000e-03 9.967200e-02
82 8.906880e-01 8.220000e-03 1.010920e-01
83 8.892600e-01 8.208000e-03 1.025320e-01
84 8.879200e-01 8.180000e-03 1.039000e-01
85 8.865440e-01 8.212000e-03 1.052440e-01
86 8.850080e-01 8.328000e-03 1.066640e-01
87 8.836760e-01 8.228000e-03 1.080960e-01
88 8.820840e-01 8.420000e-03 1.094960e-01
89 8.806320e-01 8.352000e-03 1.110160e-01
90 8.792080e-01 8.196000e-03 1.125960e-01
91 8.776480e-01 8.376000e-03 1.139760e-01
92 8.760120e-01 8.560000e-03 1.154280e-01
93 8.744600e-01 8.704000e-03 1.168360e-01
94 8.730120e-01 8.668000e-03 1.183200e-01
95 8.715480e-01 8.572000e-03 1.198800e-01
96 8.701920e-01 8.540000e-03 1.212680e-01
97 8.687920e-01 8.512000e-03 1.226960e-01
98 8.672960e-01 8.556000e-03 1.241480e-01
99 8.656920e-01 8.572000e-03 1.257360e-01
100 8.642600e-01 8.464000e-03 1.272760e-01
101 8.626840e-01 8.636000e-03 1.286800e-01
102 8.612080e-01 8.592000e-03 1.302000e-01
103 8.595760e-01 8.704000e-03 1.317200e-01
104 8.580880e-01 8.536000e-03 1.333760e-01
105 8.565920e-01 8.512000e-03 1.348960e-01
106 8.550800e-01 8.564000e-03 1.363560e-01
107 8.536560e-01 8.384000e-03 1.379600e-01
108 8.522880e-01 8.236000e-03 1.394760e-01
109 8.507440e-01 8.332000e-03 1.409240e-01
110 8.493840e-01 8.356000e-03 1.422600e-01
111 8.479680e-01 8.228000e-03 1.438040e-01
112 8.466720e-01 8.112000e-03 1.452160e-01
113 8.453640e-01 8.016000e-03 1.466200e-01
114 8.439120e-01 8.192000e-03 1.478960e-01
115 8.423720e-01 8.332000e-03 1.492960e-01
116 8.410760e-01 8.124000e-03 1.508000e-01
117 8.395960e-01 8.056000e-03 1.523480e-01
118 8.380760e-01 8.084000e-03 1.538400e-01
119 8.365960e-01 8.116000e-03 1.552880e-01
120 8.349760e-01 8.272000e-03 1.567520e-01
121 8.334560e-01 8.392000e-03 1.581520e-01
122 8.320040e-01 8.444000e-03 1.595520e-01
123 8.304840e-01 8.500000e-03 1.610160e-01
124 8.290360e-01 8.564000e-03 1.624000e-01
125 8.274960e-01 8.596000e-03 1.639080e-01
126 8.260640e-01 8.588000e-03 1.653480e-01
127 8.245440e-01 8.568000e-03 1.668880e-01
128 8.229680e-01 8.544000e-03 1.684880e-01
129 8.214040e-01 8.604000e-03 1.699920e-01
130 8.199080e-01 8.580000e-03 1.715120e-01
131 8.186040e-01 8.432000e-03 1.729640e-01
132 8.172280e-01 8.380000e-03 1.743920e-01
133 8.158240e-01 8.244000e-03 1.759320e-01
134 8.144200e-01 8.104000e-03 1.774760e-01
135 8.129880e-01 8.084000e-03 1.789280e-01
136 8.115840e-01 8.076000e-03 1.803400e-01
137 8.102520e-01 8.168000e-03 1.815800e-01
138 8.089000e-01 8.000000e-03 1.831000e-01
139 8.075640e-01 7.972000e-03 1.844640e-01
140 8.063640e-01 7.804000e-03 1.858320e-01
141 8.049800e-01 7.872000e-03 1.871480e-01
142 8.037680e-01 7.784000e-03 1.884480e-01
143 8.026360e-01 7.656000e-03 1.897080e-01
144 8.014480e-01 7.568000e-03 1.909840e-01
145 8.003320e-01 7.304000e-03 1.923640e-01
146 7.992360e-01 7.200000e-03 1.935640e-01
147 7.981640e-01 7.048000e-03 1.947880e-01
148 7.970840e-01 6.904000e-03 1.960120e-01
149 7.960040e-01 6.792000e-03 1.972040e-01
150 7.949040e-01 6.732000e-03 1.983640e-01
151 7.937880e-01 6.752000e-03 1.994600e-01
152 7.927160e-01 6.576000e-03 2.007080e-01
153 7.916360e-01 6.384000e-03 2.019800e-01
154 7.906840e-01 6.236000e-03 2.030800e-01
155 7.897440e-01 6.060000e-03 2.041960e-01
156 7.886640e-01 6.112000e-03 2.052240e-01
157 7.876200e-01 6.084000e-03 2.062960e-01
158 7.865320e-01 6.064000e-03 2.074040e-01
159 7.856560e-01 5.776000e-03 2.085680e-01
160 7.846520e-01 5.788000e-03 2.095600e-01
161 7.836840e-01 5.820000e-03 2.104960e-01
162 7.826080e-01 5.980000e-03 2.114120e-01
163 7.816040e-01 5.884000e-03 2.125120e-01
164 7.806160e-01 5.964000e-03 2.134200e-01
165 7.795880e-01 5.980000e-03 2.144320e-01
166 7.786720e-01 5.808000e-03 2.155200e-01
167 7.776960e-01 5.624000e-03 2.166800e-01
168 7.767600e-01 5.612000e-03 2.176280e-01
169 7.757760e-01 5.600000e-03 2.186240e-01
170 7.748360e-01 5.536000e-03 2.196280e-01
171 7.738840e-01 5.572000e-03 2.205440e-01
172 7.729640e-01 5.552000e-03 2.214840e-01
173 7.720520e-01 5.572000e-03 2.223760e-01
174 7.710680e-01 5.604000e-03 2.233280e-01
175 7.701920e-01 5.400000e-03 2.244080e-01
176 7.693160e-01 5.364000e-03 2.253200e-01
177 7.685920e-01 5.128000e-03 2.262800e-01
178 7.677640e-01 5.008000e-03 2.272280e-01
179 7.669400e-01 4.864000e-03 2.281960e-01
180 7.660880e-01 4.816000e-03 2.290960e-01
181 7.652160e-01 4.848000e-03 2.299360e-01
182 7.644440e-01 4.804000e-03 2.307520e-01
183 7.634720e-01 4.940000e-03 2.315880e-01
184 7.625520e-01 4.920000e-03 2.325280e-01
185 7.617000e-01 5.004000e-03 2.332960e-01
186 7.607320e-01 5.064000e-03 2.342040e-01
187 7.599000e-01 5.032000e-03 2.350680e-01
188 7.590920e-01 4.960000e-03 2.359480e-01
189 7.583440e-01 4.816000e-03 2.368400e-01
190 7.575840e-01 4.748000e-03 2.376680e-01
191 7.568200e-01 4.736000e-03 2.384440e-01
192 7.561200e-01 4.592000e-03 2.392880e-01
193 7.554640e-01 4.404000e-03 2.401320e-01
194 7.546920e-01 4.472000e-03 2.408360e-01
195 7.539920e-01 4.436000e-03 2.415720e-01
196 7.533880e-01 4.248000e-03 2.423640e-01
197 7.528160e-01 4.056000e-03 2.431280e-01
198 7.521280e-01 4.036000e-03 2.438360e-01
199 7.515160e-01 4.036000e-03 2.444480e-01
200 7.508320e-01 4.024000e-03 2.451440e-01
201 7.501560e-01 4.032000e-03 2.458120e-01
202 7.494360e-01 4.000000e-03 2.465640e-01
203 7.486960e-01 4.052000e-03 2.472520e-01
204 7.480000e-01 4.100000e-03 2.479000e-01
205 7.472880e-01 4.156000e-03 2.485560e-01
206 7.467240e-01 3.944000e-03 2.493320e-01
207 7.461200e-01 3.876000e-03 2.500040e-01
208 7.454240e-01 3.960000e-03 2.506160e-01
209 7.448240e-01 3.820000e-03 2.513560e-01
210 7.442760e-01 3.772000e-03 2.519520e-01
211 7.437720e-01 3.608000e-03 2.526200e-01
212 7.431720e-01 3.656000e-03 2.531720e-01
213 7.425400e-01 3.656000e-03 2.538040e-01
214 7.420520e-01 3.628000e-03 2.543200e-01
215 7.414080e-01 3.576000e-03 2.550160e-01
216 7.408400e-01 3.524000e-03 2.556360e-01
217 7.403000e-01 3.444000e-03 2.562560e-01
218 7.397840e-01 3.312000e-03 2.569040e-01
219 7.392240e-01 3.280000e-03 2.574960e-01
220 7.386840e-01 3.212000e-03 2.581040e-01
221 7.382640e-01 3.048000e-03 2.586880e-01
222 7.377040e-01 3.072000e-03 2.592240e-01
223 7.371400e-01 3.056000e-03 2.598040e-01
224 7.365800e-01 3.096000e-03 2.603240e-01
225 7.360920e-01 3.084000e-03 2.608240e-01
226 7.356680e-01 3.040000e-03 2.612920e-01
227 7.352040e-01 2.952000e-03 2.618440e-01
228 7.347520e-01 2.868000e-03 2.623800e-01
229 7.342640e-01 2.884000e-03 2.628520e-01
230 7.337280e-01 2.904000e-03 2.633680e-01
231 7.331800e-01 2.944000e-03 2.638760e-01
232 7.326720e-01 2.872000e-03 2.644560e-01
233 7.321600e-01 2.868000e-03 2.649720e-01
234 7.316240e-01 2.940000e-03 2.654360e-01
235 7.310520e-01 2.948000e-03 2.660000e-01
236 7.305880e-01 2.916000e-03 2.664960e-01
237 7.299160e-01 3.068000e-03 2.670160e-01
238 7.293840e-01 3.132000e-03 2.674840e-01
239 7.288640e-01 3.020000e-03 2.681160e-01
240 7.283200e-01 3.080000e-03 2.686000e-01
241 7.278040e-01 3.040000e-03 2.691560e-01
242 7.273360e-01 2.940000e-03 2.697240e-01
243 7.268360e-01 2.908000e-03 2.702560e-01
244 7.263040e-01 2.944000e-03 2.707520e-01
245 7.257440e-01 2.980000e-03 2.712760e-01
246 7.251800e-01 3.024000e-03 2.717960e-01
247 7.246040e-01 3.072000e-03 2.723240e-01
248 7.241320e-01 2.996000e-03 2.728720e-01
249 7.237160e-01 2.880000e-03 2.734040e-01
250 7.232800e-01 2.748000e-03 2.739720e-01
251 7.227560e-01 2.836000e-03 2.744080e-01
252 7.222600e-01 2.868000e-03 2.748720e-01
253 7.217760e-01 2.900000e-03 2.753240e-01
254 7.213400e-01 2.844000e-03 2.758160e-01
255 7.208400e-01 2.816000e-03 2.763440e-01
256 7.203760e-01 2.736000e-03 2.768880e-01
257 7.198680e-01 2.844000e-03 2.772880e-01
258 7.192480e-01 2.988000e-03 2.777640e-01
259 7.186520e-01 3.012000e-03 2.783360e-01
260 7.179720e-01 3.100000e-03 2.789280e-01
261 7.173920e-01 3.136000e-03 2.794720e-01
262 7.168840e-01 3.148000e-03 2.799680e-01
263 7.163120e-01 3.164000e-03 2.805240e-01
264 7.157920e-01 3.140000e-03 2.810680e-01
265 7.152720e-01 3.088000e-03 2.816400e-01
266 7.148400e-01 2.980000e-03 2.821800e-01
267 7.142560e-01 3.112000e-03 2.826320e-01
268 7.137440e-01 3.080000e-03 2.831760e-01
269 7.132040e-01 3.108000e-03 2.836880e-01
270 7.127320e-01 3.036000e-03 2.842320e-01
271 7.121840e-01 3.092000e-03 2.847240e-01
272 7.117240e-01 3.000000e-03 2.852760e-01
273 7.112480e-01 2.944000e-03 2.858080e-01
274 7.107040e-01 3.044000e-03 2.862520e-01
275 7.101880e-01 3.060000e-03 2.867520e-01
276 7.096080e-01 3.068000e-03 2.873240e-01
277 7.090400e-01 3.104000e-03 2.878560e-01
278 7.085240e-01 3.092000e-03 2.883840e-01
279 7.080680e-01 2.948000e-03 2.889840e-01
280 7.076480e-01 2.824000e-03 2.895280e-01
281 7.071800e-01 2.736000e-03 2.900840e-01
282 7.067720e-01 2.652000e-03 2.905760e-01
283 7.062560e-01 2.692000e-03 2.910520e-01
284 7.058480e-01 2.672000e-03 2.914800e-01
285 7.053760e-01 2.680000e-03 2.919440e-01
286 7.048880e-01 2.748000e-03 2.923640e-01
287 7.043680e-01 2.752000e-03 2.928800e-01
288 7.039440e-01 2.688000e-03 2.933680e-01
289 7.034920e-01 2.660000e-03 2.938480e-01
290 7.030800e-01 2.592000e-03 2.943280e-01
291 7.026760e-01 2.532000e-03 2.947920e-01
292 7.023080e-01 2.472000e-03 2.952200e-01
293 7.019240e-01 2.412000e-03 2.956640e-01
294 7.015360e-01 2.340000e-03 2.961240e-01
295 7.012680e-01 2.216000e-03 2.965160e-01
296 7.009400e-01 2.244000e-03 2.968160e-01
297 7.006360e-01 2.220000e-03 2.971440e-01
298 7.002960e-01 2.152000e-03 2.975520e-01
299 6.999840e-01 2.140000e-03 2.978760e-01
300 6.996400e-01 2.064000e-03 2.982960e-01
301 6.993440e-01 2.048000e-03 2.986080e-01
302 6.989000e-01 2.160000e-03 2.989400e-01
303 6.985360e-01 2.156000e-03 2.993080e-01
304 6.981800e-01 2.176000e-03 2.996440e-01
305 6.978080e-01 2.168000e-03 3.000240e-01
306 6.974120e-01 2.156000e-03 3.004320e-01
307 6.971440e-01 2.040000e-03 3.008160e-01
308 6.968200e-01 2.008000e-03 3.011720e-01
309 6.965320e-01 1.936000e-03 3.015320e-01
310 6.961840e-01 1.976000e-03 3.018400e-01
311 6.959280e-01 1.868000e-03 3.022040e-01
312 6.957040e-01 1.720000e-03 3.025760e-01
313 6.954400e-01 1.712000e-03 3.028480e-01
314 6.951840e-01 1.668000e-03 3.031480e-01
315 6.948440e-01 1.672000e-03 3.034840e-01
316 6.945920e-01 1.660000e-03 3.037480e-01
317 6.943640e-01 1.620000e-03 3.040160e-01
318 6.940360e-01 1.684000e-03 3.042800e-01
319 6.937760e-01 1.620000e-03 3.046040e-01
320 6.935280e-01 1.600000e-03 3.048720e-01
321 6.933080e-01 1.560000e-03 3.051320e-01
322 6.930960e-01 1.476000e-03 3.054280e-01
323 6.928480e-01 1.480000e-03 3.056720e-01
324 6.926320e-01 1.448000e-03 3.059200e-01
325 6.923240e-01 1.592000e-03 3.060840e-01
326 6.920840e-01 1.556000e-03 3.063600e-01
327 6.918280e-01 1.524000e-03 3.066480e-01
328 6.915760e-01 1.508000e-03 3.069160e-01
329 6.912880e-01 1.544000e-03 3.071680e-01
330 6.910560e-01 1.480000e-03 3.074640e-01
331 6.907760e-01 1.508000e-03 3.077160e-01
332 6.905160e-01 1.468000e-03 3.080160e-01
333 6.902480e-01 1.504000e-03 3.082480e-01
334 6.900600e-01 1.428000e-03 3.085120e-01
335 6.897720e-01 1.432000e-03 3.087960e-01
336 6.895560e-01 1.376000e-03 3.090680e-01
337 6.893400e-01 1.332000e-03 3.093280e-01
338 6.891520e-01 1.276000e-03 3.095720e-01
339 6.889400e-01 1.260000e-03 3.098000e-01
340 6.886120e-01 1.292000e-03 3.100960e-01
341 6.883240e-01 1.352000e-03 3.103240e-01
342 6.880760e-01 1.384000e-03 3.105400e-01
343 6.878600e-01 1.428000e-03 3.107120e-01
344 6.875360e-01 1.480000e-03 3.109840e-01
345 6.873360e-01 1.416000e-03 3.112480e-01
346 6.871280e-01 1.368000e-03 3.115040e-01
347 6.868960e-01 1.288000e-03 3.118160e-01
348 6.866960e-01 1.228000e-03 3.120760e-01
349 6.864440e-01 1.240000e-03 3.123160e-01
350 6.862600e-01 1.180000e-03 3.125600e-01
351 6.860800e-01 1.160000e-03 3.127600e-01
352 6.858760e-01 1.144000e-03 3.129800e-01
353 6.856440e-01 1.184000e-03 3.131720e-01
354 6.853560e-01 1.312000e-03 3.133320e-01
355 6.851200e-01 1.324000e-03 3.135560e-01
356 6.848240e-01 1.396000e-03 3.137800e-01
357 6.845920e-01 1.420000e-03 3.139880e-01
358 6.843560e-01 1.420000e-03 3.142240e-01
359 6.840480e-01 1.452000e-03 3.145000e-01
360 6.837480e-01 1.536000e-03 3.147160e-01
361 6.834840e-01 1.572000e-03 3.149440e-01
362 6.831840e-01 1.584000e-03 3.152320e-01
363 6.828920e-01 1.632000e-03 3.154760e-01
364 6.826960e-01 1.508000e-03 3.157960e-01
365 6.824560e-01 1.508000e-03 3.160360e-01
366 6.822520e-01 1.420000e-03 3.163280e-01
367 6.820640e-01 1.328000e-03 3.166080e-01
368 6.818160e-01 1.336000e-03 3.168480e-01
369 6.815920e-01 1.352000e-03 3.170560e-01
370 6.813560e-01 1.348000e-03 3.172960e-01
371 6.811200e-01 1.304000e-03 3.175760e-01
372 6.809360e-01 1.224000e-03 3.178400e-01
373 6.807760e-01 1.180000e-03 3.180440e-01
374 6.805440e-01 1.204000e-03 3.182520e-01
375 6.803800e-01 1.144000e-03 3.184760e-01
376 6.801760e-01 1.168000e-03 3.186560e-01
377 6.799960e-01 1.112000e-03 3.188920e-01
378 6.798400e-01 1.060000e-03 3.191000e-01
379 6.796440e-01 1.064000e-03 3.192920e-01
380 6.793960e-01 1.124000e-03 3.194800e-01
381 6.792160e-01 1.092000e-03 3.196920e-01
382 6.790760e-01 1.032000e-03 3.198920e-01
383 6.789760e-01 9.440000e-04 3.200800e-01
384 6.788520e-01 9.200000e-04 3.202280e-01
385 6.787400e-01 8.640000e-04 3.203960e-01
386 6.786200e-01 8.200000e-04 3.205600e-01
387 6.785120e-01 8.080000e-04 3.206800e-01
388 6.784120e-01 7.760000e-04 3.208120e-01
389 6.782680e-01 7.640000e-04 3.209680e-01
390 6.781920e-01 7.320000e-04 3.210760e-01
391 6.780800e-01 7.280000e-04 3.211920e-01
392 6.779840e-01 7.120000e-04 3.213040e-01
393 6.778880e-01 6.640000e-04 3.214480e-01
394 6.778080e-01 6.480000e-04 3.215440e-01
395 6.777240e-01 5.840000e-04 3.216920e-01
396 6.776160e-01 6.160000e-04 3.217680e-01
397 6.775520e-01 5.640000e-04 3.218840e-01
398 6.774800e-01 5.000000e-04 3.220200e-01
399 6.774200e-01 4.360000e-04 3.221440e-01
400 6.773720e-01 4.040000e-04 3.222240e-01
401 6.773040e-01 3.960000e-04 3.223000e-01
402 6.772280e-01 4.000000e-04 3.223720e-01
403 6.771560e-01 4.120000e-04 3.224320e-01
404 6.770680e-01 4.160000e-04 3.225160e-01
405 6.769880e-01 4.320000e-04 3.225800e-01
406 6.768680e-01 4.640000e-04 3.226680e-01
407 6.767560e-01 4.760000e-04 3.227680e-01
408 6.766520e-01 5.160000e-04 3.228320e-01
409 6.765840e-01 4.840000e-04 3.229320e-01
410 6.764720e-01 5.160000e-04 3.230120e-01
411 6.763640e-01 5.520000e-04 3.230840e-01
412 6.762720e-01 5.280000e-04 3.232000e-01
413 6.761280e-01 5.840000e-04 3.232880e-01
414 6.760320e-01 5.760000e-04 3.233920e-01
415 6.759560e-01 5.520000e-04 3.234920e-01
416 6.758400e-01 5.720000e-04 3.235880e-01
417 6.757040e-01 6.080000e-04 3.236880e-01
418 6.755680e-01 6.320000e-04 3.238000e-01
419 6.754280e-01 6.480000e-04 3.239240e-01
420 6.753200e-01 6.440000e-04 3.240360e-01
421 6.752320e-01 6.160000e-04 3.241520e-01
422 6.751480e-01 5.520000e-04 3.243000e-01
423 6.750480e-01 5.600000e-04 3.243920e-01
424 6.749240e-01 6.040000e-04 3.244720e-01
425 6.748000e-01 5.960000e-04 3.246040e-01
426 6.747240e-01 5.640000e-04 3.247120e-01
427 6.746280e-01 5.560000e-04 3.248160e-01
428 6.745200e-01 5.680000e-04 3.249120e-01
429 6.743760e-01 6.240000e-04 3.250000e-01
430 6.742520e-01 6.040000e-04 3.251440e-01
431 6.741560e-01 5.960000e-04 3.252480e-01
432 6.740600e-01 5.920000e-04 3.253480e-01
433 6.739720e-01 5.920000e-04 3.254360e-01
434 6.738800e-01 6.000000e-04 3.255200e-01
435 6.737680e-01 6.040000e-04 3.256280e-01
436 6.736800e-01 6.000000e-04 3.257200e-01
437 6.735360e-01 6.360000e-04 3.258280e-01
438 6.734040e-01 6.520000e-04 3.259440e-01
439 6.733040e-01 6.120000e-04 3.260840e-01
440 6.731920e-01 6.080000e-04 3.262000e-01
441 6.731120e-01 5.960000e-04 3.262920e-01
442 6.730280e-01 5.560000e-04 3.264160e-01
443 6.729280e-01 5.720000e-04 3.265000e-01
444 6.728600e-01 5.520000e-04 3.265880e-01
445 6.727880e-01 5.240000e-04 3.266880e-01
446 6.727120e-01 5.160000e-04 3.267720e-01
447 6.726160e-01 5.200000e-04 3.268640e-01
448 6.725640e-01 4.800000e-04 3.269560e-01
449 6.724880e-01 4.800000e-04 3.270320e-01
450 6.724240e-01 4.760000e-04 3.271000e-01
451 6.723480e-01 4.440000e-04 3.272080e-01
452 6.722800e-01 4.040000e-04 3.273160e-01
453 6.722360e-01 4.120000e-04 3.273520e-01
454 6.721760e-01 4.120000e-04 3.274120e-01
455 6.721040e-01 4.120000e-04 3.274840e-01
456 6.720080e-01 4.120000e-04 3.275800e-01
457 6.719440e-01 3.880000e-04 3.276680e-01
458 6.719040e-01 3.640000e-04 3.277320e-01
459 6.718280e-01 3.800000e-04 3.277920e-01
460 6.717760e-01 3.920000e-04 3.278320e-01
461 6.716800e-01 4.000000e-04 3.279200e-01
462 6.716120e-01 4.280000e-04 3.279600e-01
463 6.715320e-01 4.240000e-04 3.280440e-01
464 6.714440e-01 4.320000e-04 3.281240e-01
465 6.713320e-01 4.760000e-04 3.281920e-01
466 6.712160e-01 4.960000e-04 3.282880e-01
467 6.711640e-01 4.640000e-04 3.283720e-01
468 6.710760e-01 4.600000e-04 3.284640e-01
469 6.710000e-01 4.600000e-04 3.285400e-01
470 6.709200e-01 4.600000e-04 3.286200e-01
471 6.708040e-01 4.880000e-04 3.287080e-01
472 6.707280e-01 5.040000e-04 3.287680e-01
473 6.706920e-01 4.400000e-04 3.288680e-01
474 6.705680e-01 4.920000e-04 3.289400e-01
475 6.704760e-01 4.800000e-04 3.290440e-01
476 6.703960e-01 4.680000e-04 3.291360e-01
477 6.703160e-01 4.960000e-04 3.291880e-01
478 6.702320e-01 5.160000e-04 3.292520e-01
479 6.701480e-01 4.960000e-04 3.293560e-01
480 6.700720e-01 4.720000e-04 3.294560e-01
481 6.699600e-01 4.960000e-04 3.295440e-01
482 6.698960e-01 4.520000e-04 3.296520e-01
483 6.698200e-01 4.760000e-04 3.297040e-01
484 6.697680e-01 4.680000e-04 3.297640e-01
485 6.696760e-01 4.800000e-04 3.298440e-01
486 6.695600e-01 5.280000e-04 3.299120e-01
487 6.694520e-01 5.360000e-04 3.300120e-01
488 6.693600e-01 5.160000e-04 3.301240e-01
489 6.692800e-01 4.880000e-04 3.302320e-01
490 6.691720e-01 5.200000e-04 3.303080e-01
491 6.690760e-01 5.320000e-04 3.303920e-01
492 6.689720e-01 5.480000e-04 3.304800e-01
493 6.688760e-01 5.640000e-04 3.305600e-01
494 6.687320e-01 6.120000e-04 3.306560e-01
495 6.685920e-01 6.240000e-04 3.307840e-01
496 6.685160e-01 6.000000e-04 3.308840e-01
497 6.684280e-01 5.960000e-04 3.309760e-01
498 6.683400e-01 5.840000e-04 3.310760e-01
499 6.682800e-01 5.360000e-04 3.311840e-01
500 6.681920e-01 5.200000e-04 3.312880e-01
