1 9.992120e-01 7.040000e-04 8.400000e-05
2 9.986400e-01 1.112000e-03 2.480000e-04
3 9.979560e-01 1.588000e-03 4.560000e-04
4 9.972120e-01 2.000000e-03 7.880000e-04
5 9.963280e-01 2.524000e-03 1.148000e-03
6 9.953920e-01 2.928000e-03 1.680000e-03
7 9.944280e-01 3.384000e-03 2.188000e-03
8 9.936080e-01 3.528000e-03 2.864000e-03
9 9.926280e-01 3.900000e-03 3.472000e-03
10 9.916600e-01 4.120000e-03 4.220000e-03
11 9.905160e-01 4.476000e-03 5.008000e-03
12 9.895320e-01 4.712000e-03 5.756000e-03
13 9.883600e-01 5.004000e-03 6.636000e-03
14 9.872240e-01 5.364000e-03 7.412000e-03
15 9.858440e-01 5.756000e-03 8.400000e-03
16 9.845360e-01 5.968000e-03 9.496000e-03
17 9.831000e-01 6.372000e-03 1.052800e-02
18 9.815920e-01 6.788000e-03 1.162000e-02
19 9.800320e-01 7.088000e-03 1.288000e-02
20 9.786960e-01 7.224000e-03 1.408000e-02
21 9.773000e-01 7.360000e-03 1.534000e-02
22 9.759240e-01 7.340000e-03 1.673600e-02
23 9.745680e-01 7.568000e-03 1.786400e-02
24 9.731880e-01 7.640000e-03 1.917200e-02
25 9.717000e-01 7.812000e-03 2.048800e-02
26 9.702560e-01 7.824000e-03 2.192000e-02
27 9.687200e-01 8.016000e-03 2.326400e-02
28 9.673240e-01 8.024000e-03 2.465200e-02
29 9.659480e-01 8.084000e-03 2.596800e-02
30 9.644880e-01 8.212000e-03 2.730000e-02
31 9.631440e-01 8.144000e-03 2.871200e-02
32 9.616840e-01 8.088000e-03 3.022800e-02
33 9.603160e-01 8.048000e-03 3.163600e-02
34 9.588200e-01 8.244000e-03 3.293600e-02
35 9.573000e-01 8.132000e-03 3.456800e-02
36 9.558720e-01 8.164000e-03 3.596400e-02
37 9.544160e-01 8.132000e-03 3.745200e-02
38 9.530040e-01 8.080000e-03 3.891600e-02
39 9.514840e-01 8.052000e-03 4.046400e-02
40 9.499440e-01 8.036000e-03 4.202000e-02
41 9.483440e-01 8.204000e-03 4.345200e-02
42 9.467240e-01 8.408000e-03 4.486800e-02
43 9.450720e-01 8.600000e-03 4.632800e-02
44 9.437000e-01 8.448000e-03 4.785200e-02
45 9.420520e-01 8.512000e-03 4.943600e-02
46 9.404640e-01 8.596000e-03 5.094000e-02
47 9.390200e-01 8.464000e-03 5.251600e-02
48 9.373800e-01 8.520000e-03 5.410000e-02
49 9.356960e-01 8.672000e-03 5.563200e-02
50 9.341640e-01 8.744000e-03 5.709200e-02
51 9.325440e-01 8.860000e-03 5.859600e-02
52 9.309000e-01 9.036000e-03 6.006400e-02
53 9.292640e-01 9.164000e-03 6.157200e-02
54 9.277080e-01 9.024000e-03 6.326800e-02
55 9.262040e-01 8.972000e-03 6.482400e-02
56 9.245320e-01 8.972000e-03 6.649600e-02
57 9.228720e-01 9.076000e-03 6.805200e-02
58 9.213160e-01 9.160000e-03 6.952400e-02
59 9.196720e-01 9.220000e-03 7.110800e-02
60 9.180080e-01 9.356000e-03 7.263600e-02
61 9.164120e-01 9.276000e-03 7.431200e-02
62 9.147920e-01 9.272000e-03 7.593600e-02
63 9.133480e-01 9.088000e-03 7.756400e-02
64 9.118080e-01 8.924000e-03 7.926800e-02
65 9.102280e-01 8.920000e-03 8.085200e-02
66 9.086040e-01 8.836000e-03 8.256000e-02
67 9.069840e-01 8.904000e-03 8.411200e-02
68 9.051920e-01 9.092000e-03 8.571600e-02
69 9.035440e-01 9.140000e-03 8.731600e-02
70 9.018040e-01 9.264000e-03 8.893200e-02
71 9.003800e-01 9.104000e-03 9.051600e-02
72 8.988680e-01 9.056000e-03 9.207600e-02
73 8.972400e-01 9.116000e-03 9.364400e-02
74 8.958880e-01 8.884000e-03 9.522800e-02
75 8.943160e-01 8.928000e-03 9.675600e-02
76 8.930040e-01 8.660000e-03 9.833600e-02
77 8.916040e-01 8.620000e-03 9.977600e-02
78 8.902880e-01 8.544000e-03 1.011680e-01
79 8.888800e-01 8.404000e-03 1.027160e-01
80 8.874480e-01 8.276000e-03 1.042760e-01
81 8.859240e-01 8.324000e-03 1.057520e-01
82 8.844000e-01 8.316000e-03 1.072840e-01
83 8.829160e-01 8.456000e-03 1.086280e-01
84 8.814800e-01 8.460000e-03 1.100600e-01
85 8.799040e-01 8.620000e-03 1.114760e-01
86 8.782120e-01 8.844000e-03 1.129440e-01
87 8.764680e-01 9.088000e-03 1.144440e-01
88 8.748600e-01 9.216000e-03 1.159240e-01
89 8.730920e-01 9.388000e-03 1.175200e-01
90 8.716520e-01 9.220000e-03 1.191280e-01
91 8.700600e-01 9.188000e-03 1.207520e-01
92 8.686200e-01 9.084000e-03 1.222960e-01
93 8.669600e-01 9.180000e-03 1.238600e-01
94 8.654640e-01 9.108000e-03 1.254280e-01
95 8.639280e-01 9.044000e-03 1.270280e-01
96 8.625200e-01 8.848000e-03 1.286320e-01
97 8.610520e-01 8.668000e-03 1.302800e-01
98 8.595480e-01 8.724000e-03 1.317280e-01
99 8.580840e-01 8.640000e-03 1.332760e-01
100 8.565960e-01 8.576000e-03 1.348280e-01
101 8.550040e-01 8.644000e-03 1.363520e-01
102 8.533800e-01 8.832000e-03 1.377880e-01
103 8.517640e-01 8.900000e-03 1.393360e-01
104 8.502040e-01 8.804000e-03 1.409920e-01
105 8.486880e-01 8.872000e-03 1.424400e-01
106 8.471640e-01 8.824000e-03 1.440120e-01
107 8.454520e-01 9.048000e-03 1.455000e-01
108 8.438200e-01 9.008000e-03 1.471720e-01
109 8.421760e-01 9.120000e-03 1.487040e-01
110 8.405440e-01 9.164000e-03 1.502920e-01
111 8.388360e-01 9.208000e-03 1.519560e-01
112 8.372960e-01 9.148000e-03 1.535560e-01
113 8.357400e-01 9.156000e-03 1.551040e-01
114 8.341920e-01 9.240000e-03 1.565680e-01
115 8.326040e-01 9.280000e-03 1.581160e-01
116 8.308080e-01 9.544000e-03 1.596480e-01
117 8.291320e-01 9.372000e-03 1.614960e-01
118 8.276200e-01 9.284000e-03 1.630960e-01
119 8.260200e-01 9.216000e-03 1.647640e-01
120 8.245080e-01 9.136000e-03 1.663560e-01
121 8.230640e-01 8.912000e-03 1.680240e-01
122 8.214760e-01 9.012000e-03 1.695120e-01
123 8.199920e-01 8.952000e-03 1.710560e-01
124 8.183640e-01 8.932000e-03 1.727040e-01
125 8.169120e-01 8.756000e-03 1.743320e-01
126 8.153560e-01 8.808000e-03 1.758360e-01
127 8.140280e-01 8.500000e-03 1.774720e-01
128 8.126400e-01 8.408000e-03 1.789520e-01
129 8.112680e-01 8.340000e-03 1.803920e-01
130 8.098680e-01 8.428000e-03 1.817040e-01
131 8.085360e-01 8.304000e-03 1.831600e-01
132 8.072840e-01 8.088000e-03 1.846280e-01
133 8.061000e-01 7.868000e-03 1.860320e-01
134 8.048080e-01 7.824000e-03 1.873680e-01
135 8.034840e-01 7.864000e-03 1.886520e-01
136 8.021960e-01 7.844000e-03 1.899600e-01
137 8.008680e-01 7.756000e-03 1.913760e-01
138 7.995320e-01 7.768000e-03 1.927000e-01
139 7.980320e-01 7.908000e-03 1.940600e-01
140 7.966080e-01 8.088000e-03 1.953040e-01
141 7.951480e-01 8.092000e-03 1.967600e-01
142 7.936760e-01 8.120000e-03 1.982040e-01
143 7.924240e-01 7.904000e-03 1.996720e-01
144 7.910680e-01 7.856000e-03 2.010760e-01
145 7.897560e-01 7.748000e-03 2.024960e-01
146 7.885800e-01 7.636000e-03 2.037840e-01
147 7.872440e-01 7.736000e-03 2.050200e-01
148 7.858480e-01 7.852000e-03 2.063000e-01
149 7.844520e-01 7.800000e-03 2.077480e-01
150 7.831520e-01 7.816000e-03 2.090320e-01
151 7.817680e-01 7.816000e-03 2.104160e-01
152 7.804000e-01 7.816000e-03 2.117840e-01
153 7.789400e-01 7.876000e-03 2.131840e-01
154 7.776600e-01 7.724000e-03 2.146160e-01
155 7.764000e-01 7.676000e-03 2.159240e-01
156 7.751720e-01 7.600000e-03 2.172280e-01
157 7.738040e-01 7.580000e-03 2.186160e-01
158 7.725280e-01 7.548000e-03 2.199240e-01
159 7.711920e-01 7.668000e-03 2.211400e-01
160 7.699200e-01 7.616000e-03 2.224640e-01
161 7.687240e-01 7.468000e-03 2.238080e-01
162 7.674000e-01 7.420000e-03 2.251800e-01
163 7.662120e-01 7.360000e-03 2.264280e-01
164 7.650000e-01 7.232000e-03 2.277680e-01
165 7.638920e-01 7.024000e-03 2.290840e-01
166 7.627680e-01 6.908000e-03 2.303240e-01
167 7.617080e-01 6.740000e-03 2.315520e-01
168 7.608640e-01 6.372000e-03 2.327640e-01
169 7.598680e-01 6.316000e-03 2.338160e-01
170 7.588080e-01 6.324000e-03 2.348680e-01
171 7.578320e-01 6.272000e-03 2.358960e-01
172 7.567200e-01 6.376000e-03 2.369040e-01
173 7.556800e-01 6.416000e-03 2.379040e-01
174 7.546560e-01 6.168000e-03 2.391760e-01
175 7.537000e-01 6.008000e-03 2.402920e-01
176 7.527000e-01 5.892000e-03 2.414080e-01
177 7.517600e-01 5.860000e-03 2.423800e-01
178 7.506560e-01 5.956000e-03 2.433880e-01
179 7.495920e-01 5.988000e-03 2.444200e-01
180 7.486440e-01 5.804000e-03 2.455520e-01
181 7.476560e-01 5.816000e-03 2.465280e-01
182 7.466280e-01 5.812000e-03 2.475600e-01
183 7.456520e-01 5.820000e-03 2.485280e-01
184 7.446640e-01 5.700000e-03 2.496360e-01
185 7.437160e-01 5.596000e-03 2.506880e-01
186 7.428000e-01 5.460000e-03 2.517400e-01
187 7.419000e-01 5.344000e-03 2.527560e-01
188 7.409400e-01 5.420000e-03 2.536400e-01
189 7.398440e-01 5.568000e-03 2.545880e-01
190 7.387640e-01 5.596000e-03 2.556400e-01
191 7.377120e-01 5.676000e-03 2.566120e-01
192 7.366680e-01 5.644000e-03 2.576880e-01
193 7.355880e-01 5.684000e-03 2.587280e-01
194 7.344600e-01 5.816000e-03 2.597240e-01
195 7.333000e-01 5.956000e-03 2.607440e-01
196 7.321360e-01 6.128000e-03 2.617360e-01
197 7.309880e-01 6.300000e-03 2.627120e-01
198 7.298920e-01 6.268000e-03 2.638400e-01
199 7.288560e-01 6.272000e-03 2.648720e-01
200 7.277600e-01 6.264000e-03 2.659760e-01
201 7.268360e-01 6.048000e-03 2.671160e-01
202 7.258640e-01 6.068000e-03 2.680680e-01
203 7.248440e-01 6.032000e-03 2.691240e-01
204 7.237480e-01 6.116000e-03 2.701360e-01
205 7.226760e-01 6.140000e-03 2.711840e-01
206 7.216600e-01 6.196000e-03 2.721440e-01
207 7.205880e-01 6.148000e-03 2.732640e-01
208 7.195360e-01 6.248000e-03 2.742160e-01
209 7.182920e-01 6.440000e-03 2.752680e-01
210 7.171360e-01 6.592000e-03 2.762720e-01
211 7.160320e-01 6.516000e-03 2.774520e-01
212 7.150320e-01 6.448000e-03 2.785200e-01
213 7.139440e-01 6.300000e-03 2.797560e-01
214 7.127400e-01 6.428000e-03 2.808320e-01
215 7.115520e-01 6.448000e-03 2.820000e-01
216 7.103800e-01 6.492000e-03 2.831280e-01
217 7.093160e-01 6.460000e-03 2.842240e-01
218 7.081120e-01 6.524000e-03 2.853640e-01
219 7.068480e-01 6.700000e-03 2.864520e-01
220 7.056440e-01 6.672000e-03 2.876840e-01
221 7.045400e-01 6.620000e-03 2.888400e-01
222 7.032200e-01 6.796000e-03 2.899840e-01
223 7.020720e-01 6.752000e-03 2.911760e-01
224 7.009240e-01 6.768000e-03 2.923080e-01
225 6.997840e-01 6.756000e-03 2.934600e-01
226 6.985880e-01 6.816000e-03 2.945960e-01
227 6.974040e-01 6.812000e-03 2.957840e-01
228 6.962520e-01 6.912000e-03 2.968360e-01
229 6.950160e-01 6.948000e-03 2.980360e-01
230 6.937920e-01 7.068000e-03 2.991400e-01
231 6.924880e-01 7.168000e-03 3.003440e-01
232 6.912240e-01 7.156000e-03 3.016200e-01
233 6.899880e-01 7.056000e-03 3.029560e-01
234 6.888520e-01 6.944000e-03 3.042040e-01
235 6.875600e-01 7.092000e-03 3.053480e-01
236 6.864200e-01 7.120000e-03 3.064600e-01
237 6.852960e-01 7.056000e-03 3.076480e-01
238 6.840840e-01 7.000000e-03 3.089160e-01
239 6.828800e-01 7.068000e-03 3.100520e-01
240 6.818080e-01 6.936000e-03 3.112560e-01
241 6.807880e-01 6.700000e-03 3.125120e-01
242 6.797160e-01 6.556000e-03 3.137280e-01
243 6.785960e-01 6.648000e-03 3.147560e-01
244 6.774920e-01 6.628000e-03 3.158800e-01
245 6.765560e-01 6.460000e-03 3.169840e-01
246 6.755480e-01 6.332000e-03 3.181200e-01
247 6.746000e-01 6.240000e-03 3.191600e-01
248 6.736520e-01 6.180000e-03 3.201680e-01
249 6.726320e-01 5.976000e-03 3.213920e-01
250 6.716680e-01 6.028000e-03 3.223040e-01
251 6.706920e-01 6.072000e-03 3.232360e-01
252 6.698600e-01 5.860000e-03 3.242800e-01
253 6.689920e-01 5.644000e-03 3.253640e-01
254 6.681840e-01 5.372000e-03 3.264440e-01
255 6.672160e-01 5.484000e-03 3.273000e-01
256 6.664320e-01 5.416000e-03 3.281520e-01
257 6.655800e-01 5.320000e-03 3.291000e-01
258 6.646680e-01 5.364000e-03 3.299680e-01
259 6.638040e-01 5.268000e-03 3.309280e-01
260 6.628560e-01 5.240000e-03 3.319040e-01
261 6.619360e-01 5.244000e-03 3.328200e-01
262 6.610400e-01 5.136000e-03 3.338240e-01
263 6.601480e-01 5.152000e-03 3.347000e-01
264 6.592560e-01 5.212000e-03 3.355320e-01
265 6.583400e-01 5.232000e-03 3.364280e-01
266 6.574600e-01 5.236000e-03 3.373040e-01
267 6.566760e-01 5.104000e-03 3.382200e-01
268 6.558720e-01 5.008000e-03 3.391200e-01
269 6.549320e-01 5.164000e-03 3.399040e-01
270 6.540080e-01 5.156000e-03 3.408360e-01
271 6.530960e-01 5.164000e-03 3.417400e-01
272 6.520920e-01 5.344000e-03 3.425640e-01
273 6.512000e-01 5.380000e-03 3.434200e-01
274 6.503440e-01 5.352000e-03 3.443040e-01
275 6.493960e-01 5.384000e-03 3.452200e-01
276 6.485160e-01 5.256000e-03 3.462280e-01
277 6.477400e-01 5.028000e-03 3.472320e-01
278 6.469480e-01 5.024000e-03 3.480280e-01
279 6.460680e-01 4.984000e-03 3.489480e-01
280 6.451120e-01 5.060000e-03 3.498280e-01
281 6.441640e-01 5.108000e-03 3.507280e-01
282 6.432000e-01 5.168000e-03 3.516320e-01
283 6.421920e-01 5.280000e-03 3.525280e-01
284 6.412880e-01 5.184000e-03 3.535280e-01
285 6.404360e-01 5.124000e-03 3.544400e-01
286 6.395680e-01 5.116000e-03 3.553160e-01
287 6.387120e-01 5.056000e-03 3.562320e-01
288 6.376640e-01 5.208000e-03 3.571280e-01
289 6.367280e-01 5.232000e-03 3.580400e-01
290 6.358200e-01 5.284000e-03 3.588960e-01
291 6.349720e-01 5.188000e-03 3.598400e-01
292 6.341360e-01 5.112000e-03 3.607520e-01
293 6.335000e-01 4.856000e-03 3.616440e-01
294 6.327680e-01 4.708000e-03 3.625240e-01
295 6.319960e-01 4.704000e-03 3.633000e-01
296 6.312040e-01 4.684000e-03 3.641120e-01
297 6.304720e-01 4.620000e-03 3.649080e-01
298 6.298120e-01 4.428000e-03 3.657600e-01
299 6.290640e-01 4.380000e-03 3.665560e-01
300 6.282360e-01 4.340000e-03 3.674240e-01
301 6.276000e-01 4.300000e-03 3.681000e-01
302 6.269680e-01 4.192000e-03 3.688400e-01
303 6.262880e-01 4.160000e-03 3.695520e-01
304 6.256920e-01 3.976000e-03 3.703320e-01
305 6.249600e-01 4.036000e-03 3.710040e-01
306 6.242880e-01 3.896000e-03 3.718160e-01
307 6.235960e-01 3.904000e-03 3.725000e-01
308 6.229280e-01 3.848000e-03 3.732240e-01
309 6.222640e-01 3.892000e-03 3.738440e-01
310 6.215720e-01 4.000000e-03 3.744280e-01
311 6.208680e-01 4.028000e-03 3.751040e-01
312 6.202680e-01 3.892000e-03 3.758400e-01
313 6.195280e-01 3.948000e-03 3.765240e-01
314 6.188920e-01 3.832000e-03 3.772760e-01
315 6.183040e-01 3.796000e-03 3.779000e-01
316 6.177440e-01 3.704000e-03 3.785520e-01
317 6.171160e-01 3.676000e-03 3.792080e-01
318 6.163800e-01 3.712000e-03 3.799080e-01
319 6.157400e-01 3.612000e-03 3.806480e-01
320 6.150400e-01 3.672000e-03 3.812880e-01
321 6.144160e-01 3.720000e-03 3.818640e-01
322 6.136480e-01 3.856000e-03 3.824960e-01
323 6.129200e-01 3.908000e-03 3.831720e-01
324 6.122480e-01 3.844000e-03 3.839080e-01
325 6.115200e-01 3.860000e-03 3.846200e-01
326 6.108000e-01 3.900000e-03 3.853000e-01
327 6.101400e-01 3.880000e-03 3.859800e-01
328 6.095080e-01 3.868000e-03 3.866240e-01
329 6.088720e-01 3.804000e-03 3.873240e-01
330 6.083240e-01 3.792000e-03 3.878840e-01
331 6.076320e-01 3.804000e-03 3.885640e-01
332 6.069640e-01 3.760000e-03 3.892760e-01
333 6.063520e-01 3.700000e-03 3.899480e-01
334 6.057960e-01 3.572000e-03 3.906320e-01
335 6.051440e-01 3.636000e-03 3.912200e-01
336 6.045680e-01 3.596000e-03 3.918360e-01
337 6.039880e-01 3.512000e-03 3.925000e-01
338 6.034360e-01 3.444000e-03 3.931200e-01
339 6.028160e-01 3.508000e-03 3.936760e-01
340 6.022160e-01 3.432000e-03 3.943520e-01
341 6.015720e-01 3.432000e-03 3.949960e-01
342 6.009600e-01 3.444000e-03 3.955960e-01
343 6.003560e-01 3.372000e-03 3.962720e-01
344 5.998320e-01 3.284000e-03 3.968840e-01
345 5.992440e-01 3.260000e-03 3.974960e-01
346 5.987600e-01 3.176000e-03 3.980640e-01
347 5.982200e-01 3.192000e-03 3.985880e-01
348 5.977200e-01 3.132000e-03 3.991480e-01
349 5.972000e-01 3.076000e-03 3.997240e-01
350 5.966160e-01 3.160000e-03 4.002240e-01
351 5.960400e-01 3.220000e-03 4.007400e-01
352 5.955400e-01 3.160000e-03 4.013000e-01
353 5.949480e-01 3.256000e-03 4.017960e-01
354 5.944280e-01 3.184000e-03 4.023880e-01
355 5.939240e-01 3.180000e-03 4.028960e-01
356 5.933360e-01 3.292000e-03 4.033720e-01
357 5.927480e-01 3.276000e-03 4.039760e-01
358 5.921200e-01 3.356000e-03 4.045240e-01
359 5.914800e-01 3.420000e-03 4.051000e-01
360 5.909600e-01 3.280000e-03 4.057600e-01
361 5.904000e-01 3.292000e-03 4.063080e-01
362 5.898800e-01 3.208000e-03 4.069120e-01
363 5.893120e-01 3.180000e-03 4.075080e-01
364 5.886520e-01 3.308000e-03 4.080400e-01
365 5.880680e-01 3.344000e-03 4.085880e-01
366 5.874960e-01 3.368000e-03 4.091360e-01
367 5.869520e-01 3.324000e-03 4.097240e-01
368 5.863880e-01 3.340000e-03 4.102720e-01
369 5.858480e-01 3.292000e-03 4.108600e-01
370 5.853560e-01 3.232000e-03 4.114120e-01
371 5.849520e-01 3.168000e-03 4.118800e-01
372 5.843440e-01 3.216000e-03 4.124400e-01
373 5.838680e-01 3.132000e-03 4.130000e-01
374 5.833040e-01 3.172000e-03 4.135240e-01
375 5.827760e-01 3.188000e-03 4.140360e-01
376 5.821160e-01 3.216000e-03 4.146680e-01
377 5.815640e-01 3.252000e-03 4.151840e-01
378 5.810240e-01 3.232000e-03 4.157440e-01
379 5.804800e-01 3.228000e-03 4.162920e-01
380 5.799680e-01 3.168000e-03 4.168640e-01
381 5.794680e-01 3.064000e-03 4.174680e-01
382 5.790120e-01 2.996000e-03 4.179920e-01
383 5.785040e-01 3.024000e-03 4.184720e-01
384 5.780200e-01 3.008000e-03 4.189720e-01
385 5.775560e-01 2.904000e-03 4.195400e-01
386 5.771200e-01 2.804000e-03 4.200760e-01
387 5.766840e-01 2.804000e-03 4.205120e-01
388 5.762360e-01 2.764000e-03 4.210000e-01
389 5.757640e-01 2.692000e-03 4.215440e-01
390 5.753080e-01 2.672000e-03 4.220200e-01
391 5.748240e-01 2.720000e-03 4.224560e-01
392 5.743120e-01 2.696000e-03 4.229920e-01
393 5.737680e-01 2.808000e-03 4.234240e-01
394 5.732040e-01 2.864000e-03 4.239320e-01
395 5.727040e-01 2.884000e-03 4.244120e-01
396 5.722160e-01 2.872000e-03 4.249120e-01
397 5.718080e-01 2.776000e-03 4.254160e-01
398 5.713520e-01 2.712000e-03 4.259360e-01
399 5.709400e-01 2.704000e-03 4.263560e-01
400 5.705160e-01 2.644000e-03 4.268400e-01
401 5.701240e-01 2.500000e-03 4.273760e-01
402 5.697360e-01 2.412000e-03 4.278520e-01
403 5.693800e-01 2.316000e-03 4.283040e-01
404 5.689840e-01 2.272000e-03 4.287440e-01
405 5.686040e-01 2.284000e-03 4.291120e-01
406 5.682040e-01 2.344000e-03 4.294520e-01
407 5.677440e-01 2.432000e-03 4.298240e-01
408 5.673480e-01 2.444000e-03 4.302080e-01
409 5.669600e-01 2.432000e-03 4.306080e-01
410 5.665760e-01 2.436000e-03 4.309880e-01
411 5.660920e-01 2.500000e-03 4.314080e-01
412 5.656240e-01 2.472000e-03 4.319040e-01
413 5.651840e-01 2.504000e-03 4.323120e-01
414 5.647840e-01 2.400000e-03 4.328160e-01
415 5.643840e-01 2.396000e-03 4.332200e-01
416 5.639080e-01 2.392000e-03 4.337000e-01
417 5.634280e-01 2.448000e-03 4.341240e-01
418 5.630160e-01 2.384000e-03 4.346000e-01
419 5.626280e-01 2.348000e-03 4.350240e-01
420 5.622280e-01 2.384000e-03 4.353880e-01
421 5.618200e-01 2.360000e-03 4.358200e-01
422 5.614200e-01 2.348000e-03 4.362320e-01
423 5.609240e-01 2.444000e-03 4.366320e-01
424 5.605080e-01 2.460000e-03 4.370320e-01
425 5.599840e-01 2.552000e-03 4.374640e-01
426 5.596000e-01 2.536000e-03 4.378640e-01
427 5.592080e-01 2.524000e-03 4.382680e-01
428 5.588720e-01 2.388000e-03 4.387400e-01
429 5.585000e-01 2.368000e-03 4.391320e-01
430 5.582000e-01 2.236000e-03 4.395640e-01
431 5.578520e-01 2.160000e-03 4.399880e-01
432 5.575440e-01 2.120000e-03 4.403360e-01
433 5.571480e-01 2.148000e-03 4.407040e-01
434 5.567600e-01 2.148000e-03 4.410920e-01
435 5.563880e-01 2.184000e-03 4.414280e-01
436 5.560160e-01 2.200000e-03 4.417840e-01
437 5.556280e-01 2.212000e-03 4.421600e-01
438 5.552560e-01 2.228000e-03 4.425160e-01
439 5.548520e-01 2.252000e-03 4.428960e-01
440 5.544520e-01 2.292000e-03 4.432560e-01
441 5.540720e-01 2.288000e-03 4.436400e-01
442 5.535760e-01 2.388000e-03 4.440360e-01
443 5.531200e-01 2.432000e-03 4.444480e-01
444 5.527520e-01 2.356000e-03 4.448920e-01
445 5.523000e-01 2.396000e-03 4.453040e-01
446 5.518760e-01 2.428000e-03 4.456960e-01
447 5.515000e-01 2.444000e-03 4.460560e-01
448 5.510640e-01 2.480000e-03 4.464560e-01
449 5.507080e-01 2.460000e-03 4.468320e-01
450 5.504520e-01 2.228000e-03 4.473200e-01
451 5.501320e-01 2.144000e-03 4.477240e-01
452 5.497640e-01 2.144000e-03 4.480920e-01
453 5.493240e-01 2.208000e-03 4.484680e-01
454 5.489000e-01 2.220000e-03 4.488800e-01
455 5.485680e-01 2.192000e-03 4.492400e-01
456 5.482520e-01 2.128000e-03 4.496200e-01
457 5.478440e-01 2.144000e-03 4.500120e-01
458 5.473760e-01 2.220000e-03 4.504040e-01
459 5.470280e-01 2.180000e-03 4.507920e-01
460 5.466360e-01 2.212000e-03 4.511520e-01
461 5.461280e-01 2.416000e-03 4.514560e-01
462 5.456520e-01 2.532000e-03 4.518160e-01
463 5.452520e-01 2.444000e-03 4.523040e-01
464 5.448760e-01 2.384000e-03 4.527400e-01
465 5.444440e-01 2.468000e-03 4.530880e-01
466 5.441320e-01 2.280000e-03 4.535880e-01
467 5.437880e-01 2.224000e-03 4.539880e-01
468 5.434640e-01 2.144000e-03 4.543920e-01
469 5.432000e-01 2.052000e-03 4.547480e-01
470 5.428920e-01 2.012000e-03 4.550960e-01
471 5.425840e-01 1.996000e-03 4.554200e-01
472 5.423200e-01 1.920000e-03 4.557600e-01
473 5.420320e-01 1.856000e-03 4.561120e-01
474 5.416920e-01 1.872000e-03 4.564360e-01
475 5.412880e-01 1.956000e-03 4.567560e-01
476 5.409320e-01 1.956000e-03 4.571120e-01
477 5.405720e-01 1.932000e-03 4.574960e-01
478 5.402280e-01 1.980000e-03 4.577920e-01
479 5.398000e-01 2.036000e-03 4.581640e-01
480 5.395200e-01 1.940000e-03 4.585400e-01
481 5.392080e-01 1.904000e-03 4.588880e-01
482 5.388440e-01 1.952000e-03 4.592040e-01
483 5.384800e-01 2.024000e-03 4.594960e-01
484 5.380720e-01 2.068000e-03 4.598600e-01
485 5.376880e-01 2.164000e-03 4.601480e-01
486 5.372760e-01 2.180000e-03 4.605440e-01
487 5.369400e-01 2.132000e-03 4.609280e-01
488 5.365840e-01 2.116000e-03 4.613000e-01
489 5.362600e-01 2.120000e-03 4.616200e-01
490 5.358920e-01 2.168000e-03 4.619400e-01
491 5.355480e-01 2.148000e-03 4.623040e-01
492 5.351840e-01 2.180000e-03 4.626360e-01
493 5.348760e-01 2.152000e-03 4.629720e-01
494 5.346240e-01 2.012000e-03 4.633640e-01
495 5.342960e-01 2.016000e-03 4.636880e-01
496 5.339280e-01 1.996000e-03 4.640760e-01
497 5.336400e-01 1.904000e-03 4.644560e-01
498 5.333640e-01 1.784000e-03 4.648520e-01
499 5.330880e-01 1.808000e-03 4.651040e-01
500 5.328520e-01 1.728000e-03 4.654200e-01
