1 9.992000e-01 7.040000e-04 9.600000e-05
2 9.986160e-01 1.116000e-03 2.680000e-04
3 9.979800e-01 1.556000e-03 4.640000e-04
4 9.973040e-01 1.912000e-03 7.840000e-04
5 9.964920e-01 2.384000e-03 1.124000e-03
6 9.956920e-01 2.708000e-03 1.600000e-03
7 9.947720e-01 3.092000e-03 2.136000e-03
8 9.938080e-01 3.416000e-03 2.776000e-03
9 9.928880e-01 3.708000e-03 3.404000e-03
10 9.917680e-01 4.156000e-03 4.076000e-03
11 9.906440e-01 4.540000e-03 4.816000e-03
12 9.894880e-01 4.908000e-03 5.604000e-03
13 9.884000e-01 5.176000e-03 6.424000e-03
14 9.872240e-01 5.396000e-03 7.380000e-03
15 9.860480e-01 5.588000e-03 8.364000e-03
16 9.847720e-01 5.912000e-03 9.316000e-03
17 9.835320e-01 6.024000e-03 1.044400e-02
18 9.824000e-01 6.084000e-03 1.151600e-02
19 9.812560e-01 6.152000e-03 1.259200e-02
20 9.802080e-01 6.116000e-03 1.367600e-02
21 9.791440e-01 6.048000e-03 1.480800e-02
22 9.782040e-01 5.984000e-03 1.581200e-02
23 9.771560e-01 6.028000e-03 1.681600e-02
24 9.761000e-01 6.040000e-03 1.786000e-02
25 9.749200e-01 6.112000e-03 1.896800e-02
26 9.738160e-01 6.028000e-03 2.015600e-02
27 9.726360e-01 6.088000e-03 2.127600e-02
28 9.714800e-01 6.240000e-03 2.228000e-02
29 9.703320e-01 6.204000e-03 2.346400e-02
30 9.690160e-01 6.400000e-03 2.458400e-02
31 9.678720e-01 6.364000e-03 2.576400e-02
32 9.668000e-01 6.420000e-03 2.678000e-02
33 9.655840e-01 6.396000e-03 2.802000e-02
34 9.643080e-01 6.564000e-03 2.912800e-02
35 9.630480e-01 6.628000e-03 3.032400e-02
36 9.617360e-01 6.800000e-03 3.146400e-02
37 9.604040e-01 6.880000e-03 3.271600e-02
38 9.590920e-01 6.972000e-03 3.393600e-02
39 9.576200e-01 7.268000e-03 3.511200e-02
40 9.562000e-01 7.188000e-03 3.661200e-02
41 9.547920e-01 7.508000e-03 3.770000e-02
42 9.531960e-01 7.868000e-03 3.893600e-02
43 9.517160e-01 7.948000e-03 4.033600e-02
44 9.501560e-01 8.144000e-03 4.170000e-02
45 9.486920e-01 8.056000e-03 4.325200e-02
46 9.474600e-01 7.952000e-03 4.458800e-02
47 9.460840e-01 8.000000e-03 4.591600e-02
48 9.446080e-01 7.920000e-03 4.747200e-02
49 9.431200e-01 8.000000e-03 4.888000e-02
50 9.415480e-01 8.252000e-03 5.020000e-02
51 9.398320e-01 8.456000e-03 5.171200e-02
52 9.380640e-01 8.584000e-03 5.335200e-02
53 9.362920e-01 8.776000e-03 5.493200e-02
54 9.348440e-01 8.776000e-03 5.638000e-02
55 9.332640e-01 8.816000e-03 5.792000e-02
56 9.316240e-01 8.884000e-03 5.949200e-02
57 9.299440e-01 9.000000e-03 6.105600e-02
58 9.283560e-01 9.036000e-03 6.260800e-02
59 9.265360e-01 9.232000e-03 6.423200e-02
60 9.249520e-01 9.304000e-03 6.574400e-02
61 9.233160e-01 9.280000e-03 6.740400e-02
62 9.215480e-01 9.384000e-03 6.906800e-02
63 9.200200e-01 9.160000e-03 7.082000e-02
64 9.184760e-01 9.080000e-03 7.244400e-02
65 9.169080e-01 9.380000e-03 7.371200e-02
66 9.152600e-01 9.416000e-03 7.532400e-02
67 9.137240e-01 9.368000e-03 7.690800e-02
68 9.120560e-01 9.336000e-03 7.860800e-02
69 9.105640e-01 9.184000e-03 8.025200e-02
70 9.088680e-01 9.344000e-03 8.178800e-02
71 9.073160e-01 9.200000e-03 8.348400e-02
72 9.056920e-01 9.168000e-03 8.514000e-02
73 9.040960e-01 9.216000e-03 8.668800e-02
74 9.024520e-01 9.356000e-03 8.819200e-02
75 9.010160e-01 9.280000e-03 8.970400e-02
76 8.992840e-01 9.352000e-03 9.136400e-02
77 8.977280e-01 9.148000e-03 9.312400e-02
78 8.962160e-01 8.984000e-03 9.480000e-02
79 8.947400e-01 8.728000e-03 9.653200e-02
80 8.931840e-01 8.688000e-03 9.812800e-02
81 8.916240e-01 8.676000e-03 9.970000e-02
82 8.901760e-01 8.556000e-03 1.012680e-01
83 8.885840e-01 8.652000e-03 1.027640e-01
84 8.869040e-01 8.804000e-03 1.042920e-01
85 8.852200e-01 8.980000e-03 1.058000e-01
86 8.837280e-01 8.860000e-03 1.074120e-01
87 8.822560e-01 8.756000e-03 1.089880e-01
88 8.805720e-01 8.928000e-03 1.105000e-01
89 8.790120e-01 9.000000e-03 1.119880e-01
90 8.772720e-01 9.272000e-03 1.134560e-01
91 8.755120e-01 9.464000e-03 1.150240e-01
92 8.737160e-01 9.604000e-03 1.166800e-01
93 8.718600e-01 9.716000e-03 1.184240e-01
94 8.701080e-01 9.888000e-03 1.200040e-01
95 8.684280e-01 9.872000e-03 1.217000e-01
96 8.667640e-01 9.852000e-03 1.233840e-01
97 8.651120e-01 9.788000e-03 1.251000e-01
98 8.635000e-01 9.628000e-03 1.268720e-01
99 8.619200e-01 9.528000e-03 1.285520e-01
100 8.604200e-01 9.488000e-03 1.300920e-01
101 8.589720e-01 9.212000e-03 1.318160e-01
102 8.574480e-01 9.128000e-03 1.334240e-01
103 8.559480e-01 9.084000e-03 1.349680e-01
104 8.544760e-01 8.908000e-03 1.366160e-01
105 8.531640e-01 8.724000e-03 1.381120e-01
106 8.516320e-01 8.788000e-03 1.395800e-01
107 8.501400e-01 8.588000e-03 1.412720e-01
108 8.486120e-01 8.524000e-03 1.428640e-01
109 8.472000e-01 8.392000e-03 1.444080e-01
110 8.456200e-01 8.640000e-03 1.457400e-01
111 8.440800e-01 8.760000e-03 1.471600e-01
112 8.425320e-01 8.796000e-03 1.486720e-01
113 8.408760e-01 8.888000e-03 1.502360e-01
114 8.393840e-01 8.968000e-03 1.516480e-01
115 8.378360e-01 8.800000e-03 1.533640e-01
116 8.364560e-01 8.812000e-03 1.547320e-01
117 8.351240e-01 8.548000e-03 1.563280e-01
118 8.338000e-01 8.424000e-03 1.577760e-01
119 8.325960e-01 8.248000e-03 1.591560e-01
120 8.313080e-01 8.092000e-03 1.606000e-01
121 8.300320e-01 7.860000e-03 1.621080e-01
122 8.287720e-01 7.836000e-03 1.633920e-01
123 8.275680e-01 7.596000e-03 1.648360e-01
124 8.262600e-01 7.628000e-03 1.661120e-01
125 8.250960e-01 7.544000e-03 1.673600e-01
126 8.238080e-01 7.536000e-03 1.686560e-01
127 8.225000e-01 7.520000e-03 1.699800e-01
128 8.211800e-01 7.560000e-03 1.712600e-01
129 8.199120e-01 7.444000e-03 1.726440e-01
130 8.186680e-01 7.464000e-03 1.738680e-01
131 8.172200e-01 7.692000e-03 1.750880e-01
132 8.158160e-01 7.652000e-03 1.765320e-01
133 8.143760e-01 7.788000e-03 1.778360e-01
134 8.130160e-01 7.812000e-03 1.791720e-01
135 8.116880e-01 7.692000e-03 1.806200e-01
136 8.104680e-01 7.684000e-03 1.818480e-01
137 8.092000e-01 7.500000e-03 1.833000e-01
138 8.078720e-01 7.556000e-03 1.845720e-01
139 8.065640e-01 7.564000e-03 1.858720e-01
140 8.054000e-01 7.368000e-03 1.872320e-01
141 8.041280e-01 7.276000e-03 1.885960e-01
142 8.027960e-01 7.420000e-03 1.897840e-01
143 8.015560e-01 7.284000e-03 1.911600e-01
144 8.001400e-01 7.388000e-03 1.924720e-01
145 7.987680e-01 7.488000e-03 1.937440e-01
146 7.974680e-01 7.484000e-03 1.950480e-01
147 7.962920e-01 7.184000e-03 1.965240e-01
148 7.950040e-01 7.220000e-03 1.977760e-01
149 7.938520e-01 7.028000e-03 1.991200e-01
150 7.926920e-01 6.948000e-03 2.003600e-01
151 7.915400e-01 6.972000e-03 2.014880e-01
152 7.904440e-01 6.912000e-03 2.026440e-01
153 7.894240e-01 6.744000e-03 2.038320e-01
154 7.885160e-01 6.492000e-03 2.049920e-01
155 7.874920e-01 6.448000e-03 2.060600e-01
156 7.865760e-01 6.272000e-03 2.071520e-01
157 7.855080e-01 6.300000e-03 2.081920e-01
158 7.843640e-01 6.336000e-03 2.093000e-01
159 7.832920e-01 6.412000e-03 2.102960e-01
160 7.822320e-01 6.332000e-03 2.114360e-01
161 7.811520e-01 6.292000e-03 2.125560e-01
162 7.801120e-01 6.288000e-03 2.136000e-01
163 7.790400e-01 6.248000e-03 2.147120e-01
164 7.780520e-01 6.104000e-03 2.158440e-01
165 7.770360e-01 6.080000e-03 2.168840e-01
166 7.760320e-01 5.972000e-03 2.179960e-01
167 7.750720e-01 5.836000e-03 2.190920e-01
168 7.742280e-01 5.632000e-03 2.201400e-01
169 7.733520e-01 5.560000e-03 2.210880e-01
170 7.724520e-01 5.540000e-03 2.220080e-01
171 7.714040e-01 5.632000e-03 2.229640e-01
172 7.704760e-01 5.636000e-03 2.238880e-01
173 7.695680e-01 5.568000e-03 2.248640e-01
174 7.685640e-01 5.612000e-03 2.258240e-01
175 7.676440e-01 5.588000e-03 2.267680e-01
176 7.666920e-01 5.592000e-03 2.277160e-01
177 7.657120e-01 5.588000e-03 2.287000e-01
178 7.648760e-01 5.520000e-03 2.296040e-01
179 7.639480e-01 5.472000e-03 2.305800e-01
180 7.630320e-01 5.384000e-03 2.315840e-01
181 7.620920e-01 5.356000e-03 2.325520e-01
182 7.612040e-01 5.320000e-03 2.334760e-01
183 7.602280e-01 5.384000e-03 2.343880e-01
184 7.592640e-01 5.368000e-03 2.353680e-01
185 7.583440e-01 5.284000e-03 2.363720e-01
186 7.574080e-01 5.252000e-03 2.373400e-01
187 7.564960e-01 5.252000e-03 2.382520e-01
188 7.556040e-01 5.312000e-03 2.390840e-01
189 7.546920e-01 5.188000e-03 2.401200e-01
190 7.537600e-01 5.260000e-03 2.409800e-01
191 7.529680e-01 5.188000e-03 2.418440e-01
192 7.522000e-01 4.908000e-03 2.428920e-01
193 7.513160e-01 4.964000e-03 2.437200e-01
194 7.505600e-01 4.824000e-03 2.446160e-01
195 7.497240e-01 4.780000e-03 2.454960e-01
196 7.489200e-01 4.768000e-03 2.463120e-01
197 7.481080e-01 4.792000e-03 2.471000e-01
198 7.473600e-01 4.660000e-03 2.479800e-01
199 7.466520e-01 4.608000e-03 2.487400e-01
200 7.459520e-01 4.432000e-03 2.496160e-01
201 7.451760e-01 4.432000e-03 2.503920e-01
202 7.444760e-01 4.388000e-03 2.511360e-01
203 7.437560e-01 4.304000e-03 2.519400e-01
204 7.430400e-01 4.308000e-03 2.526520e-01
205 7.422760e-01 4.388000e-03 2.533360e-01
206 7.413760e-01 4.476000e-03 2.541480e-01
207 7.405200e-01 4.452000e-03 2.550280e-01
208 7.395960e-01 4.660000e-03 2.557440e-01
209 7.387200e-01 4.776000e-03 2.565040e-01
210 7.378600e-01 4.744000e-03 2.573960e-01
211 7.369880e-01 4.772000e-03 2.582400e-01
212 7.360360e-01 4.936000e-03 2.590280e-01
213 7.350680e-01 4.996000e-03 2.599360e-01
214 7.342720e-01 4.948000e-03 2.607800e-01
215 7.335320e-01 4.788000e-03 2.616800e-01
216 7.327640e-01 4.712000e-03 2.625240e-01
217 7.321520e-01 4.560000e-03 2.632880e-01
218 7.314200e-01 4.456000e-03 2.641240e-01
219 7.307440e-01 4.296000e-03 2.649600e-01
220 7.300400e-01 4.236000e-03 2.657240e-01
221 7.293480e-01 4.116000e-03 2.665360e-01
222 7.286880e-01 4.080000e-03 2.672320e-01
223 7.280960e-01 3.912000e-03 2.679920e-01
224 7.275520e-01 3.756000e-03 2.686920e-01
225 7.268760e-01 3.736000e-03 2.693880e-01
226 7.262440e-01 3.808000e-03 2.699480e-01
227 7.255560e-01 3.756000e-03 2.706880e-01
228 7.247800e-01 3.836000e-03 2.713840e-01
229 7.240800e-01 3.880000e-03 2.720400e-01
230 7.234000e-01 3.928000e-03 2.726720e-01
231 7.227640e-01 3.876000e-03 2.733600e-01
232 7.219680e-01 4.028000e-03 2.740040e-01
233 7.212680e-01 3.932000e-03 2.748000e-01
234 7.205880e-01 3.868000e-03 2.755440e-01
235 7.200160e-01 3.860000e-03 2.761240e-01
236 7.194720e-01 3.676000e-03 2.768520e-01
237 7.188480e-01 3.652000e-03 2.775000e-01
238 7.183440e-01 3.572000e-03 2.780840e-01
239 7.176360e-01 3.608000e-03 2.787560e-01
240 7.169920e-01 3.580000e-03 2.794280e-01
241 7.163680e-01 3.580000e-03 2.800520e-01
242 7.158120e-01 3.496000e-03 2.806920e-01
243 7.151800e-01 3.540000e-03 2.812800e-01
244 7.146040e-01 3.552000e-03 2.818440e-01
245 7.140760e-01 3.400000e-03 2.825240e-01
246 7.135240e-01 3.372000e-03 2.831040e-01
247 7.129400e-01 3.392000e-03 2.836680e-01
248 7.124080e-01 3.380000e-03 2.842120e-01
249 7.118680e-01 3.388000e-03 2.847440e-01
250 7.112480e-01 3.468000e-03 2.852840e-01
251 7.105800e-01 3.608000e-03 2.858120e-01
252 7.099840e-01 3.612000e-03 2.864040e-01
253 7.093000e-01 3.672000e-03 2.870280e-01
254 7.087400e-01 3.568000e-03 2.876920e-01
255 7.082240e-01 3.436000e-03 2.883400e-01
256 7.076200e-01 3.480000e-03 2.889000e-01
257 7.070320e-01 3.444000e-03 2.895240e-01
258 7.064320e-01 3.364000e-03 2.902040e-01
259 7.059280e-01 3.328000e-03 2.907440e-01
260 7.054440e-01 3.288000e-03 2.912680e-01
261 7.048760e-01 3.324000e-03 2.918000e-01
262 7.044560e-01 3.236000e-03 2.923080e-01
263 7.039000e-01 3.252000e-03 2.928480e-01
264 7.033080e-01 3.300000e-03 2.933920e-01
265 7.026040e-01 3.380000e-03 2.940160e-01
266 7.019160e-01 3.508000e-03 2.945760e-01
267 7.013400e-01 3.496000e-03 2.951640e-01
268 7.007560e-01 3.448000e-03 2.957960e-01
269 7.001760e-01 3.460000e-03 2.963640e-01
270 6.995160e-01 3.536000e-03 2.969480e-01
271 6.988840e-01 3.564000e-03 2.975520e-01
272 6.982200e-01 3.644000e-03 2.981360e-01
273 6.975760e-01 3.692000e-03 2.987320e-01
274 6.969040e-01 3.724000e-03 2.993720e-01
275 6.963160e-01 3.664000e-03 3.000200e-01
276 6.957520e-01 3.604000e-03 3.006440e-01
277 6.951640e-01 3.476000e-03 3.013600e-01
278 6.945920e-01 3.416000e-03 3.019920e-01
279 6.941480e-01 3.252000e-03 3.026000e-01
280 6.936560e-01 3.116000e-03 3.032280e-01
281 6.930760e-01 3.116000e-03 3.038080e-01
282 6.926120e-01 2.988000e-03 3.044000e-01
283 6.920320e-01 3.048000e-03 3.049200e-01
284 6.914000e-01 3.064000e-03 3.055360e-01
285 6.907840e-01 3.224000e-03 3.059920e-01
286 6.901720e-01 3.300000e-03 3.065280e-01
287 6.895480e-01 3.332000e-03 3.071200e-01
288 6.888840e-01 3.396000e-03 3.077200e-01
289 6.883120e-01 3.464000e-03 3.082240e-01
290 6.877640e-01 3.408000e-03 3.088280e-01
291 6.872480e-01 3.260000e-03 3.094920e-01
292 6.868160e-01 3.088000e-03 3.100960e-01
293 6.863160e-01 3.096000e-03 3.105880e-01
294 6.858080e-01 3.120000e-03 3.110720e-01
295 6.852920e-01 3.068000e-03 3.116400e-01
296 6.848160e-01 3.076000e-03 3.121080e-01
297 6.844080e-01 2.996000e-03 3.125960e-01
298 6.839840e-01 2.928000e-03 3.130880e-01
299 6.835080e-01 2.852000e-03 3.136400e-01
300 6.830800e-01 2.748000e-03 3.141720e-01
301 6.826880e-01 2.660000e-03 3.146520e-01
302 6.822800e-01 2.576000e-03 3.151440e-01
303 6.818760e-01 2.520000e-03 3.156040e-01
304 6.814720e-01 2.440000e-03 3.160880e-01
305 6.811320e-01 2.332000e-03 3.165360e-01
306 6.807280e-01 2.328000e-03 3.169440e-01
307 6.803480e-01 2.328000e-03 3.173240e-01
308 6.800040e-01 2.244000e-03 3.177520e-01
309 6.796840e-01 2.164000e-03 3.181520e-01
310 6.793000e-01 2.204000e-03 3.184960e-01
311 6.789560e-01 2.112000e-03 3.189320e-01
312 6.786000e-01 2.156000e-03 3.192440e-01
313 6.782480e-01 2.148000e-03 3.196040e-01
314 6.778760e-01 2.140000e-03 3.199840e-01
315 6.775480e-01 2.148000e-03 3.203040e-01
316 6.771480e-01 2.192000e-03 3.206600e-01
317 6.767200e-01 2.192000e-03 3.210880e-01
318 6.763600e-01 2.184000e-03 3.214560e-01
319 6.760400e-01 2.120000e-03 3.218400e-01
320 6.757640e-01 2.068000e-03 3.221680e-01
321 6.754920e-01 2.048000e-03 3.224600e-01
322 6.752200e-01 2.008000e-03 3.227720e-01
323 6.749520e-01 1.924000e-03 3.231240e-01
324 6.746120e-01 1.864000e-03 3.235240e-01
325 6.742680e-01 1.820000e-03 3.239120e-01
326 6.740000e-01 1.752000e-03 3.242480e-01
327 6.737280e-01 1.688000e-03 3.245840e-01
328 6.735040e-01 1.652000e-03 3.248440e-01
329 6.732360e-01 1.652000e-03 3.251120e-01
330 6.729600e-01 1.624000e-03 3.254160e-01
331 6.726720e-01 1.672000e-03 3.256560e-01
332 6.724080e-01 1.644000e-03 3.259480e-01
333 6.721320e-01 1.580000e-03 3.262880e-01
334 6.718880e-01 1.568000e-03 3.265440e-01
335 6.716240e-01 1.580000e-03 3.267960e-01
336 6.713760e-01 1.496000e-03 3.271280e-01
337 6.711080e-01 1.488000e-03 3.274040e-01
338 6.708240e-01 1.500000e-03 3.276760e-01
339 6.705320e-01 1.516000e-03 3.279520e-01
340 6.703200e-01 1.500000e-03 3.281800e-01
341 6.700760e-01 1.484000e-03 3.284400e-01
342 6.697840e-01 1.504000e-03 3.287120e-01
343 6.695760e-01 1.448000e-03 3.289760e-01
344 6.693000e-01 1.436000e-03 3.292640e-01
345 6.690560e-01 1.400000e-03 3.295440e-01
346 6.688240e-01 1.440000e-03 3.297360e-01
347 6.686040e-01 1.400000e-03 3.299960e-01
348 6.683960e-01 1.348000e-03 3.302560e-01
349 6.681520e-01 1.384000e-03 3.304640e-01
350 6.679800e-01 1.276000e-03 3.307440e-01
351 6.677960e-01 1.232000e-03 3.309720e-01
352 6.676320e-01 1.184000e-03 3.311840e-01
353 6.674920e-01 1.124000e-03 3.313840e-01
354 6.673000e-01 1.144000e-03 3.315560e-01
355 6.671360e-01 1.124000e-03 3.317400e-01
356 6.669080e-01 1.172000e-03 3.319200e-01
357 6.667160e-01 1.176000e-03 3.321080e-01
358 6.665720e-01 1.128000e-03 3.323000e-01
359 6.664160e-01 1.104000e-03 3.324800e-01
360 6.662040e-01 1.160000e-03 3.326360e-01
361 6.660400e-01 1.084000e-03 3.328760e-01
362 6.658920e-01 1.040000e-03 3.330680e-01
363 6.657720e-01 9.720000e-04 3.332560e-01
364 6.655960e-01 9.520000e-04 3.334520e-01
365 6.654080e-01 9.560000e-04 3.336360e-01
366 6.651920e-01 1.000000e-03 3.338080e-01
367 6.650280e-01 1.000000e-03 3.339720e-01
368 6.648520e-01 9.600000e-04 3.341880e-01
369 6.646920e-01 1.000000e-03 3.343080e-01
370 6.645480e-01 9.800000e-04 3.344720e-01
371 6.643960e-01 9.440000e-04 3.346600e-01
372 6.642480e-01 9.520000e-04 3.348000e-01
373 6.640680e-01 9.240000e-04 3.350080e-01
374 6.639160e-01 9.120000e-04 3.351720e-01
375 6.637480e-01 9.360000e-04 3.353160e-01
376 6.635800e-01 9.920000e-04 3.354280e-01
377 6.634440e-01 9.360000e-04 3.356200e-01
378 6.632800e-01 9.360000e-04 3.357840e-01
379 6.632040e-01 8.240000e-04 3.359720e-01
380 6.630640e-01 8.360000e-04 3.361000e-01
381 6.629040e-01 8.480000e-04 3.362480e-01
382 6.627360e-01 8.600000e-04 3.364040e-01
383 6.625640e-01 8.440000e-04 3.365920e-01
384 6.624240e-01 8.520000e-04 3.367240e-01
385 6.622840e-01 8.400000e-04 3.368760e-01
386 6.621480e-01 8.160000e-04 3.370360e-01
387 6.620240e-01 8.200000e-04 3.371560e-01
388 6.619080e-01 8.120000e-04 3.372800e-01
389 6.617440e-01 8.320000e-04 3.374240e-01
390 6.616160e-01 8.400000e-04 3.375440e-01
391 6.614600e-01 8.680000e-04 3.376720e-01
392 6.613320e-01 8.080000e-04 3.378600e-01
393 6.612080e-01 7.520000e-04 3.380400e-01
394 6.611040e-01 7.600000e-04 3.381360e-01
395 6.610240e-01 7.080000e-04 3.382680e-01
396 6.609200e-01 7.120000e-04 3.383680e-01
397 6.607680e-01 7.560000e-04 3.384760e-01
398 6.606240e-01 7.840000e-04 3.385920e-01
399 6.605200e-01 7.440000e-04 3.387360e-01
400 6.603560e-01 7.640000e-04 3.388800e-01
401 6.602400e-01 7.440000e-04 3.390160e-01
402 6.600880e-01 7.640000e-04 3.391480e-01
403 6.599640e-01 7.400000e-04 3.392960e-01
404 6.598560e-01 7.080000e-04 3.394360e-01
405 6.597320e-01 7.400000e-04 3.395280e-01
406 6.595760e-01 7.720000e-04 3.396520e-01
407 6.595000e-01 7.480000e-04 3.397520e-01
408 6.593680e-01 7.880000e-04 3.398440e-01
409 6.592400e-01 7.760000e-04 3.399840e-01
410 6.591000e-01 8.200000e-04 3.400800e-01
411 6.589440e-01 8.600000e-04 3.401960e-01
412 6.588560e-01 8.120000e-04 3.403320e-01
413 6.587400e-01 7.840000e-04 3.404760e-01
414 6.586200e-01 7.880000e-04 3.405920e-01
415 6.584640e-01 8.320000e-04 3.407040e-01
416 6.583280e-01 8.120000e-04 3.408600e-01
417 6.582120e-01 7.960000e-04 3.409920e-01
418 6.580800e-01 8.160000e-04 3.411040e-01
419 6.579280e-01 7.840000e-04 3.412880e-01
420 6.577480e-01 8.240000e-04 3.414280e-01
421 6.575800e-01 8.560000e-04 3.415640e-01
422 6.574400e-01 8.360000e-04 3.417240e-01
423 6.573480e-01 7.680000e-04 3.418840e-01
424 6.572000e-01 8.120000e-04 3.419880e-01
425 6.570520e-01 8.440000e-04 3.421040e-01
426 6.568560e-01 8.560000e-04 3.422880e-01
427 6.567000e-01 8.400000e-04 3.424600e-01
428 6.565280e-01 8.920000e-04 3.425800e-01
429 6.564000e-01 8.320000e-04 3.427680e-01
430 6.562720e-01 8.240000e-04 3.429040e-01
431 6.561680e-01 7.800000e-04 3.430520e-01
432 6.560480e-01 7.920000e-04 3.431600e-01
433 6.558760e-01 8.360000e-04 3.432880e-01
434 6.557120e-01 8.440000e-04 3.434440e-01
435 6.555360e-01 9.080000e-04 3.435560e-01
436 6.553840e-01 9.000000e-04 3.437160e-01
437 6.552480e-01 8.800000e-04 3.438720e-01
438 6.551360e-01 8.520000e-04 3.440120e-01
439 6.550160e-01 8.440000e-04 3.441400e-01
440 6.549120e-01 7.960000e-04 3.442920e-01
441 6.548040e-01 7.480000e-04 3.444480e-01
442 6.546800e-01 7.480000e-04 3.445720e-01
443 6.545320e-01 7.760000e-04 3.446920e-01
444 6.544280e-01 7.440000e-04 3.448280e-01
445 6.542520e-01 7.800000e-04 3.449680e-01
446 6.540960e-01 8.120000e-04 3.450920e-01
447 6.539600e-01 7.880000e-04 3.452520e-01
448 6.538440e-01 7.720000e-04 3.453840e-01
449 6.537240e-01 7.360000e-04 3.455400e-01
450 6.535600e-01 7.760000e-04 3.456640e-01
451 6.534880e-01 7.120000e-04 3.458000e-01
452 6.533480e-01 7.160000e-04 3.459360e-01
453 6.532520e-01 7.000000e-04 3.460480e-01
454 6.531560e-01 7.000000e-04 3.461440e-01
455 6.530280e-01 7.160000e-04 3.462560e-01
456 6.528920e-01 7.360000e-04 3.463720e-01
457 6.528000e-01 6.960000e-04 3.465040e-01
458 6.526440e-01 7.160000e-04 3.466400e-01
459 6.525320e-01 7.320000e-04 3.467360e-01
460 6.523800e-01 7.280000e-04 3.468920e-01
461 6.522680e-01 6.960000e-04 3.470360e-01
462 6.522040e-01 6.160000e-04 3.471800e-01
463 6.521120e-01 6.040000e-04 3.472840e-01
464 6.520120e-01 5.800000e-04 3.474080e-01
465 6.518920e-01 6.320000e-04 3.474760e-01
466 6.517560e-01 7.000000e-04 3.475440e-01
467 6.516080e-01 7.080000e-04 3.476840e-01
468 6.514760e-01 7.120000e-04 3.478120e-01
469 6.513240e-01 7.280000e-04 3.479480e-01
470 6.511800e-01 7.440000e-04 3.480760e-01
471 6.510760e-01 7.360000e-04 3.481880e-01
472 6.509800e-01 7.040000e-04 3.483160e-01
473 6.508480e-01 7.200000e-04 3.484320e-01
474 6.507600e-01 7.080000e-04 3.485320e-01
475 6.506760e-01 6.760000e-04 3.486480e-01
476 6.505440e-01 6.920000e-04 3.487640e-01
477 6.504120e-01 7.080000e-04 3.488800e-01
478 6.502680e-01 7.160000e-04 3.490160e-01
479 6.501360e-01 7.320000e-04 3.491320e-01
480 6.500000e-01 7.120000e-04 3.492880e-01
481 6.498360e-01 7.480000e-04 3.494160e-01
482 6.497000e-01 7.800000e-04 3.495200e-01
483 6.495520e-01 7.720000e-04 3.496760e-01
484 6.494280e-01 7.760000e-04 3.497960e-01
485 6.492480e-01 8.040000e-04 3.499480e-01
486 6.491400e-01 7.800000e-04 3.500800e-01
487 6.489480e-01 8.080000e-04 3.502440e-01
488 6.488160e-01 7.960000e-04 3.503880e-01
489 6.486560e-01 8.320000e-04 3.505120e-01
490 6.485040e-01 8.160000e-04 3.506800e-01
491 6.484000e-01 8.040000e-04 3.507960e-01
492 6.482160e-01 8.800000e-04 3.509040e-01
493 6.479760e-01 1.000000e-03 3.510240e-01
494 6.477760e-01 1.000000e-03 3.512240e-01
495 6.476520e-01 9.520000e-04 3.513960e-01
496 6.475040e-01 9.600000e-04 3.515360e-01
497 6.473440e-01 9.440000e-04 3.517120e-01
498 6.472240e-01 8.920000e-04 3.518840e-01
499 6.471040e-01 9.000000e-04 3.519960e-01
500 6.469760e-01 8.960000e-04 3.521280e-01
