1 9.992040e-01 7.200000e-04 7.600000e-05
2 9.986600e-01 1.132000e-03 2.080000e-04
3 9.980280e-01 1.500000e-03 4.720000e-04
4 9.973520e-01 1.812000e-03 8.360000e-04
5 9.965600e-01 2.240000e-03 1.200000e-03
6 9.957400e-01 2.592000e-03 1.668000e-03
7 9.949560e-01 2.888000e-03 2.156000e-03
8 9.940480e-01 3.120000e-03 2.832000e-03
9 9.931960e-01 3.416000e-03 3.388000e-03
10 9.923200e-01 3.752000e-03 3.928000e-03
11 9.913160e-01 4.120000e-03 4.564000e-03
12 9.904280e-01 4.312000e-03 5.260000e-03
13 9.894720e-01 4.524000e-03 6.004000e-03
14 9.882760e-01 4.912000e-03 6.812000e-03
15 9.871760e-01 5.136000e-03 7.688000e-03
16 9.860840e-01 5.396000e-03 8.520000e-03
17 9.850080e-01 5.476000e-03 9.516000e-03
18 9.838400e-01 5.676000e-03 1.048400e-02
19 9.827160e-01 5.852000e-03 1.143200e-02
20 9.814680e-01 6.088000e-03 1.244400e-02
21 9.801400e-01 6.228000e-03 1.363200e-02
22 9.788080e-01 6.344000e-03 1.484800e-02
23 9.773480e-01 6.684000e-03 1.596800e-02
24 9.758120e-01 6.992000e-03 1.719600e-02
25 9.745160e-01 6.996000e-03 1.848800e-02
26 9.729960e-01 7.144000e-03 1.986000e-02
27 9.714800e-01 7.232000e-03 2.128800e-02
28 9.699120e-01 7.468000e-03 2.262000e-02
29 9.684240e-01 7.680000e-03 2.389600e-02
30 9.669360e-01 7.844000e-03 2.522000e-02
31 9.655360e-01 7.836000e-03 2.662800e-02
32 9.639440e-01 8.060000e-03 2.799600e-02
33 9.624120e-01 8.140000e-03 2.944800e-02
34 9.608680e-01 8.388000e-03 3.074400e-02
35 9.591760e-01 8.652000e-03 3.217200e-02
36 9.577080e-01 8.540000e-03 3.375200e-02
37 9.560800e-01 8.584000e-03 3.533600e-02
38 9.546160e-01 8.508000e-03 3.687600e-02
39 9.530520e-01 8.556000e-03 3.839200e-02
40 9.513880e-01 8.772000e-03 3.984000e-02
41 9.498520e-01 8.864000e-03 4.128400e-02
42 9.483520e-01 8.800000e-03 4.284800e-02
43 9.467240e-01 8.840000e-03 4.443600e-02
44 9.451160e-01 8.880000e-03 4.600400e-02
45 9.435400e-01 8.968000e-03 4.749200e-02
46 9.420440e-01 8.880000e-03 4.907600e-02
47 9.403880e-01 9.052000e-03 5.056000e-02
48 9.387640e-01 9.084000e-03 5.215200e-02
49 9.370600e-01 9.160000e-03 5.378000e-02
50 9.355200e-01 8.984000e-03 5.549600e-02
51 9.338320e-01 9.268000e-03 5.690000e-02
52 9.322440e-01 9.256000e-03 5.850000e-02
53 9.306680e-01 9.260000e-03 6.007200e-02
54 9.290320e-01 9.156000e-03 6.181200e-02
55 9.272640e-01 9.328000e-03 6.340800e-02
56 9.254160e-01 9.480000e-03 6.510400e-02
57 9.237400e-01 9.560000e-03 6.670000e-02
58 9.221200e-01 9.508000e-03 6.837200e-02
59 9.205040e-01 9.472000e-03 7.002400e-02
60 9.187000e-01 9.644000e-03 7.165600e-02
61 9.170840e-01 9.608000e-03 7.330800e-02
62 9.154200e-01 9.608000e-03 7.497200e-02
63 9.137640e-01 9.516000e-03 7.672000e-02
64 9.122160e-01 9.416000e-03 7.836800e-02
65 9.105920e-01 9.372000e-03 8.003600e-02
66 9.088640e-01 9.356000e-03 8.178000e-02
67 9.071760e-01 9.364000e-03 8.346000e-02
68 9.056400e-01 9.348000e-03 8.501200e-02
69 9.039280e-01 9.420000e-03 8.665200e-02
70 9.022680e-01 9.332000e-03 8.840000e-02
71 9.006640e-01 9.376000e-03 8.996000e-02
72 8.990040e-01 9.480000e-03 9.151600e-02
73 8.974520e-01 9.404000e-03 9.314400e-02
74 8.956720e-01 9.492000e-03 9.483600e-02
75 8.940720e-01 9.508000e-03 9.642000e-02
76 8.921240e-01 9.920000e-03 9.795600e-02
77 8.902320e-01 1.018000e-02 9.958800e-02
78 8.884880e-01 1.004800e-02 1.014640e-01
79 8.867600e-01 9.940000e-03 1.033000e-01
80 8.851800e-01 9.748000e-03 1.050720e-01
81 8.833440e-01 9.828000e-03 1.068280e-01
82 8.816240e-01 9.740000e-03 1.086360e-01
83 8.799640e-01 9.644000e-03 1.103920e-01
84 8.783360e-01 9.636000e-03 1.120280e-01
85 8.768720e-01 9.480000e-03 1.136480e-01
86 8.752520e-01 9.424000e-03 1.153240e-01
87 8.736120e-01 9.256000e-03 1.171320e-01
88 8.720400e-01 9.260000e-03 1.187000e-01
89 8.705960e-01 9.072000e-03 1.203320e-01
90 8.689400e-01 9.052000e-03 1.220080e-01
91 8.673640e-01 9.008000e-03 1.236280e-01
92 8.657080e-01 9.072000e-03 1.252200e-01
93 8.641360e-01 8.964000e-03 1.269000e-01
94 8.626040e-01 8.908000e-03 1.284880e-01
95 8.611520e-01 8.820000e-03 1.300280e-01
96 8.594280e-01 8.944000e-03 1.316280e-01
97 8.579360e-01 8.880000e-03 1.331840e-01
98 8.564680e-01 8.768000e-03 1.347640e-01
99 8.547760e-01 8.972000e-03 1.362520e-01
100 8.530680e-01 9.136000e-03 1.377960e-01
101 8.515680e-01 9.036000e-03 1.393960e-01
102 8.499640e-01 9.028000e-03 1.410080e-01
103 8.482600e-01 9.320000e-03 1.424200e-01
104 8.466760e-01 9.340000e-03 1.439840e-01
105 8.451960e-01 9.124000e-03 1.456800e-01
106 8.436000e-01 9.048000e-03 1.473520e-01
107 8.420120e-01 9.044000e-03 1.489440e-01
108 8.403120e-01 9.208000e-03 1.504800e-01
109 8.387120e-01 9.260000e-03 1.520280e-01
110 8.370640e-01 9.284000e-03 1.536520e-01
111 8.353720e-01 9.252000e-03 1.553760e-01
112 8.336640e-01 9.488000e-03 1.568480e-01
113 8.319000e-01 9.508000e-03 1.585920e-01
114 8.302160e-01 9.608000e-03 1.601760e-01
115 8.286880e-01 9.420000e-03 1.618920e-01
116 8.272520e-01 9.268000e-03 1.634800e-01
117 8.257040e-01 9.176000e-03 1.651200e-01
118 8.241760e-01 9.116000e-03 1.667080e-01
119 8.227600e-01 8.976000e-03 1.682640e-01
120 8.210920e-01 9.096000e-03 1.698120e-01
121 8.194920e-01 9.008000e-03 1.715000e-01
122 8.178440e-01 8.952000e-03 1.732040e-01
123 8.160440e-01 9.120000e-03 1.748360e-01
124 8.144720e-01 8.964000e-03 1.765640e-01
125 8.126760e-01 9.100000e-03 1.782240e-01
126 8.108960e-01 9.216000e-03 1.798880e-01
127 8.093040e-01 9.104000e-03 1.815920e-01
128 8.076120e-01 9.088000e-03 1.833000e-01
129 8.059640e-01 9.168000e-03 1.848680e-01
130 8.043800e-01 9.084000e-03 1.865360e-01
131 8.027840e-01 9.132000e-03 1.880840e-01
132 8.014560e-01 8.764000e-03 1.897800e-01
133 8.000360e-01 8.688000e-03 1.912760e-01
134 7.987040e-01 8.524000e-03 1.927720e-01
135 7.973320e-01 8.432000e-03 1.942360e-01
136 7.959480e-01 8.336000e-03 1.957160e-01
137 7.944600e-01 8.500000e-03 1.970400e-01
138 7.930840e-01 8.436000e-03 1.984800e-01
139 7.915320e-01 8.412000e-03 2.000560e-01
140 7.899000e-01 8.616000e-03 2.014840e-01
141 7.884200e-01 8.524000e-03 2.030560e-01
142 7.869160e-01 8.592000e-03 2.044920e-01
143 7.853400e-01 8.684000e-03 2.059760e-01
144 7.836480e-01 8.932000e-03 2.074200e-01
145 7.820800e-01 8.884000e-03 2.090360e-01
146 7.806280e-01 8.808000e-03 2.105640e-01
147 7.792400e-01 8.700000e-03 2.120600e-01
148 7.778800e-01 8.556000e-03 2.135640e-01
149 7.764000e-01 8.524000e-03 2.150760e-01
150 7.749080e-01 8.436000e-03 2.166560e-01
151 7.735320e-01 8.320000e-03 2.181480e-01
152 7.720240e-01 8.180000e-03 2.197960e-01
153 7.706400e-01 8.280000e-03 2.210800e-01
154 7.690280e-01 8.396000e-03 2.225760e-01
155 7.676040e-01 8.372000e-03 2.240240e-01
156 7.662480e-01 8.268000e-03 2.254840e-01
157 7.650120e-01 8.048000e-03 2.269400e-01
158 7.636880e-01 7.940000e-03 2.283720e-01
159 7.623480e-01 8.004000e-03 2.296480e-01
160 7.610880e-01 7.832000e-03 2.310800e-01
161 7.598400e-01 7.808000e-03 2.323520e-01
162 7.585000e-01 7.852000e-03 2.336480e-01
163 7.572120e-01 7.640000e-03 2.351480e-01
164 7.559880e-01 7.488000e-03 2.365240e-01
165 7.547280e-01 7.332000e-03 2.379400e-01
166 7.534080e-01 7.416000e-03 2.391760e-01
167 7.522880e-01 7.332000e-03 2.403800e-01
168 7.511200e-01 7.204000e-03 2.416760e-01
169 7.499000e-01 7.136000e-03 2.429640e-01
170 7.485960e-01 7.192000e-03 2.442120e-01
171 7.473400e-01 7.188000e-03 2.454720e-01
172 7.461640e-01 7.044000e-03 2.467920e-01
173 7.450360e-01 6.920000e-03 2.480440e-01
174 7.437520e-01 6.996000e-03 2.492520e-01
175 7.424320e-01 7.076000e-03 2.504920e-01
176 7.412880e-01 7.020000e-03 2.516920e-01
177 7.399480e-01 7.108000e-03 2.529440e-01
178 7.386320e-01 7.128000e-03 2.542400e-01
179 7.374560e-01 7.080000e-03 2.554640e-01
180 7.362720e-01 7.048000e-03 2.566800e-01
181 7.351080e-01 7.032000e-03 2.578600e-01
182 7.339240e-01 6.880000e-03 2.591960e-01
183 7.327960e-01 6.904000e-03 2.603000e-01
184 7.317520e-01 6.844000e-03 2.614040e-01
185 7.307440e-01 6.784000e-03 2.624720e-01
186 7.295560e-01 6.808000e-03 2.636360e-01
187 7.282960e-01 6.948000e-03 2.647560e-01
188 7.270680e-01 6.868000e-03 2.660640e-01
189 7.259560e-01 6.800000e-03 2.672440e-01
190 7.247680e-01 6.832000e-03 2.684000e-01
191 7.235560e-01 6.792000e-03 2.696520e-01
192 7.225840e-01 6.592000e-03 2.708240e-01
193 7.214160e-01 6.484000e-03 2.721000e-01
194 7.202560e-01 6.532000e-03 2.732120e-01
195 7.190960e-01 6.664000e-03 2.742400e-01
196 7.179080e-01 6.760000e-03 2.753320e-01
197 7.167000e-01 6.796000e-03 2.765040e-01
198 7.155400e-01 6.740000e-03 2.777200e-01
199 7.144040e-01 6.740000e-03 2.788560e-01
200 7.132120e-01 6.844000e-03 2.799440e-01
201 7.120480e-01 6.816000e-03 2.811360e-01
202 7.108360e-01 6.812000e-03 2.823520e-01
203 7.097800e-01 6.640000e-03 2.835800e-01
204 7.086320e-01 6.692000e-03 2.846760e-01
205 7.074280e-01 6.700000e-03 2.858720e-01
206 7.063680e-01 6.572000e-03 2.870600e-01
207 7.053680e-01 6.520000e-03 2.881120e-01
208 7.043040e-01 6.384000e-03 2.893120e-01
209 7.033680e-01 6.224000e-03 2.904080e-01
210 7.023520e-01 6.164000e-03 2.914840e-01
211 7.014760e-01 6.044000e-03 2.924800e-01
212 7.005320e-01 5.896000e-03 2.935720e-01
213 6.994920e-01 5.968000e-03 2.945400e-01
214 6.985600e-01 5.752000e-03 2.956880e-01
215 6.976840e-01 5.572000e-03 2.967440e-01
216 6.967600e-01 5.576000e-03 2.976640e-01
217 6.959360e-01 5.500000e-03 2.985640e-01
218 6.950200e-01 5.508000e-03 2.994720e-01
219 6.940520e-01 5.528000e-03 3.004200e-01
220 6.931240e-01 5.508000e-03 3.013680e-01
221 6.922480e-01 5.392000e-03 3.023600e-01
222 6.913360e-01 5.440000e-03 3.032240e-01
223 6.904160e-01 5.328000e-03 3.042560e-01
224 6.896680e-01 5.116000e-03 3.052160e-01
225 6.888160e-01 5.112000e-03 3.060720e-01
226 6.879680e-01 5.104000e-03 3.069280e-01
227 6.870160e-01 5.156000e-03 3.078280e-01
228 6.860800e-01 5.144000e-03 3.087760e-01
229 6.852560e-01 5.044000e-03 3.097000e-01
230 6.843720e-01 4.948000e-03 3.106800e-01
231 6.836160e-01 4.904000e-03 3.114800e-01
232 6.827400e-01 4.860000e-03 3.124000e-01
233 6.819320e-01 4.708000e-03 3.133600e-01
234 6.810840e-01 4.720000e-03 3.141960e-01
235 6.802640e-01 4.716000e-03 3.150200e-01
236 6.793960e-01 4.820000e-03 3.157840e-01
237 6.785080e-01 4.808000e-03 3.166840e-01
238 6.776200e-01 4.844000e-03 3.175360e-01
239 6.767120e-01 4.932000e-03 3.183560e-01
240 6.759360e-01 4.944000e-03 3.191200e-01
241 6.752040e-01 4.704000e-03 3.200920e-01
242 6.744400e-01 4.644000e-03 3.209160e-01
243 6.735760e-01 4.756000e-03 3.216680e-01
244 6.728920e-01 4.620000e-03 3.224880e-01
245 6.720800e-01 4.704000e-03 3.232160e-01
246 6.712080e-01 4.860000e-03 3.239320e-01
247 6.702920e-01 4.912000e-03 3.247960e-01
248 6.694080e-01 5.004000e-03 3.255880e-01
249 6.685080e-01 5.168000e-03 3.263240e-01
250 6.676920e-01 5.044000e-03 3.272640e-01
251 6.668120e-01 5.060000e-03 3.281280e-01
252 6.660080e-01 5.052000e-03 3.289400e-01
253 6.651040e-01 5.000000e-03 3.298960e-01
254 6.641440e-01 5.044000e-03 3.308120e-01
255 6.633400e-01 4.940000e-03 3.317200e-01
256 6.625040e-01 4.936000e-03 3.325600e-01
257 6.616720e-01 4.876000e-03 3.334520e-01
258 6.607280e-01 4.984000e-03 3.342880e-01
259 6.597840e-01 5.056000e-03 3.351600e-01
260 6.589480e-01 5.076000e-03 3.359760e-01
261 6.580480e-01 5.144000e-03 3.368080e-01
262 6.573160e-01 5.028000e-03 3.376560e-01
263 6.563680e-01 5.036000e-03 3.385960e-01
264 6.554240e-01 5.040000e-03 3.395360e-01
265 6.544520e-01 5.132000e-03 3.404160e-01
266 6.533640e-01 5.248000e-03 3.413880e-01
267 6.524960e-01 5.244000e-03 3.422600e-01
268 6.515880e-01 5.204000e-03 3.432080e-01
269 6.506880e-01 5.192000e-03 3.441200e-01
270 6.497680e-01 5.216000e-03 3.450160e-01
271 6.488080e-01 5.324000e-03 3.458680e-01
272 6.479160e-01 5.312000e-03 3.467720e-01
273 6.469400e-01 5.320000e-03 3.477400e-01
274 6.460000e-01 5.320000e-03 3.486800e-01
275 6.450640e-01 5.284000e-03 3.496520e-01
276 6.441120e-01 5.364000e-03 3.505240e-01
277 6.433200e-01 5.292000e-03 3.513880e-01
278 6.424440e-01 5.084000e-03 3.524720e-01
279 6.416880e-01 4.916000e-03 3.533960e-01
280 6.408720e-01 4.848000e-03 3.542800e-01
281 6.401040e-01 4.720000e-03 3.551760e-01
282 6.394400e-01 4.480000e-03 3.560800e-01
283 6.388640e-01 4.272000e-03 3.568640e-01
284 6.382560e-01 4.144000e-03 3.576000e-01
285 6.375920e-01 4.228000e-03 3.581800e-01
286 6.369200e-01 4.188000e-03 3.588920e-01
287 6.361880e-01 4.200000e-03 3.596120e-01
288 6.355320e-01 4.084000e-03 3.603840e-01
289 6.349200e-01 4.072000e-03 3.610080e-01
290 6.343800e-01 3.876000e-03 3.617440e-01
291 6.337640e-01 3.832000e-03 3.624040e-01
292 6.330760e-01 3.788000e-03 3.631360e-01
293 6.323920e-01 3.776000e-03 3.638320e-01
294 6.317400e-01 3.784000e-03 3.644760e-01
295 6.309800e-01 3.864000e-03 3.651560e-01
296 6.302760e-01 3.892000e-03 3.658320e-01
297 6.295880e-01 3.888000e-03 3.665240e-01
298 6.288640e-01 3.940000e-03 3.671960e-01
299 6.280960e-01 4.008000e-03 3.678960e-01
300 6.274280e-01 3.992000e-03 3.685800e-01
301 6.267880e-01 3.904000e-03 3.693080e-01
302 6.261480e-01 3.924000e-03 3.699280e-01
303 6.254880e-01 3.968000e-03 3.705440e-01
304 6.247760e-01 3.968000e-03 3.712560e-01
305 6.240680e-01 3.888000e-03 3.720440e-01
306 6.234680e-01 3.772000e-03 3.727600e-01
307 6.229560e-01 3.612000e-03 3.734320e-01
308 6.224360e-01 3.504000e-03 3.740600e-01
309 6.218480e-01 3.476000e-03 3.746760e-01
310 6.213360e-01 3.388000e-03 3.752760e-01
311 6.207680e-01 3.360000e-03 3.758720e-01
312 6.201920e-01 3.296000e-03 3.765120e-01
313 6.196920e-01 3.224000e-03 3.770840e-01
314 6.192360e-01 3.092000e-03 3.776720e-01
315 6.186800e-01 3.072000e-03 3.782480e-01
316 6.180840e-01 3.088000e-03 3.788280e-01
317 6.174560e-01 3.272000e-03 3.792720e-01
318 6.169600e-01 3.228000e-03 3.798120e-01
319 6.164160e-01 3.144000e-03 3.804400e-01
320 6.159560e-01 3.080000e-03 3.809640e-01
321 6.154840e-01 2.908000e-03 3.816080e-01
322 6.148560e-01 2.992000e-03 3.821520e-01
323 6.143040e-01 3.020000e-03 3.826760e-01
324 6.138160e-01 3.004000e-03 3.831800e-01
325 6.132160e-01 3.032000e-03 3.837520e-01
326 6.127520e-01 2.964000e-03 3.842840e-01
327 6.122440e-01 2.948000e-03 3.848080e-01
328 6.117040e-01 2.964000e-03 3.853320e-01
329 6.112360e-01 2.880000e-03 3.858840e-01
330 6.106560e-01 2.900000e-03 3.864440e-01
331 6.101800e-01 2.816000e-03 3.870040e-01
332 6.097680e-01 2.804000e-03 3.874280e-01
333 6.093000e-01 2.848000e-03 3.878520e-01
334 6.087480e-01 2.916000e-03 3.883360e-01
335 6.082560e-01 2.932000e-03 3.888120e-01
336 6.076760e-01 2.984000e-03 3.893400e-01
337 6.071640e-01 3.008000e-03 3.898280e-01
338 6.067040e-01 2.972000e-03 3.903240e-01
339 6.061760e-01 3.004000e-03 3.908200e-01
340 6.056840e-01 2.916000e-03 3.914000e-01
341 6.051720e-01 2.856000e-03 3.919720e-01
342 6.046760e-01 2.876000e-03 3.924480e-01
343 6.042640e-01 2.772000e-03 3.929640e-01
344 6.038240e-01 2.732000e-03 3.934440e-01
345 6.033040e-01 2.696000e-03 3.940000e-01
346 6.027920e-01 2.656000e-03 3.945520e-01
347 6.023560e-01 2.632000e-03 3.950120e-01
348 6.019120e-01 2.556000e-03 3.955320e-01
349 6.014200e-01 2.588000e-03 3.959920e-01
350 6.009600e-01 2.620000e-03 3.964200e-01
351 6.005840e-01 2.512000e-03 3.969040e-01
352 6.001200e-01 2.560000e-03 3.973200e-01
353 5.996960e-01 2.548000e-03 3.977560e-01
354 5.992520e-01 2.568000e-03 3.981800e-01
355 5.987360e-01 2.644000e-03 3.986200e-01
356 5.983040e-01 2.620000e-03 3.990760e-01
357 5.977760e-01 2.712000e-03 3.995120e-01
358 5.972800e-01 2.752000e-03 3.999680e-01
359 5.968560e-01 2.684000e-03 4.004600e-01
360 5.964240e-01 2.700000e-03 4.008760e-01
361 5.960560e-01 2.608000e-03 4.013360e-01
362 5.956040e-01 2.748000e-03 4.016480e-01
363 5.952320e-01 2.552000e-03 4.022160e-01
364 5.948320e-01 2.528000e-03 4.026400e-01
365 5.943960e-01 2.528000e-03 4.030760e-01
366 5.940120e-01 2.504000e-03 4.034840e-01
367 5.936800e-01 2.400000e-03 4.039200e-01
368 5.933360e-01 2.304000e-03 4.043600e-01
369 5.930360e-01 2.252000e-03 4.047120e-01
370 5.927040e-01 2.184000e-03 4.051120e-01
371 5.923760e-01 2.092000e-03 4.055320e-01
372 5.920520e-01 2.036000e-03 4.059120e-01
373 5.916360e-01 2.128000e-03 4.062360e-01
374 5.913360e-01 2.092000e-03 4.065720e-01
375 5.909640e-01 2.068000e-03 4.069680e-01
376 5.906280e-01 2.028000e-03 4.073440e-01
377 5.902160e-01 2.100000e-03 4.076840e-01
378 5.898240e-01 2.160000e-03 4.080160e-01
379 5.893960e-01 2.172000e-03 4.084320e-01
380 5.890640e-01 2.192000e-03 4.087440e-01
381 5.886920e-01 2.216000e-03 4.090920e-01
382 5.882720e-01 2.284000e-03 4.094440e-01
383 5.878920e-01 2.240000e-03 4.098680e-01
384 5.875000e-01 2.228000e-03 4.102720e-01
385 5.871880e-01 2.156000e-03 4.106560e-01
386 5.867800e-01 2.164000e-03 4.110560e-01
387 5.864480e-01 2.116000e-03 4.114360e-01
388 5.861080e-01 2.052000e-03 4.118400e-01
389 5.857440e-01 2.024000e-03 4.122320e-01
390 5.853840e-01 2.080000e-03 4.125360e-01
391 5.850880e-01 2.056000e-03 4.128560e-01
392 5.847560e-01 2.092000e-03 4.131520e-01
393 5.844240e-01 2.084000e-03 4.134920e-01
394 5.841160e-01 2.052000e-03 4.138320e-01
395 5.837720e-01 2.016000e-03 4.142120e-01
396 5.834440e-01 1.992000e-03 4.145640e-01
397 5.831480e-01 1.980000e-03 4.148720e-01
398 5.828840e-01 1.892000e-03 4.152240e-01
399 5.825320e-01 1.924000e-03 4.155440e-01
400 5.822600e-01 1.908000e-03 4.158320e-01
401 5.819640e-01 1.896000e-03 4.161400e-01
402 5.815920e-01 1.864000e-03 4.165440e-01
403 5.813160e-01 1.868000e-03 4.168160e-01
404 5.809880e-01 1.844000e-03 4.171680e-01
405 5.807080e-01 1.860000e-03 4.174320e-01
406 5.804080e-01 1.852000e-03 4.177400e-01
407 5.800720e-01 1.860000e-03 4.180680e-01
408 5.797240e-01 1.860000e-03 4.184160e-01
409 5.794760e-01 1.776000e-03 4.187480e-01
410 5.791520e-01 1.764000e-03 4.190840e-01
411 5.787280e-01 1.836000e-03 4.194360e-01
412 5.784080e-01 1.880000e-03 4.197120e-01
413 5.780360e-01 1.956000e-03 4.200080e-01
414 5.776920e-01 1.932000e-03 4.203760e-01
415 5.773440e-01 1.888000e-03 4.207680e-01
416 5.769520e-01 1.952000e-03 4.210960e-01
417 5.764640e-01 2.060000e-03 4.214760e-01
418 5.761040e-01 2.000000e-03 4.218960e-01
419 5.758080e-01 1.936000e-03 4.222560e-01
420 5.754800e-01 1.944000e-03 4.225760e-01
421 5.751680e-01 1.984000e-03 4.228480e-01
422 5.748000e-01 2.052000e-03 4.231480e-01
423 5.744440e-01 2.036000e-03 4.235200e-01
424 5.740720e-01 2.016000e-03 4.239120e-01
425 5.736600e-01 2.092000e-03 4.242480e-01
426 5.733280e-01 2.060000e-03 4.246120e-01
427 5.729840e-01 2.056000e-03 4.249600e-01
428 5.726400e-01 2.048000e-03 4.253120e-01
429 5.723440e-01 1.976000e-03 4.256800e-01
430 5.719880e-01 1.964000e-03 4.260480e-01
431 5.716600e-01 1.968000e-03 4.263720e-01
432 5.713720e-01 1.880000e-03 4.267480e-01
433 5.710440e-01 1.844000e-03 4.271120e-01
434 5.707040e-01 1.864000e-03 4.274320e-01
435 5.703800e-01 1.860000e-03 4.277600e-01
436 5.700360e-01 1.892000e-03 4.280720e-01
437 5.697440e-01 1.888000e-03 4.283680e-01
438 5.694720e-01 1.824000e-03 4.287040e-01
439 5.691680e-01 1.792000e-03 4.290400e-01
440 5.689040e-01 1.732000e-03 4.293640e-01
441 5.686680e-01 1.660000e-03 4.296720e-01
442 5.683720e-01 1.608000e-03 4.300200e-01
443 5.681160e-01 1.568000e-03 4.303160e-01
444 5.678680e-01 1.528000e-03 4.306040e-01
445 5.675920e-01 1.528000e-03 4.308800e-01
446 5.673120e-01 1.580000e-03 4.311080e-01
447 5.670480e-01 1.576000e-03 4.313760e-01
448 5.667240e-01 1.628000e-03 4.316480e-01
449 5.664600e-01 1.688000e-03 4.318520e-01
450 5.661440e-01 1.668000e-03 4.321880e-01
451 5.658680e-01 1.660000e-03 4.324720e-01
452 5.655720e-01 1.664000e-03 4.327640e-01
453 5.652960e-01 1.652000e-03 4.330520e-01
454 5.650560e-01 1.672000e-03 4.332720e-01
455 5.647280e-01 1.652000e-03 4.336200e-01
456 5.644120e-01 1.672000e-03 4.339160e-01
457 5.641400e-01 1.608000e-03 4.342520e-01
458 5.638600e-01 1.588000e-03 4.345520e-01
459 5.635560e-01 1.604000e-03 4.348400e-01
460 5.632880e-01 1.556000e-03 4.351560e-01
461 5.630600e-01 1.488000e-03 4.354520e-01
462 5.628840e-01 1.432000e-03 4.356840e-01
463 5.627040e-01 1.388000e-03 4.359080e-01
464 5.625080e-01 1.312000e-03 4.361800e-01
465 5.623320e-01 1.204000e-03 4.364640e-01
466 5.621760e-01 1.156000e-03 4.366680e-01
467 5.620440e-01 1.072000e-03 4.368840e-01
468 5.619000e-01 1.020000e-03 4.370800e-01
469 5.617720e-01 9.200000e-04 4.373080e-01
470 5.616400e-01 9.200000e-04 4.374400e-01
471 5.615200e-01 9.000000e-04 4.375800e-01
472 5.613640e-01 8.880000e-04 4.377480e-01
473 5.611720e-01 9.680000e-04 4.378600e-01
474 5.610040e-01 9.440000e-04 4.380520e-01
475 5.608560e-01 9.640000e-04 4.381800e-01
476 5.606400e-01 1.020000e-03 4.383400e-01
477 5.604360e-01 1.024000e-03 4.385400e-01
478 5.602600e-01 1.076000e-03 4.386640e-01
479 5.600880e-01 1.064000e-03 4.388480e-01
480 5.599400e-01 1.036000e-03 4.390240e-01
481 5.597640e-01 1.008000e-03 4.392280e-01
482 5.595960e-01 9.840000e-04 4.394200e-01
483 5.594480e-01 9.360000e-04 4.396160e-01
484 5.593520e-01 8.760000e-04 4.397720e-01
485 5.592160e-01 8.680000e-04 4.399160e-01
486 5.590760e-01 8.840000e-04 4.400400e-01
487 5.588840e-01 9.280000e-04 4.401880e-01
488 5.587840e-01 9.000000e-04 4.403160e-01
489 5.586640e-01 8.480000e-04 4.404880e-01
490 5.585480e-01 8.320000e-04 4.406200e-01
491 5.583800e-01 8.200000e-04 4.408000e-01
492 5.582600e-01 7.520000e-04 4.409880e-01
493 5.581400e-01 7.520000e-04 4.411080e-01
494 5.580160e-01 7.120000e-04 4.412720e-01
495 5.578720e-01 7.280000e-04 4.414000e-01
496 5.577440e-01 7.280000e-04 4.415280e-01
497 5.575840e-01 7.520000e-04 4.416640e-01
498 5.574520e-01 7.520000e-04 4.417960e-01
499 5.573360e-01 7.080000e-04 4.419560e-01
500 5.572000e-01 6.920000e-04 4.421080e-01
