1 9.991920e-01 7.040000e-04 1.040000e-04
2 9.986760e-01 1.092000e-03 2.320000e-04
3 9.978680e-01 1.652000e-03 4.800000e-04
4 9.971360e-01 2.020000e-03 8.440000e-04
5 9.962280e-01 2.504000e-03 1.268000e-03
6 9.952800e-01 2.972000e-03 1.748000e-03
7 9.943800e-01 3.372000e-03 2.248000e-03
8 9.933280e-01 3.816000e-03 2.856000e-03
9 9.921880e-01 4.228000e-03 3.584000e-03
10 9.909280e-01 4.708000e-03 4.364000e-03
11 9.898560e-01 4.952000e-03 5.192000e-03
12 9.886040e-01 5.376000e-03 6.020000e-03
13 9.872360e-01 5.912000e-03 6.852000e-03
14 9.859480e-01 6.144000e-03 7.908000e-03
15 9.845200e-01 6.480000e-03 9.000000e-03
16 9.831960e-01 6.692000e-03 1.011200e-02
17 9.817600e-01 6.952000e-03 1.128800e-02
18 9.804760e-01 6.956000e-03 1.256800e-02
19 9.791160e-01 7.052000e-03 1.383200e-02
20 9.776920e-01 7.220000e-03 1.508800e-02
21 9.763360e-01 7.344000e-03 1.632000e-02
22 9.749120e-01 7.496000e-03 1.759200e-02
23 9.734960e-01 7.628000e-03 1.887600e-02
24 9.720560e-01 7.604000e-03 2.034000e-02
25 9.707040e-01 7.532000e-03 2.176400e-02
26 9.694680e-01 7.420000e-03 2.311200e-02
27 9.682360e-01 7.396000e-03 2.436800e-02
28 9.668920e-01 7.564000e-03 2.554400e-02
29 9.654760e-01 7.664000e-03 2.686000e-02
30 9.640600e-01 7.864000e-03 2.807600e-02
31 9.625520e-01 8.032000e-03 2.941600e-02
32 9.610080e-01 8.128000e-03 3.086400e-02
33 9.594000e-01 8.348000e-03 3.225200e-02
34 9.578240e-01 8.420000e-03 3.375600e-02
35 9.561400e-01 8.688000e-03 3.517200e-02
36 9.544360e-01 8.916000e-03 3.664800e-02
37 9.527600e-01 8.968000e-03 3.827200e-02
38 9.510520e-01 9.096000e-03 3.985200e-02
39 9.494160e-01 9.208000e-03 4.137600e-02
40 9.479720e-01 9.068000e-03 4.296000e-02
41 9.463360e-01 9.084000e-03 4.458000e-02
42 9.448120e-01 8.984000e-03 4.620400e-02
43 9.432240e-01 9.000000e-03 4.777600e-02
44 9.416040e-01 8.972000e-03 4.942400e-02
45 9.400040e-01 8.936000e-03 5.106000e-02
46 9.381520e-01 9.216000e-03 5.263200e-02
47 9.364840e-01 9.300000e-03 5.421600e-02
48 9.348000e-01 9.316000e-03 5.588400e-02
49 9.332560e-01 9.208000e-03 5.753600e-02
50 9.315680e-01 9.260000e-03 5.917200e-02
51 9.301200e-01 9.100000e-03 6.078000e-02
52 9.286680e-01 8.908000e-03 6.242400e-02
53 9.271200e-01 8.876000e-03 6.400400e-02
54 9.257440e-01 8.772000e-03 6.548400e-02
55 9.243680e-01 8.684000e-03 6.694800e-02
56 9.231400e-01 8.488000e-03 6.837200e-02
57 9.217080e-01 8.624000e-03 6.966800e-02
58 9.202720e-01 8.464000e-03 7.126400e-02
59 9.187800e-01 8.480000e-03 7.274000e-02
60 9.174080e-01 8.348000e-03 7.424400e-02
61 9.161600e-01 8.236000e-03 7.560400e-02
62 9.148320e-01 8.240000e-03 7.692800e-02
63 9.135240e-01 8.072000e-03 7.840400e-02
64 9.121240e-01 7.984000e-03 7.989200e-02
65 9.106320e-01 8.084000e-03 8.128400e-02
66 9.091960e-01 8.128000e-03 8.267600e-02
67 9.077400e-01 8.168000e-03 8.409200e-02
68 9.061720e-01 8.228000e-03 8.560000e-02
69 9.047360e-01 8.268000e-03 8.699600e-02
70 9.033640e-01 8.236000e-03 8.840000e-02
71 9.018880e-01 8.328000e-03 8.978400e-02
72 9.005240e-01 8.276000e-03 9.120000e-02
73 8.990080e-01 8.284000e-03 9.270800e-02
74 8.975520e-01 8.212000e-03 9.423600e-02
75 8.959920e-01 8.384000e-03 9.562400e-02
76 8.944160e-01 8.496000e-03 9.708800e-02
77 8.929240e-01 8.544000e-03 9.853200e-02
78 8.913920e-01 8.404000e-03 1.002040e-01
79 8.900280e-01 8.304000e-03 1.016680e-01
80 8.886680e-01 8.176000e-03 1.031560e-01
81 8.873440e-01 7.976000e-03 1.046800e-01
82 8.859560e-01 7.948000e-03 1.060960e-01
83 8.845560e-01 7.972000e-03 1.074720e-01
84 8.832000e-01 8.028000e-03 1.087720e-01
85 8.817960e-01 8.068000e-03 1.101360e-01
86 8.803680e-01 7.964000e-03 1.116680e-01
87 8.789240e-01 7.952000e-03 1.131240e-01
88 8.772680e-01 8.196000e-03 1.145360e-01
89 8.756360e-01 8.460000e-03 1.159040e-01
90 8.740200e-01 8.608000e-03 1.173720e-01
91 8.724440e-01 8.676000e-03 1.188800e-01
92 8.708680e-01 8.652000e-03 1.204800e-01
93 8.693160e-01 8.756000e-03 1.219280e-01
94 8.678960e-01 8.624000e-03 1.234800e-01
95 8.662600e-01 8.800000e-03 1.249400e-01
96 8.645920e-01 9.012000e-03 1.263960e-01
97 8.631440e-01 8.872000e-03 1.279840e-01
98 8.615840e-01 8.936000e-03 1.294800e-01
99 8.601400e-01 8.812000e-03 1.310480e-01
100 8.586440e-01 8.688000e-03 1.326680e-01
101 8.571360e-01 8.888000e-03 1.339760e-01
102 8.554800e-01 8.984000e-03 1.355360e-01
103 8.537200e-01 9.124000e-03 1.371560e-01
104 8.521480e-01 9.076000e-03 1.387760e-01
105 8.506840e-01 8.892000e-03 1.404240e-01
106 8.493320e-01 8.548000e-03 1.421200e-01
107 8.480640e-01 8.284000e-03 1.436520e-01
108 8.467480e-01 8.228000e-03 1.450240e-01
109 8.455200e-01 8.020000e-03 1.464600e-01
110 8.442120e-01 8.004000e-03 1.477840e-01
111 8.429560e-01 7.820000e-03 1.492240e-01
112 8.416880e-01 7.816000e-03 1.504960e-01
113 8.403600e-01 7.908000e-03 1.517320e-01
114 8.390640e-01 7.808000e-03 1.531280e-01
115 8.377680e-01 7.648000e-03 1.545840e-01
116 8.365040e-01 7.600000e-03 1.558960e-01
117 8.352400e-01 7.560000e-03 1.572000e-01
118 8.338840e-01 7.456000e-03 1.586600e-01
119 8.325200e-01 7.556000e-03 1.599240e-01
120 8.312520e-01 7.544000e-03 1.612040e-01
121 8.298960e-01 7.540000e-03 1.625640e-01
122 8.287400e-01 7.292000e-03 1.639680e-01
123 8.275160e-01 7.264000e-03 1.652200e-01
124 8.263600e-01 7.108000e-03 1.665320e-01
125 8.251320e-01 7.000000e-03 1.678680e-01
126 8.238040e-01 7.172000e-03 1.690240e-01
127 8.226600e-01 7.016000e-03 1.703240e-01
128 8.214160e-01 6.988000e-03 1.715960e-01
129 8.201240e-01 6.988000e-03 1.728880e-01
130 8.188320e-01 6.996000e-03 1.741720e-01
131 8.175960e-01 6.984000e-03 1.754200e-01
132 8.163520e-01 6.960000e-03 1.766880e-01
133 8.151200e-01 6.964000e-03 1.779160e-01
134 8.139120e-01 6.828000e-03 1.792600e-01
135 8.127040e-01 6.876000e-03 1.804200e-01
136 8.116160e-01 6.784000e-03 1.816000e-01
137 8.104400e-01 6.700000e-03 1.828600e-01
138 8.093400e-01 6.536000e-03 1.841240e-01
139 8.082160e-01 6.480000e-03 1.853040e-01
140 8.071320e-01 6.500000e-03 1.863680e-01
141 8.060800e-01 6.456000e-03 1.874640e-01
142 8.050560e-01 6.444000e-03 1.885000e-01
143 8.038800e-01 6.436000e-03 1.896840e-01
144 8.027360e-01 6.424000e-03 1.908400e-01
145 8.013760e-01 6.688000e-03 1.919360e-01
146 8.001160e-01 6.760000e-03 1.931240e-01
147 7.989920e-01 6.544000e-03 1.944640e-01
148 7.980000e-01 6.332000e-03 1.956680e-01
149 7.970080e-01 6.212000e-03 1.967800e-01
150 7.959120e-01 6.184000e-03 1.979040e-01
151 7.949440e-01 6.048000e-03 1.990080e-01
152 7.939440e-01 5.984000e-03 2.000720e-01
153 7.929040e-01 5.972000e-03 2.011240e-01
154 7.919880e-01 5.836000e-03 2.021760e-01
155 7.910640e-01 5.748000e-03 2.031880e-01
156 7.901520e-01 5.608000e-03 2.042400e-01
157 7.891680e-01 5.708000e-03 2.051240e-01
158 7.880840e-01 5.804000e-03 2.061120e-01
159 7.869440e-01 5.800000e-03 2.072560e-01
160 7.857800e-01 5.988000e-03 2.082320e-01
161 7.846880e-01 5.956000e-03 2.093560e-01
162 7.837240e-01 5.912000e-03 2.103640e-01
163 7.826640e-01 5.900000e-03 2.114360e-01
164 7.816320e-01 5.792000e-03 2.125760e-01
165 7.805760e-01 5.828000e-03 2.135960e-01
166 7.795440e-01 5.912000e-03 2.145440e-01
167 7.784520e-01 5.920000e-03 2.156280e-01
168 7.773920e-01 6.016000e-03 2.165920e-01
169 7.762360e-01 6.044000e-03 2.177200e-01
170 7.752360e-01 5.900000e-03 2.188640e-01
171 7.742040e-01 5.976000e-03 2.198200e-01
172 7.731960e-01 5.992000e-03 2.208120e-01
173 7.722160e-01 5.952000e-03 2.218320e-01
174 7.711440e-01 5.988000e-03 2.228680e-01
175 7.701760e-01 5.852000e-03 2.239720e-01
176 7.691200e-01 5.968000e-03 2.249120e-01
177 7.680440e-01 6.016000e-03 2.259400e-01
178 7.669400e-01 6.020000e-03 2.270400e-01
179 7.658480e-01 6.048000e-03 2.281040e-01
180 7.647240e-01 6.164000e-03 2.291120e-01
181 7.636080e-01 6.196000e-03 2.301960e-01
182 7.625680e-01 6.196000e-03 2.312360e-01
183 7.614840e-01 6.124000e-03 2.323920e-01
184 7.603480e-01 6.176000e-03 2.334760e-01
185 7.592400e-01 6.188000e-03 2.345720e-01
186 7.581800e-01 6.076000e-03 2.357440e-01
187 7.570120e-01 6.132000e-03 2.368560e-01
188 7.559640e-01 6.036000e-03 2.380000e-01
189 7.550160e-01 5.868000e-03 2.391160e-01
190 7.541520e-01 5.780000e-03 2.400680e-01
191 7.530960e-01 5.836000e-03 2.410680e-01
192 7.521600e-01 5.640000e-03 2.422000e-01
193 7.512280e-01 5.724000e-03 2.430480e-01
194 7.502920e-01 5.644000e-03 2.440640e-01
195 7.493280e-01 5.512000e-03 2.451600e-01
196 7.483200e-01 5.600000e-03 2.460800e-01
197 7.473880e-01 5.564000e-03 2.470480e-01
198 7.464560e-01 5.528000e-03 2.480160e-01
199 7.454960e-01 5.520000e-03 2.489840e-01
200 7.446240e-01 5.460000e-03 2.499160e-01
201 7.436680e-01 5.496000e-03 2.508360e-01
202 7.427320e-01 5.472000e-03 2.517960e-01
203 7.418720e-01 5.384000e-03 2.527440e-01
204 7.409960e-01 5.336000e-03 2.536680e-01
205 7.400760e-01 5.308000e-03 2.546160e-01
206 7.392520e-01 5.300000e-03 2.554480e-01
207 7.383320e-01 5.392000e-03 2.562760e-01
208 7.373440e-01 5.508000e-03 2.571480e-01
209 7.364680e-01 5.512000e-03 2.580200e-01
210 7.354800e-01 5.580000e-03 2.589400e-01
211 7.345080e-01 5.492000e-03 2.600000e-01
212 7.336440e-01 5.456000e-03 2.609000e-01
213 7.325920e-01 5.584000e-03 2.618240e-01
214 7.314560e-01 5.804000e-03 2.627400e-01
215 7.303840e-01 5.856000e-03 2.637600e-01
216 7.294600e-01 5.652000e-03 2.648880e-01
217 7.284680e-01 5.668000e-03 2.658640e-01
218 7.275880e-01 5.528000e-03 2.668840e-01
219 7.266000e-01 5.532000e-03 2.678680e-01
220 7.256160e-01 5.592000e-03 2.687920e-01
221 7.247680e-01 5.500000e-03 2.697320e-01
222 7.239600e-01 5.268000e-03 2.707720e-01
223 7.230640e-01 5.168000e-03 2.717680e-01
224 7.223560e-01 4.904000e-03 2.727400e-01
225 7.215080e-01 4.796000e-03 2.736960e-01
226 7.206520e-01 4.828000e-03 2.745200e-01
227 7.197880e-01 4.752000e-03 2.754600e-01
228 7.189120e-01 4.860000e-03 2.762280e-01
229 7.181600e-01 4.700000e-03 2.771400e-01
230 7.172400e-01 4.828000e-03 2.779320e-01
231 7.163560e-01 4.808000e-03 2.788360e-01
232 7.154760e-01 4.928000e-03 2.795960e-01
233 7.146360e-01 4.900000e-03 2.804640e-01
234 7.137640e-01 4.884000e-03 2.813520e-01
235 7.129160e-01 4.884000e-03 2.822000e-01
236 7.120600e-01 4.908000e-03 2.830320e-01
237 7.112400e-01 4.824000e-03 2.839360e-01
238 7.104440e-01 4.816000e-03 2.847400e-01
239 7.095000e-01 4.800000e-03 2.857000e-01
240 7.087120e-01 4.744000e-03 2.865440e-01
241 7.079080e-01 4.696000e-03 2.873960e-01
242 7.071120e-01 4.644000e-03 2.882440e-01
243 7.063560e-01 4.628000e-03 2.890160e-01
244 7.055520e-01 4.564000e-03 2.898840e-01
245 7.047120e-01 4.628000e-03 2.906600e-01
246 7.038440e-01 4.604000e-03 2.915520e-01
247 7.028520e-01 4.720000e-03 2.924280e-01
248 7.020880e-01 4.708000e-03 2.932040e-01
249 7.012760e-01 4.740000e-03 2.939840e-01
250 7.005000e-01 4.684000e-03 2.948160e-01
251 6.997400e-01 4.684000e-03 2.955760e-01
252 6.988560e-01 4.796000e-03 2.963480e-01
253 6.979200e-01 4.844000e-03 2.972360e-01
254 6.971320e-01 4.780000e-03 2.980880e-01
255 6.962680e-01 4.712000e-03 2.990200e-01
256 6.953560e-01 4.760000e-03 2.998840e-01
257 6.944320e-01 4.896000e-03 3.006720e-01
258 6.935200e-01 4.956000e-03 3.015240e-01
259 6.925800e-01 5.020000e-03 3.024000e-01
260 6.917600e-01 5.008000e-03 3.032320e-01
261 6.910240e-01 4.940000e-03 3.040360e-01
262 6.902960e-01 4.932000e-03 3.047720e-01
263 6.896560e-01 4.816000e-03 3.055280e-01
264 6.889600e-01 4.612000e-03 3.064280e-01
265 6.881200e-01 4.592000e-03 3.072880e-01
266 6.872880e-01 4.548000e-03 3.081640e-01
267 6.864880e-01 4.628000e-03 3.088840e-01
268 6.857280e-01 4.596000e-03 3.096760e-01
269 6.849880e-01 4.500000e-03 3.105120e-01
270 6.843320e-01 4.428000e-03 3.112400e-01
271 6.835680e-01 4.344000e-03 3.120880e-01
272 6.829640e-01 4.248000e-03 3.127880e-01
273 6.821440e-01 4.336000e-03 3.135200e-01
274 6.813360e-01 4.288000e-03 3.143760e-01
275 6.806400e-01 4.200000e-03 3.151600e-01
276 6.799640e-01 4.148000e-03 3.158880e-01
277 6.793560e-01 4.048000e-03 3.165960e-01
278 6.785840e-01 4.040000e-03 3.173760e-01
279 6.778000e-01 4.092000e-03 3.181080e-01
280 6.770680e-01 4.180000e-03 3.187520e-01
281 6.762200e-01 4.300000e-03 3.194800e-01
282 6.754320e-01 4.416000e-03 3.201520e-01
283 6.746600e-01 4.432000e-03 3.209080e-01
284 6.738120e-01 4.552000e-03 3.216360e-01
285 6.730640e-01 4.576000e-03 3.223600e-01
286 6.722520e-01 4.516000e-03 3.232320e-01
287 6.715120e-01 4.564000e-03 3.239240e-01
288 6.706360e-01 4.688000e-03 3.246760e-01
289 6.698080e-01 4.728000e-03 3.254640e-01
290 6.689840e-01 4.628000e-03 3.263880e-01
291 6.680000e-01 4.836000e-03 3.271640e-01
292 6.671320e-01 4.864000e-03 3.280040e-01
293 6.660840e-01 5.200000e-03 3.287160e-01
294 6.651640e-01 5.160000e-03 3.296760e-01
295 6.643880e-01 4.968000e-03 3.306440e-01
296 6.634600e-01 5.080000e-03 3.314600e-01
297 6.626360e-01 5.092000e-03 3.322720e-01
298 6.617240e-01 5.160000e-03 3.331160e-01
299 6.608680e-01 5.028000e-03 3.341040e-01
300 6.600160e-01 5.028000e-03 3.349560e-01
301 6.591560e-01 5.008000e-03 3.358360e-01
302 6.583440e-01 4.988000e-03 3.366680e-01
303 6.575400e-01 4.988000e-03 3.374720e-01
304 6.568560e-01 4.748000e-03 3.383960e-01
305 6.561440e-01 4.736000e-03 3.391200e-01
306 6.552920e-01 4.772000e-03 3.399360e-01
307 6.545040e-01 4.732000e-03 3.407640e-01
308 6.537800e-01 4.668000e-03 3.415520e-01
309 6.529680e-01 4.608000e-03 3.424240e-01
310 6.521680e-01 4.580000e-03 3.432520e-01
311 6.513920e-01 4.560000e-03 3.440480e-01
312 6.506080e-01 4.568000e-03 3.448240e-01
313 6.498280e-01 4.576000e-03 3.455960e-01
314 6.490440e-01 4.532000e-03 3.464240e-01
315 6.482640e-01 4.492000e-03 3.472440e-01
316 6.475440e-01 4.344000e-03 3.481120e-01
317 6.467280e-01 4.412000e-03 3.488600e-01
318 6.459240e-01 4.360000e-03 3.497160e-01
319 6.452680e-01 4.224000e-03 3.505080e-01
320 6.446160e-01 4.132000e-03 3.512520e-01
321 6.438560e-01 4.096000e-03 3.520480e-01
322 6.431800e-01 4.048000e-03 3.527720e-01
323 6.425440e-01 3.944000e-03 3.535120e-01
324 6.418560e-01 3.964000e-03 3.541800e-01
325 6.411520e-01 3.940000e-03 3.549080e-01
326 6.404760e-01 3.932000e-03 3.555920e-01
327 6.398040e-01 3.916000e-03 3.562800e-01
328 6.391480e-01 3.976000e-03 3.568760e-01
329 6.384640e-01 3.952000e-03 3.575840e-01
330 6.378960e-01 3.808000e-03 3.582960e-01
331 6.371040e-01 3.864000e-03 3.590320e-01
332 6.363760e-01 3.940000e-03 3.596840e-01
333 6.357680e-01 3.848000e-03 3.603840e-01
334 6.351480e-01 3.776000e-03 3.610760e-01
335 6.345840e-01 3.688000e-03 3.617280e-01
336 6.339800e-01 3.644000e-03 3.623760e-01
337 6.334280e-01 3.608000e-03 3.629640e-01
338 6.328640e-01 3.564000e-03 3.635720e-01
339 6.322360e-01 3.620000e-03 3.641440e-01
340 6.316760e-01 3.584000e-03 3.647400e-01
341 6.310920e-01 3.504000e-03 3.654040e-01
342 6.305000e-01 3.500000e-03 3.660000e-01
343 6.298400e-01 3.544000e-03 3.666160e-01
344 6.293400e-01 3.344000e-03 3.673160e-01
345 6.288160e-01 3.232000e-03 3.679520e-01
346 6.282520e-01 3.264000e-03 3.684840e-01
347 6.276800e-01 3.220000e-03 3.691000e-01
348 6.271680e-01 3.216000e-03 3.696160e-01
349 6.266240e-01 3.148000e-03 3.702280e-01
350 6.261080e-01 3.216000e-03 3.706760e-01
351 6.255480e-01 3.208000e-03 3.712440e-01
352 6.249400e-01 3.284000e-03 3.717760e-01
353 6.243360e-01 3.352000e-03 3.723120e-01
354 6.238680e-01 3.284000e-03 3.728480e-01
355 6.233680e-01 3.388000e-03 3.732440e-01
356 6.227600e-01 3.348000e-03 3.738920e-01
357 6.223080e-01 3.252000e-03 3.744400e-01
358 6.219360e-01 3.060000e-03 3.750040e-01
359 6.214280e-01 3.076000e-03 3.754960e-01
360 6.209080e-01 3.076000e-03 3.760160e-01
361 6.203080e-01 3.072000e-03 3.766200e-01
362 6.197360e-01 3.112000e-03 3.771520e-01
363 6.191680e-01 3.000000e-03 3.778320e-01
364 6.185800e-01 3.084000e-03 3.783360e-01
365 6.180560e-01 3.164000e-03 3.787800e-01
366 6.175800e-01 3.148000e-03 3.792720e-01
367 6.171520e-01 3.088000e-03 3.797600e-01
368 6.166240e-01 3.084000e-03 3.802920e-01
369 6.161120e-01 3.056000e-03 3.808320e-01
370 6.156200e-01 3.028000e-03 3.813520e-01
371 6.150080e-01 3.076000e-03 3.819160e-01
372 6.143400e-01 3.240000e-03 3.824200e-01
373 6.137400e-01 3.264000e-03 3.829960e-01
374 6.132320e-01 3.232000e-03 3.835360e-01
375 6.126600e-01 3.192000e-03 3.841480e-01
376 6.120280e-01 3.252000e-03 3.847200e-01
377 6.114360e-01 3.260000e-03 3.853040e-01
378 6.108560e-01 3.284000e-03 3.858600e-01
379 6.103920e-01 3.216000e-03 3.863920e-01
380 6.099120e-01 3.196000e-03 3.868920e-01
381 6.093200e-01 3.272000e-03 3.874080e-01
382 6.087560e-01 3.236000e-03 3.880080e-01
383 6.082680e-01 3.096000e-03 3.886360e-01
384 6.076680e-01 3.180000e-03 3.891520e-01
385 6.071360e-01 3.116000e-03 3.897480e-01
386 6.066080e-01 3.160000e-03 3.902320e-01
387 6.060840e-01 3.148000e-03 3.907680e-01
388 6.055760e-01 3.148000e-03 3.912760e-01
389 6.050080e-01 3.160000e-03 3.918320e-01
390 6.043960e-01 3.256000e-03 3.923480e-01
391 6.038600e-01 3.240000e-03 3.929000e-01
392 6.033960e-01 3.052000e-03 3.935520e-01
393 6.029240e-01 2.928000e-03 3.941480e-01
394 6.024400e-01 2.852000e-03 3.947080e-01
395 6.018760e-01 2.964000e-03 3.951600e-01
396 6.013840e-01 2.892000e-03 3.957240e-01
397 6.009200e-01 2.852000e-03 3.962280e-01
398 6.005600e-01 2.796000e-03 3.966440e-01
399 6.000640e-01 2.836000e-03 3.971000e-01
400 5.995840e-01 2.872000e-03 3.975440e-01
401 5.990560e-01 2.884000e-03 3.980600e-01
402 5.985040e-01 2.976000e-03 3.985200e-01
403 5.979280e-01 3.044000e-03 3.990280e-01
404 5.973920e-01 3.036000e-03 3.995720e-01
405 5.968680e-01 3.132000e-03 4.000000e-01
406 5.963920e-01 3.104000e-03 4.005040e-01
407 5.958600e-01 3.208000e-03 4.009320e-01
408 5.952640e-01 3.320000e-03 4.014160e-01
409 5.947240e-01 3.260000e-03 4.020160e-01
410 5.942600e-01 3.132000e-03 4.026080e-01
411 5.937560e-01 3.092000e-03 4.031520e-01
412 5.932760e-01 3.080000e-03 4.036440e-01
413 5.928160e-01 3.012000e-03 4.041720e-01
414 5.922640e-01 3.052000e-03 4.046840e-01
415 5.917120e-01 3.144000e-03 4.051440e-01
416 5.911680e-01 3.136000e-03 4.056960e-01
417 5.906400e-01 3.096000e-03 4.062640e-01
418 5.901680e-01 2.960000e-03 4.068720e-01
419 5.896520e-01 2.944000e-03 4.074040e-01
420 5.891680e-01 2.896000e-03 4.079360e-01
421 5.887240e-01 2.828000e-03 4.084480e-01
422 5.883120e-01 2.700000e-03 4.089880e-01
423 5.878800e-01 2.652000e-03 4.094680e-01
424 5.875080e-01 2.568000e-03 4.099240e-01
425 5.870800e-01 2.560000e-03 4.103600e-01
426 5.867520e-01 2.408000e-03 4.108400e-01
427 5.863240e-01 2.404000e-03 4.112720e-01
428 5.859680e-01 2.380000e-03 4.116520e-01
429 5.855840e-01 2.380000e-03 4.120360e-01
430 5.852320e-01 2.316000e-03 4.124520e-01
431 5.848880e-01 2.344000e-03 4.127680e-01
432 5.845440e-01 2.300000e-03 4.131560e-01
433 5.841840e-01 2.228000e-03 4.135880e-01
434 5.837440e-01 2.252000e-03 4.140040e-01
435 5.834720e-01 2.132000e-03 4.143960e-01
436 5.831280e-01 2.064000e-03 4.148080e-01
437 5.828760e-01 1.980000e-03 4.151440e-01
438 5.825720e-01 1.948000e-03 4.154800e-01
439 5.823080e-01 1.880000e-03 4.158120e-01
440 5.820480e-01 1.824000e-03 4.161280e-01
441 5.817520e-01 1.816000e-03 4.164320e-01
442 5.815000e-01 1.756000e-03 4.167440e-01
443 5.811040e-01 1.864000e-03 4.170320e-01
444 5.807320e-01 1.948000e-03 4.173200e-01
445 5.803600e-01 2.008000e-03 4.176320e-01
446 5.799760e-01 2.072000e-03 4.179520e-01
447 5.795440e-01 2.108000e-03 4.183480e-01
448 5.792080e-01 2.072000e-03 4.187200e-01
449 5.788840e-01 2.020000e-03 4.190960e-01
450 5.786600e-01 1.852000e-03 4.194880e-01
451 5.783360e-01 1.884000e-03 4.197800e-01
452 5.780360e-01 1.872000e-03 4.200920e-01
453 5.778040e-01 1.796000e-03 4.204000e-01
454 5.774800e-01 1.836000e-03 4.206840e-01
455 5.771840e-01 1.836000e-03 4.209800e-01
456 5.767920e-01 1.920000e-03 4.212880e-01
457 5.764200e-01 2.004000e-03 4.215760e-01
458 5.760680e-01 2.036000e-03 4.218960e-01
459 5.757720e-01 1.956000e-03 4.222720e-01
460 5.755200e-01 1.876000e-03 4.226040e-01
461 5.751320e-01 1.920000e-03 4.229480e-01
462 5.748040e-01 1.864000e-03 4.233320e-01
463 5.745920e-01 1.780000e-03 4.236280e-01
464 5.743480e-01 1.716000e-03 4.239360e-01
465 5.741280e-01 1.624000e-03 4.242480e-01
466 5.739160e-01 1.540000e-03 4.245440e-01
467 5.736720e-01 1.468000e-03 4.248600e-01
468 5.734520e-01 1.408000e-03 4.251400e-01
469 5.732320e-01 1.388000e-03 4.253800e-01
470 5.729800e-01 1.436000e-03 4.255840e-01
471 5.727480e-01 1.436000e-03 4.258160e-01
472 5.724760e-01 1.444000e-03 4.260800e-01
473 5.722800e-01 1.444000e-03 4.262760e-01
474 5.720160e-01 1.472000e-03 4.265120e-01
475 5.717960e-01 1.364000e-03 4.268400e-01
476 5.714720e-01 1.520000e-03 4.270080e-01
477 5.712000e-01 1.556000e-03 4.272440e-01
478 5.709800e-01 1.432000e-03 4.275880e-01
479 5.708080e-01 1.336000e-03 4.278560e-01
480 5.705880e-01 1.284000e-03 4.281280e-01
481 5.704320e-01 1.196000e-03 4.283720e-01
482 5.702480e-01 1.188000e-03 4.285640e-01
483 5.700560e-01 1.192000e-03 4.287520e-01
484 5.698320e-01 1.184000e-03 4.289840e-01
485 5.696120e-01 1.196000e-03 4.291920e-01
486 5.693840e-01 1.172000e-03 4.294440e-01
487 5.691800e-01 1.188000e-03 4.296320e-01
488 5.689800e-01 1.160000e-03 4.298600e-01
489 5.687400e-01 1.196000e-03 4.300640e-01
490 5.685400e-01 1.188000e-03 4.302720e-01
491 5.683520e-01 1.188000e-03 4.304600e-01
492 5.682000e-01 1.152000e-03 4.306480e-01
493 5.680080e-01 1.124000e-03 4.308680e-01
494 5.678600e-01 1.104000e-03 4.310360e-01
495 5.676840e-01 1.096000e-03 4.312200e-01
496 5.674760e-01 1.132000e-03 4.313920e-01
497 5.673040e-01 1.088000e-03 4.316080e-01
498 5.671880e-01 1.028000e-03 4.317840e-01
499 5.670520e-01 9.760000e-04 4.319720e-01
500 5.668680e-01 9.840000e-04 4.321480e-01
