1 9.991080e-01 7.960000e-04 9.600000e-05
2 9.985480e-01 1.168000e-03 2.840000e-04
3 9.980240e-01 1.456000e-03 5.200000e-04
4 9.972840e-01 1.924000e-03 7.920000e-04
5 9.965160e-01 2.340000e-03 1.144000e-03
6 9.956640e-01 2.728000e-03 1.608000e-03
7 9.948440e-01 3.000000e-03 2.156000e-03
8 9.939560e-01 3.312000e-03 2.732000e-03
9 9.930320e-01 3.628000e-03 3.340000e-03
10 9.921280e-01 3.884000e-03 3.988000e-03
11 9.911840e-01 4.140000e-03 4.676000e-03
12 9.901360e-01 4.504000e-03 5.360000e-03
13 9.890080e-01 4.784000e-03 6.208000e-03
14 9.878080e-01 5.112000e-03 7.080000e-03
15 9.866800e-01 5.340000e-03 7.980000e-03
16 9.854520e-01 5.460000e-03 9.088000e-03
17 9.842880e-01 5.648000e-03 1.006400e-02
18 9.831120e-01 5.764000e-03 1.112400e-02
19 9.818840e-01 6.000000e-03 1.211600e-02
20 9.805840e-01 6.212000e-03 1.320400e-02
21 9.793640e-01 6.356000e-03 1.428000e-02
22 9.782160e-01 6.368000e-03 1.541600e-02
23 9.770240e-01 6.372000e-03 1.660400e-02
24 9.758120e-01 6.544000e-03 1.764400e-02
25 9.744960e-01 6.660000e-03 1.884400e-02
26 9.733000e-01 6.584000e-03 2.011600e-02
27 9.721160e-01 6.632000e-03 2.125200e-02
28 9.709160e-01 6.588000e-03 2.249600e-02
29 9.695880e-01 6.724000e-03 2.368800e-02
30 9.683440e-01 6.768000e-03 2.488800e-02
31 9.669000e-01 7.064000e-03 2.603600e-02
32 9.655960e-01 7.156000e-03 2.724800e-02
33 9.642720e-01 7.308000e-03 2.842000e-02
34 9.629280e-01 7.416000e-03 2.965600e-02
35 9.615920e-01 7.452000e-03 3.095600e-02
36 9.603960e-01 7.320000e-03 3.228400e-02
37 9.590520e-01 7.440000e-03 3.350800e-02
38 9.577520e-01 7.408000e-03 3.484000e-02
39 9.562760e-01 7.640000e-03 3.608400e-02
40 9.548280e-01 7.804000e-03 3.736800e-02
41 9.533400e-01 7.912000e-03 3.874800e-02
42 9.519120e-01 8.052000e-03 4.003600e-02
43 9.504680e-01 8.120000e-03 4.141200e-02
44 9.490960e-01 8.104000e-03 4.280000e-02
45 9.477440e-01 8.076000e-03 4.418000e-02
46 9.461560e-01 8.220000e-03 4.562400e-02
47 9.447200e-01 8.172000e-03 4.710800e-02
48 9.433920e-01 8.068000e-03 4.854000e-02
49 9.421040e-01 7.948000e-03 4.994800e-02
50 9.408680e-01 7.612000e-03 5.152000e-02
51 9.395720e-01 7.604000e-03 5.282400e-02
52 9.381480e-01 7.676000e-03 5.417600e-02
53 9.368560e-01 7.544000e-03 5.560000e-02
54 9.354920e-01 7.604000e-03 5.690400e-02
55 9.341680e-01 7.532000e-03 5.830000e-02
56 9.327720e-01 7.668000e-03 5.956000e-02
57 9.314600e-01 7.512000e-03 6.102800e-02
58 9.303320e-01 7.276000e-03 6.239200e-02
59 9.290600e-01 7.292000e-03 6.364800e-02
60 9.277560e-01 7.396000e-03 6.484800e-02
61 9.264440e-01 7.360000e-03 6.619600e-02
62 9.250680e-01 7.492000e-03 6.744000e-02
63 9.236600e-01 7.608000e-03 6.873200e-02
64 9.224000e-01 7.460000e-03 7.014000e-02
65 9.209680e-01 7.548000e-03 7.148400e-02
66 9.197160e-01 7.504000e-03 7.278000e-02
67 9.184040e-01 7.444000e-03 7.415200e-02
68 9.171040e-01 7.320000e-03 7.557600e-02
69 9.158520e-01 7.444000e-03 7.670400e-02
70 9.145440e-01 7.544000e-03 7.791200e-02
71 9.131600e-01 7.608000e-03 7.923200e-02
72 9.119720e-01 7.460000e-03 8.056800e-02
73 9.107360e-01 7.212000e-03 8.205200e-02
74 9.094760e-01 7.280000e-03 8.324400e-02
75 9.082960e-01 7.144000e-03 8.456000e-02
76 9.070880e-01 7.160000e-03 8.575200e-02
77 9.059320e-01 7.008000e-03 8.706000e-02
78 9.048520e-01 6.884000e-03 8.826400e-02
79 9.035440e-01 6.992000e-03 8.946400e-02
80 9.023320e-01 7.000000e-03 9.066800e-02
81 9.011680e-01 6.732000e-03 9.210000e-02
82 9.001080e-01 6.636000e-03 9.325600e-02
83 8.990600e-01 6.524000e-03 9.441600e-02
84 8.979640e-01 6.420000e-03 9.561600e-02
85 8.968640e-01 6.404000e-03 9.673200e-02
86 8.957640e-01 6.508000e-03 9.772800e-02
87 8.948720e-01 6.044000e-03 9.908400e-02
88 8.938640e-01 5.936000e-03 1.002000e-01
89 8.928960e-01 5.840000e-03 1.012640e-01
90 8.919280e-01 5.872000e-03 1.022000e-01
91 8.908040e-01 6.104000e-03 1.030920e-01
92 8.898440e-01 5.936000e-03 1.042200e-01
93 8.887440e-01 6.060000e-03 1.051960e-01
94 8.876760e-01 6.012000e-03 1.063120e-01
95 8.865680e-01 6.064000e-03 1.073680e-01
96 8.855000e-01 6.180000e-03 1.083200e-01
97 8.842160e-01 6.396000e-03 1.093880e-01
98 8.830400e-01 6.512000e-03 1.104480e-01
99 8.816920e-01 6.536000e-03 1.117720e-01
100 8.805120e-01 6.580000e-03 1.129080e-01
101 8.792240e-01 6.696000e-03 1.140800e-01
102 8.778560e-01 6.828000e-03 1.153160e-01
103 8.765040e-01 7.012000e-03 1.164840e-01
104 8.751200e-01 7.220000e-03 1.176600e-01
105 8.739120e-01 7.120000e-03 1.189680e-01
106 8.726960e-01 7.112000e-03 1.201920e-01
107 8.714600e-01 7.204000e-03 1.213360e-01
108 8.702760e-01 7.160000e-03 1.225640e-01
109 8.692440e-01 6.856000e-03 1.239000e-01
110 8.680360e-01 6.740000e-03 1.252240e-01
111 8.669280e-01 6.656000e-03 1.264160e-01
112 8.658400e-01 6.648000e-03 1.275120e-01
113 8.648240e-01 6.472000e-03 1.287040e-01
114 8.638040e-01 6.296000e-03 1.299000e-01
115 8.627000e-01 6.292000e-03 1.310080e-01
116 8.615920e-01 6.304000e-03 1.321040e-01
117 8.605600e-01 6.144000e-03 1.332960e-01
118 8.595040e-01 6.100000e-03 1.343960e-01
119 8.585120e-01 6.000000e-03 1.354880e-01
120 8.574520e-01 5.988000e-03 1.365600e-01
121 8.564720e-01 5.896000e-03 1.376320e-01
122 8.555600e-01 5.764000e-03 1.386760e-01
123 8.546000e-01 5.580000e-03 1.398200e-01
124 8.537200e-01 5.556000e-03 1.407240e-01
125 8.529400e-01 5.348000e-03 1.417120e-01
126 8.521480e-01 5.188000e-03 1.426640e-01
127 8.514320e-01 4.960000e-03 1.436080e-01
128 8.505600e-01 4.956000e-03 1.444840e-01
129 8.499160e-01 4.824000e-03 1.452600e-01
130 8.491080e-01 4.808000e-03 1.460840e-01
131 8.481200e-01 5.084000e-03 1.467960e-01
132 8.472560e-01 5.068000e-03 1.476760e-01
133 8.463680e-01 5.004000e-03 1.486280e-01
134 8.454840e-01 4.956000e-03 1.495600e-01
135 8.447000e-01 4.824000e-03 1.504760e-01
136 8.439120e-01 4.756000e-03 1.513320e-01
137 8.431200e-01 4.688000e-03 1.521920e-01
138 8.423400e-01 4.672000e-03 1.529880e-01
139 8.416320e-01 4.620000e-03 1.537480e-01
140 8.408000e-01 4.700000e-03 1.545000e-01
141 8.399840e-01 4.712000e-03 1.553040e-01
142 8.389840e-01 4.920000e-03 1.560960e-01
143 8.382560e-01 4.784000e-03 1.569600e-01
144 8.373920e-01 4.772000e-03 1.578360e-01
145 8.366000e-01 4.708000e-03 1.586920e-01
146 8.357400e-01 4.768000e-03 1.594920e-01
147 8.349600e-01 4.688000e-03 1.603520e-01
148 8.341920e-01 4.512000e-03 1.612960e-01
149 8.334000e-01 4.472000e-03 1.621280e-01
150 8.325960e-01 4.504000e-03 1.629000e-01
151 8.318440e-01 4.512000e-03 1.636440e-01
152 8.309280e-01 4.588000e-03 1.644840e-01
153 8.300360e-01 4.592000e-03 1.653720e-01
154 8.291720e-01 4.652000e-03 1.661760e-01
155 8.284760e-01 4.484000e-03 1.670400e-01
156 8.276600e-01 4.536000e-03 1.678040e-01
157 8.267120e-01 4.712000e-03 1.685760e-01
158 8.259560e-01 4.664000e-03 1.693800e-01
159 8.250720e-01 4.684000e-03 1.702440e-01
160 8.243320e-01 4.696000e-03 1.709720e-01
161 8.234880e-01 4.724000e-03 1.717880e-01
162 8.226080e-01 4.820000e-03 1.725720e-01
163 8.217200e-01 4.872000e-03 1.734080e-01
164 8.209240e-01 4.804000e-03 1.742720e-01
165 8.201320e-01 4.704000e-03 1.751640e-01
166 8.192680e-01 4.776000e-03 1.759560e-01
167 8.185680e-01 4.636000e-03 1.767960e-01
168 8.177600e-01 4.536000e-03 1.777040e-01
169 8.169800e-01 4.488000e-03 1.785320e-01
170 8.161000e-01 4.492000e-03 1.794080e-01
171 8.152240e-01 4.608000e-03 1.801680e-01
172 8.144360e-01 4.568000e-03 1.809960e-01
173 8.135920e-01 4.584000e-03 1.818240e-01
174 8.128000e-01 4.568000e-03 1.826320e-01
175 8.118840e-01 4.724000e-03 1.833920e-01
176 8.110920e-01 4.712000e-03 1.841960e-01
177 8.102760e-01 4.704000e-03 1.850200e-01
178 8.095520e-01 4.684000e-03 1.857640e-01
179 8.087560e-01 4.720000e-03 1.865240e-01
180 8.079800e-01 4.688000e-03 1.873320e-01
181 8.073680e-01 4.480000e-03 1.881520e-01
182 8.066480e-01 4.564000e-03 1.887880e-01
183 8.060280e-01 4.380000e-03 1.895920e-01
184 8.053800e-01 4.252000e-03 1.903680e-01
185 8.047280e-01 4.204000e-03 1.910680e-01
186 8.039840e-01 4.200000e-03 1.918160e-01
187 8.031400e-01 4.316000e-03 1.925440e-01
188 8.024840e-01 4.244000e-03 1.932720e-01
189 8.017560e-01 4.248000e-03 1.939960e-01
190 8.011600e-01 4.084000e-03 1.947560e-01
191 8.004240e-01 4.124000e-03 1.954520e-01
192 7.996600e-01 4.184000e-03 1.961560e-01
193 7.989600e-01 4.076000e-03 1.969640e-01
194 7.982640e-01 4.108000e-03 1.976280e-01
195 7.976160e-01 4.120000e-03 1.982640e-01
196 7.968920e-01 4.140000e-03 1.989680e-01
197 7.961600e-01 4.180000e-03 1.996600e-01
198 7.954400e-01 4.152000e-03 2.004080e-01
199 7.946960e-01 4.164000e-03 2.011400e-01
200 7.940160e-01 4.136000e-03 2.018480e-01
201 7.933480e-01 4.048000e-03 2.026040e-01
202 7.926360e-01 4.032000e-03 2.033320e-01
203 7.919560e-01 3.972000e-03 2.040720e-01
204 7.913160e-01 3.924000e-03 2.047600e-01
205 7.906400e-01 3.932000e-03 2.054280e-01
206 7.900680e-01 3.824000e-03 2.061080e-01
207 7.893600e-01 3.764000e-03 2.068760e-01
208 7.886840e-01 3.736000e-03 2.075800e-01
209 7.879960e-01 3.740000e-03 2.082640e-01
210 7.872640e-01 3.844000e-03 2.088920e-01
211 7.866600e-01 3.824000e-03 2.095160e-01
212 7.860360e-01 3.808000e-03 2.101560e-01
213 7.854000e-01 3.772000e-03 2.108280e-01
214 7.847840e-01 3.788000e-03 2.114280e-01
215 7.841640e-01 3.724000e-03 2.121120e-01
216 7.835440e-01 3.684000e-03 2.127720e-01
217 7.828440e-01 3.736000e-03 2.134200e-01
218 7.822880e-01 3.720000e-03 2.139920e-01
219 7.815760e-01 3.736000e-03 2.146880e-01
220 7.810360e-01 3.640000e-03 2.153240e-01
221 7.803360e-01 3.648000e-03 2.160160e-01
222 7.797920e-01 3.540000e-03 2.166680e-01
223 7.792560e-01 3.464000e-03 2.172800e-01
224 7.786720e-01 3.392000e-03 2.179360e-01
225 7.782200e-01 3.308000e-03 2.184720e-01
226 7.776000e-01 3.360000e-03 2.190400e-01
227 7.769640e-01 3.368000e-03 2.196680e-01
228 7.763640e-01 3.408000e-03 2.202280e-01
229 7.757440e-01 3.436000e-03 2.208200e-01
230 7.751280e-01 3.376000e-03 2.214960e-01
231 7.745800e-01 3.384000e-03 2.220360e-01
232 7.740400e-01 3.360000e-03 2.226000e-01
233 7.735000e-01 3.264000e-03 2.232360e-01
234 7.730720e-01 3.096000e-03 2.238320e-01
235 7.725440e-01 3.044000e-03 2.244120e-01
236 7.720520e-01 3.024000e-03 2.249240e-01
237 7.715440e-01 3.044000e-03 2.254120e-01
238 7.710320e-01 3.016000e-03 2.259520e-01
239 7.705560e-01 2.860000e-03 2.265840e-01
240 7.701200e-01 2.852000e-03 2.270280e-01
241 7.695880e-01 2.884000e-03 2.275280e-01
242 7.690760e-01 2.888000e-03 2.280360e-01
243 7.685720e-01 2.884000e-03 2.285440e-01
244 7.681640e-01 2.808000e-03 2.290280e-01
245 7.677320e-01 2.800000e-03 2.294680e-01
246 7.673200e-01 2.676000e-03 2.300040e-01
247 7.667920e-01 2.744000e-03 2.304640e-01
248 7.664320e-01 2.632000e-03 2.309360e-01
249 7.659800e-01 2.580000e-03 2.314400e-01
250 7.655240e-01 2.568000e-03 2.319080e-01
251 7.650640e-01 2.584000e-03 2.323520e-01
252 7.646800e-01 2.484000e-03 2.328360e-01
253 7.643040e-01 2.396000e-03 2.333000e-01
254 7.639120e-01 2.404000e-03 2.336840e-01
255 7.635480e-01 2.360000e-03 2.340920e-01
256 7.632160e-01 2.232000e-03 2.345520e-01
257 7.628240e-01 2.232000e-03 2.349440e-01
258 7.624640e-01 2.264000e-03 2.352720e-01
259 7.620960e-01 2.212000e-03 2.356920e-01
260 7.617720e-01 2.144000e-03 2.360840e-01
261 7.614640e-01 2.076000e-03 2.364600e-01
262 7.611240e-01 2.076000e-03 2.368000e-01
263 7.607600e-01 2.044000e-03 2.371960e-01
264 7.603680e-01 2.072000e-03 2.375600e-01
265 7.600400e-01 2.004000e-03 2.379560e-01
266 7.596360e-01 2.072000e-03 2.382920e-01
267 7.592160e-01 2.200000e-03 2.385840e-01
268 7.587440e-01 2.296000e-03 2.389600e-01
269 7.583000e-01 2.304000e-03 2.393960e-01
270 7.578640e-01 2.356000e-03 2.397800e-01
271 7.574720e-01 2.364000e-03 2.401640e-01
272 7.570680e-01 2.328000e-03 2.406040e-01
273 7.566200e-01 2.484000e-03 2.408960e-01
274 7.561880e-01 2.492000e-03 2.413200e-01
275 7.556840e-01 2.532000e-03 2.417840e-01
276 7.552480e-01 2.528000e-03 2.422240e-01
277 7.547880e-01 2.432000e-03 2.427800e-01
278 7.544000e-01 2.404000e-03 2.431960e-01
279 7.540200e-01 2.356000e-03 2.436240e-01
280 7.536280e-01 2.308000e-03 2.440640e-01
281 7.532200e-01 2.304000e-03 2.444760e-01
282 7.528120e-01 2.300000e-03 2.448880e-01
283 7.523240e-01 2.412000e-03 2.452640e-01
284 7.518880e-01 2.424000e-03 2.456880e-01
285 7.514200e-01 2.516000e-03 2.460640e-01
286 7.509840e-01 2.576000e-03 2.464400e-01
287 7.505000e-01 2.652000e-03 2.468480e-01
288 7.500160e-01 2.632000e-03 2.473520e-01
289 7.493960e-01 2.840000e-03 2.477640e-01
290 7.489000e-01 2.916000e-03 2.481840e-01
291 7.482920e-01 3.016000e-03 2.486920e-01
292 7.478240e-01 2.968000e-03 2.492080e-01
293 7.472440e-01 3.024000e-03 2.497320e-01
294 7.468160e-01 2.908000e-03 2.502760e-01
295 7.464040e-01 2.896000e-03 2.507000e-01
296 7.459840e-01 2.712000e-03 2.513040e-01
297 7.455480e-01 2.708000e-03 2.517440e-01
298 7.451000e-01 2.708000e-03 2.521920e-01
299 7.447040e-01 2.724000e-03 2.525720e-01
300 7.442440e-01 2.708000e-03 2.530480e-01
301 7.437920e-01 2.740000e-03 2.534680e-01
302 7.433200e-01 2.764000e-03 2.539160e-01
303 7.428120e-01 2.784000e-03 2.544040e-01
304 7.424360e-01 2.688000e-03 2.548760e-01
305 7.419760e-01 2.696000e-03 2.553280e-01
306 7.415080e-01 2.648000e-03 2.558440e-01
307 7.411360e-01 2.596000e-03 2.562680e-01
308 7.406480e-01 2.676000e-03 2.566760e-01
309 7.401120e-01 2.736000e-03 2.571520e-01
310 7.397080e-01 2.724000e-03 2.575680e-01
311 7.393240e-01 2.668000e-03 2.580080e-01
312 7.388960e-01 2.588000e-03 2.585160e-01
313 7.385240e-01 2.548000e-03 2.589280e-01
314 7.381120e-01 2.512000e-03 2.593760e-01
315 7.376840e-01 2.500000e-03 2.598160e-01
316 7.372920e-01 2.488000e-03 2.602200e-01
317 7.368480e-01 2.552000e-03 2.606000e-01
318 7.364120e-01 2.548000e-03 2.610400e-01
319 7.359560e-01 2.556000e-03 2.614880e-01
320 7.354880e-01 2.620000e-03 2.618920e-01
321 7.350400e-01 2.636000e-03 2.623240e-01
322 7.345800e-01 2.636000e-03 2.627840e-01
323 7.341440e-01 2.532000e-03 2.633240e-01
324 7.337560e-01 2.428000e-03 2.638160e-01
325 7.333640e-01 2.432000e-03 2.642040e-01
326 7.329880e-01 2.360000e-03 2.646520e-01
327 7.325320e-01 2.432000e-03 2.650360e-01
328 7.320960e-01 2.376000e-03 2.655280e-01
329 7.316480e-01 2.436000e-03 2.659160e-01
330 7.312080e-01 2.432000e-03 2.663600e-01
331 7.307040e-01 2.572000e-03 2.667240e-01
332 7.302920e-01 2.528000e-03 2.671800e-01
333 7.298480e-01 2.520000e-03 2.676320e-01
334 7.295000e-01 2.492000e-03 2.680080e-01
335 7.290680e-01 2.492000e-03 2.684400e-01
336 7.285640e-01 2.516000e-03 2.689200e-01
337 7.280760e-01 2.516000e-03 2.694080e-01
338 7.276240e-01 2.528000e-03 2.698480e-01
339 7.271840e-01 2.492000e-03 2.703240e-01
340 7.267520e-01 2.532000e-03 2.707160e-01
341 7.264040e-01 2.496000e-03 2.711000e-01
342 7.259160e-01 2.468000e-03 2.716160e-01
343 7.254400e-01 2.520000e-03 2.720400e-01
344 7.249840e-01 2.476000e-03 2.725400e-01
345 7.245800e-01 2.460000e-03 2.729600e-01
346 7.241840e-01 2.492000e-03 2.733240e-01
347 7.237240e-01 2.528000e-03 2.737480e-01
348 7.232640e-01 2.552000e-03 2.741840e-01
349 7.227920e-01 2.648000e-03 2.745600e-01
350 7.222600e-01 2.684000e-03 2.750560e-01
351 7.217320e-01 2.716000e-03 2.755520e-01
352 7.212800e-01 2.676000e-03 2.760440e-01
353 7.208160e-01 2.648000e-03 2.765360e-01
354 7.204080e-01 2.664000e-03 2.769280e-01
355 7.199600e-01 2.628000e-03 2.774120e-01
356 7.195120e-01 2.584000e-03 2.779040e-01
357 7.190800e-01 2.572000e-03 2.783480e-01
358 7.186840e-01 2.584000e-03 2.787320e-01
359 7.182640e-01 2.552000e-03 2.791840e-01
360 7.178880e-01 2.468000e-03 2.796440e-01
361 7.174800e-01 2.500000e-03 2.800200e-01
362 7.170640e-01 2.444000e-03 2.804920e-01
363 7.166280e-01 2.516000e-03 2.808560e-01
364 7.162320e-01 2.432000e-03 2.813360e-01
365 7.157840e-01 2.456000e-03 2.817600e-01
366 7.153720e-01 2.440000e-03 2.821880e-01
367 7.149720e-01 2.424000e-03 2.826040e-01
368 7.145320e-01 2.416000e-03 2.830520e-01
369 7.140680e-01 2.528000e-03 2.834040e-01
370 7.136800e-01 2.532000e-03 2.837880e-01
371 7.133480e-01 2.492000e-03 2.841600e-01
372 7.129480e-01 2.404000e-03 2.846480e-01
373 7.126680e-01 2.280000e-03 2.850520e-01
374 7.123080e-01 2.204000e-03 2.854880e-01
375 7.119560e-01 2.176000e-03 2.858680e-01
376 7.116600e-01 2.088000e-03 2.862520e-01
377 7.112880e-01 2.076000e-03 2.866360e-01
378 7.109440e-01 2.084000e-03 2.869720e-01
379 7.106400e-01 2.060000e-03 2.873000e-01
380 7.102600e-01 2.072000e-03 2.876680e-01
381 7.098880e-01 2.136000e-03 2.879760e-01
382 7.094640e-01 2.176000e-03 2.883600e-01
383 7.090120e-01 2.256000e-03 2.887320e-01
384 7.085200e-01 2.408000e-03 2.890720e-01
385 7.081360e-01 2.344000e-03 2.895200e-01
386 7.077600e-01 2.348000e-03 2.898920e-01
387 7.073840e-01 2.340000e-03 2.902760e-01
388 7.069840e-01 2.252000e-03 2.907640e-01
389 7.065640e-01 2.332000e-03 2.911040e-01
390 7.060520e-01 2.424000e-03 2.915240e-01
391 7.056520e-01 2.348000e-03 2.920000e-01
392 7.052440e-01 2.316000e-03 2.924400e-01
393 7.049160e-01 2.240000e-03 2.928440e-01
394 7.044960e-01 2.296000e-03 2.932080e-01
395 7.040920e-01 2.364000e-03 2.935440e-01
396 7.036960e-01 2.336000e-03 2.939680e-01
397 7.033480e-01 2.276000e-03 2.943760e-01
398 7.030440e-01 2.188000e-03 2.947680e-01
399 7.027360e-01 2.144000e-03 2.951200e-01
400 7.023680e-01 2.136000e-03 2.954960e-01
401 7.020680e-01 2.108000e-03 2.958240e-01
402 7.017520e-01 2.072000e-03 2.961760e-01
403 7.014040e-01 2.048000e-03 2.965480e-01
404 7.011120e-01 1.964000e-03 2.969240e-01
405 7.008120e-01 1.936000e-03 2.972520e-01
406 7.005440e-01 1.912000e-03 2.975440e-01
407 7.002240e-01 1.932000e-03 2.978440e-01
408 6.999040e-01 1.864000e-03 2.982320e-01
409 6.996840e-01 1.816000e-03 2.985000e-01
410 6.994200e-01 1.748000e-03 2.988320e-01
411 6.991600e-01 1.676000e-03 2.991640e-01
412 6.988560e-01 1.668000e-03 2.994760e-01
413 6.985920e-01 1.660000e-03 2.997480e-01
414 6.983560e-01 1.620000e-03 3.000240e-01
415 6.981080e-01 1.564000e-03 3.003280e-01
416 6.978280e-01 1.572000e-03 3.006000e-01
417 6.976200e-01 1.512000e-03 3.008680e-01
418 6.973600e-01 1.444000e-03 3.011960e-01
419 6.971520e-01 1.388000e-03 3.014600e-01
420 6.969400e-01 1.348000e-03 3.017120e-01
421 6.967520e-01 1.276000e-03 3.019720e-01
422 6.966120e-01 1.204000e-03 3.021840e-01
423 6.964000e-01 1.156000e-03 3.024440e-01
424 6.961760e-01 1.200000e-03 3.026240e-01
425 6.959000e-01 1.280000e-03 3.028200e-01
426 6.956880e-01 1.248000e-03 3.030640e-01
427 6.954920e-01 1.212000e-03 3.032960e-01
428 6.952800e-01 1.264000e-03 3.034560e-01
429 6.950120e-01 1.344000e-03 3.036440e-01
430 6.947520e-01 1.400000e-03 3.038480e-01
431 6.945000e-01 1.416000e-03 3.040840e-01
432 6.942800e-01 1.344000e-03 3.043760e-01
433 6.940080e-01 1.340000e-03 3.046520e-01
434 6.937000e-01 1.412000e-03 3.048880e-01
435 6.934880e-01 1.396000e-03 3.051160e-01
436 6.933040e-01 1.312000e-03 3.053840e-01
437 6.931360e-01 1.272000e-03 3.055920e-01
438 6.929560e-01 1.228000e-03 3.058160e-01
439 6.927520e-01 1.240000e-03 3.060080e-01
440 6.925080e-01 1.276000e-03 3.062160e-01
441 6.922760e-01 1.332000e-03 3.063920e-01
442 6.919880e-01 1.416000e-03 3.065960e-01
443 6.917200e-01 1.428000e-03 3.068520e-01
444 6.914240e-01 1.492000e-03 3.070840e-01
445 6.911080e-01 1.524000e-03 3.073680e-01
446 6.908080e-01 1.556000e-03 3.076360e-01
447 6.905400e-01 1.488000e-03 3.079720e-01
448 6.902360e-01 1.516000e-03 3.082480e-01
449 6.899560e-01 1.560000e-03 3.084840e-01
450 6.896440e-01 1.572000e-03 3.087840e-01
451 6.892840e-01 1.652000e-03 3.090640e-01
452 6.890280e-01 1.652000e-03 3.093200e-01
453 6.887680e-01 1.556000e-03 3.096760e-01
454 6.884800e-01 1.624000e-03 3.098960e-01
455 6.881680e-01 1.624000e-03 3.102080e-01
456 6.878800e-01 1.600000e-03 3.105200e-01
457 6.875960e-01 1.596000e-03 3.108080e-01
458 6.872760e-01 1.680000e-03 3.110440e-01
459 6.869440e-01 1.708000e-03 3.113480e-01
460 6.866000e-01 1.720000e-03 3.116800e-01
461 6.862560e-01 1.756000e-03 3.119880e-01
462 6.858600e-01 1.864000e-03 3.122760e-01
463 6.855440e-01 1.824000e-03 3.126320e-01
464 6.853240e-01 1.724000e-03 3.129520e-01
465 6.850360e-01 1.668000e-03 3.132960e-01
466 6.847560e-01 1.640000e-03 3.136040e-01
467 6.844320e-01 1.620000e-03 3.139480e-01
468 6.841280e-01 1.612000e-03 3.142600e-01
469 6.838400e-01 1.592000e-03 3.145680e-01
470 6.835560e-01 1.600000e-03 3.148440e-01
471 6.833040e-01 1.588000e-03 3.151080e-01
472 6.830480e-01 1.564000e-03 3.153880e-01
473 6.828160e-01 1.508000e-03 3.156760e-01
474 6.825840e-01 1.520000e-03 3.158960e-01
475 6.823360e-01 1.456000e-03 3.162080e-01
476 6.820440e-01 1.488000e-03 3.164680e-01
477 6.817840e-01 1.460000e-03 3.167560e-01
478 6.814600e-01 1.480000e-03 3.170600e-01
479 6.811680e-01 1.540000e-03 3.172920e-01
480 6.808880e-01 1.516000e-03 3.175960e-01
481 6.806400e-01 1.488000e-03 3.178720e-01
482 6.803240e-01 1.520000e-03 3.181560e-01
483 6.800480e-01 1.548000e-03 3.184040e-01
484 6.797480e-01 1.556000e-03 3.186960e-01
485 6.794760e-01 1.580000e-03 3.189440e-01
486 6.792360e-01 1.536000e-03 3.192280e-01
487 6.789560e-01 1.552000e-03 3.194920e-01
488 6.786760e-01 1.520000e-03 3.198040e-01
489 6.783880e-01 1.532000e-03 3.200800e-01
490 6.781640e-01 1.424000e-03 3.204120e-01
491 6.779440e-01 1.400000e-03 3.206560e-01
492 6.776920e-01 1.412000e-03 3.208960e-01
493 6.774760e-01 1.324000e-03 3.212000e-01
494 6.772320e-01 1.344000e-03 3.214240e-01
495 6.770120e-01 1.336000e-03 3.216520e-01
496 6.768040e-01 1.332000e-03 3.218640e-01
497 6.766560e-01 1.220000e-03 3.221240e-01
498 6.764320e-01 1.256000e-03 3.223120e-01
499 6.762120e-01 1.244000e-03 3.225440e-01
500 6.759760e-01 1.256000e-03 3.227680e-01
