1 9.991320e-01 7.440000e-04 1.240000e-04
2 9.985840e-01 1.132000e-03 2.840000e-04
3 9.979840e-01 1.528000e-03 4.880000e-04
4 9.972720e-01 1.904000e-03 8.240000e-04
5 9.964920e-01 2.356000e-03 1.152000e-03
6 9.956320e-01 2.724000e-03 1.644000e-03
7 9.946280e-01 3.220000e-03 2.152000e-03
8 9.935760e-01 3.700000e-03 2.724000e-03
9 9.926480e-01 4.008000e-03 3.344000e-03
10 9.915760e-01 4.248000e-03 4.176000e-03
11 9.904880e-01 4.656000e-03 4.856000e-03
12 9.894880e-01 4.808000e-03 5.704000e-03
13 9.884040e-01 5.028000e-03 6.568000e-03
14 9.871800e-01 5.348000e-03 7.472000e-03
15 9.859640e-01 5.600000e-03 8.436000e-03
16 9.848160e-01 5.600000e-03 9.584000e-03
17 9.836760e-01 5.792000e-03 1.053200e-02
18 9.823880e-01 5.956000e-03 1.165600e-02
19 9.811000e-01 6.172000e-03 1.272800e-02
20 9.797640e-01 6.392000e-03 1.384400e-02
21 9.785040e-01 6.560000e-03 1.493600e-02
22 9.770200e-01 6.880000e-03 1.610000e-02
23 9.755640e-01 7.136000e-03 1.730000e-02
24 9.738960e-01 7.460000e-03 1.864400e-02
25 9.723320e-01 7.636000e-03 2.003200e-02
26 9.705120e-01 8.040000e-03 2.144800e-02
27 9.688720e-01 8.196000e-03 2.293200e-02
28 9.671560e-01 8.568000e-03 2.427600e-02
29 9.654840e-01 8.632000e-03 2.588400e-02
30 9.637640e-01 8.844000e-03 2.739200e-02
31 9.620120e-01 9.064000e-03 2.892400e-02
32 9.601880e-01 9.336000e-03 3.047600e-02
33 9.584800e-01 9.416000e-03 3.210400e-02
34 9.568760e-01 9.388000e-03 3.373600e-02
35 9.552400e-01 9.352000e-03 3.540800e-02
36 9.535880e-01 9.360000e-03 3.705200e-02
37 9.517160e-01 9.520000e-03 3.876400e-02
38 9.499920e-01 9.556000e-03 4.045200e-02
39 9.481960e-01 9.680000e-03 4.212400e-02
40 9.466440e-01 9.504000e-03 4.385200e-02
41 9.449960e-01 9.520000e-03 4.548400e-02
42 9.432000e-01 9.568000e-03 4.723200e-02
43 9.413640e-01 9.584000e-03 4.905200e-02
44 9.395360e-01 9.668000e-03 5.079600e-02
45 9.378280e-01 9.564000e-03 5.260800e-02
46 9.357920e-01 9.956000e-03 5.425200e-02
47 9.339440e-01 9.984000e-03 5.607200e-02
48 9.320600e-01 1.010400e-02 5.783600e-02
49 9.301520e-01 1.025600e-02 5.959200e-02
50 9.283160e-01 1.028000e-02 6.140400e-02
51 9.263360e-01 1.050000e-02 6.316400e-02
52 9.245160e-01 1.050800e-02 6.497600e-02
53 9.225480e-01 1.065200e-02 6.680000e-02
54 9.204640e-01 1.087200e-02 6.866400e-02
55 9.184000e-01 1.093600e-02 7.066400e-02
56 9.164600e-01 1.094000e-02 7.260000e-02
57 9.144560e-01 1.107200e-02 7.447200e-02
58 9.123960e-01 1.119200e-02 7.641200e-02
59 9.103680e-01 1.132400e-02 7.830800e-02
60 9.082960e-01 1.145200e-02 8.025200e-02
61 9.062920e-01 1.148800e-02 8.222000e-02
62 9.043360e-01 1.143600e-02 8.422800e-02
63 9.021920e-01 1.168800e-02 8.612000e-02
64 9.001280e-01 1.175600e-02 8.811600e-02
65 8.980160e-01 1.169600e-02 9.028800e-02
66 8.959640e-01 1.194400e-02 9.209200e-02
67 8.939640e-01 1.174000e-02 9.429600e-02
68 8.919520e-01 1.170400e-02 9.634400e-02
69 8.898920e-01 1.159200e-02 9.851600e-02
70 8.878720e-01 1.160800e-02 1.005200e-01
71 8.858960e-01 1.174400e-02 1.023600e-01
72 8.840240e-01 1.155200e-02 1.044240e-01
73 8.820240e-01 1.166400e-02 1.063120e-01
74 8.800480e-01 1.148400e-02 1.084680e-01
75 8.780160e-01 1.153600e-02 1.104480e-01
76 8.760200e-01 1.140000e-02 1.125800e-01
77 8.741040e-01 1.137600e-02 1.145200e-01
78 8.723800e-01 1.108800e-02 1.165320e-01
79 8.705920e-01 1.095200e-02 1.184560e-01
80 8.689000e-01 1.077600e-02 1.203240e-01
81 8.672800e-01 1.060800e-02 1.221120e-01
82 8.654960e-01 1.038800e-02 1.241160e-01
83 8.638280e-01 1.026800e-02 1.259040e-01
84 8.622640e-01 9.884000e-03 1.278520e-01
85 8.605480e-01 9.920000e-03 1.295320e-01
86 8.587760e-01 9.756000e-03 1.314680e-01
87 8.570480e-01 9.724000e-03 1.332280e-01
88 8.554280e-01 9.676000e-03 1.348960e-01
89 8.539800e-01 9.468000e-03 1.365520e-01
90 8.524560e-01 9.456000e-03 1.380880e-01
91 8.508840e-01 9.436000e-03 1.396800e-01
92 8.493120e-01 9.468000e-03 1.412200e-01
93 8.477600e-01 9.328000e-03 1.429120e-01
94 8.461360e-01 9.304000e-03 1.445600e-01
95 8.443760e-01 9.296000e-03 1.463280e-01
96 8.427080e-01 9.308000e-03 1.479840e-01
97 8.408920e-01 9.388000e-03 1.497200e-01
98 8.393840e-01 9.200000e-03 1.514160e-01
99 8.378160e-01 9.232000e-03 1.529520e-01
100 8.361800e-01 9.324000e-03 1.544960e-01
101 8.346680e-01 9.172000e-03 1.561600e-01
102 8.329320e-01 9.248000e-03 1.578200e-01
103 8.312600e-01 9.156000e-03 1.595840e-01
104 8.298040e-01 9.016000e-03 1.611800e-01
105 8.283520e-01 8.784000e-03 1.628640e-01
106 8.267840e-01 8.816000e-03 1.644000e-01
107 8.252240e-01 8.916000e-03 1.658600e-01
108 8.236320e-01 9.004000e-03 1.673640e-01
109 8.219240e-01 9.204000e-03 1.688720e-01
110 8.201640e-01 9.412000e-03 1.704240e-01
111 8.185760e-01 9.316000e-03 1.721080e-01
112 8.170680e-01 9.320000e-03 1.736120e-01
113 8.154600e-01 9.212000e-03 1.753280e-01
114 8.138800e-01 9.328000e-03 1.767920e-01
115 8.123120e-01 9.200000e-03 1.784880e-01
116 8.108520e-01 9.184000e-03 1.799640e-01
117 8.092400e-01 9.100000e-03 1.816600e-01
118 8.079400e-01 8.836000e-03 1.832240e-01
119 8.064160e-01 8.760000e-03 1.848240e-01
120 8.049440e-01 8.584000e-03 1.864720e-01
121 8.034560e-01 8.540000e-03 1.880040e-01
122 8.021320e-01 8.444000e-03 1.894240e-01
123 8.006680e-01 8.408000e-03 1.909240e-01
124 7.991720e-01 8.404000e-03 1.924240e-01
125 7.978600e-01 8.248000e-03 1.938920e-01
126 7.965520e-01 8.164000e-03 1.952840e-01
127 7.952120e-01 8.124000e-03 1.966640e-01
128 7.938600e-01 8.116000e-03 1.980240e-01
129 7.925720e-01 8.064000e-03 1.993640e-01
130 7.911120e-01 8.168000e-03 2.007200e-01
131 7.897680e-01 8.088000e-03 2.021440e-01
132 7.884000e-01 7.964000e-03 2.036360e-01
133 7.869880e-01 8.120000e-03 2.048920e-01
134 7.856640e-01 7.976000e-03 2.063600e-01
135 7.842840e-01 8.068000e-03 2.076480e-01
136 7.828440e-01 8.192000e-03 2.089640e-01
137 7.814000e-01 8.216000e-03 2.103840e-01
138 7.801160e-01 8.032000e-03 2.118520e-01
139 7.786480e-01 8.036000e-03 2.133160e-01
140 7.773520e-01 7.972000e-03 2.146760e-01
141 7.761000e-01 7.812000e-03 2.160880e-01
142 7.747840e-01 7.904000e-03 2.173120e-01
143 7.733720e-01 7.892000e-03 2.187360e-01
144 7.720280e-01 7.920000e-03 2.200520e-01
145 7.707840e-01 7.848000e-03 2.213680e-01
146 7.693480e-01 7.960000e-03 2.226920e-01
147 7.679440e-01 7.872000e-03 2.241840e-01
148 7.665080e-01 7.960000e-03 2.255320e-01
149 7.650520e-01 8.016000e-03 2.269320e-01
150 7.637320e-01 7.808000e-03 2.284600e-01
151 7.624520e-01 7.688000e-03 2.298600e-01
152 7.611480e-01 7.680000e-03 2.311720e-01
153 7.598720e-01 7.608000e-03 2.325200e-01
154 7.585800e-01 7.516000e-03 2.339040e-01
155 7.573000e-01 7.440000e-03 2.352600e-01
156 7.559760e-01 7.496000e-03 2.365280e-01
157 7.546440e-01 7.464000e-03 2.378920e-01
158 7.534120e-01 7.400000e-03 2.391880e-01
159 7.519960e-01 7.588000e-03 2.404160e-01
160 7.507040e-01 7.628000e-03 2.416680e-01
161 7.493280e-01 7.736000e-03 2.429360e-01
162 7.479320e-01 7.768000e-03 2.443000e-01
163 7.466760e-01 7.592000e-03 2.457320e-01
164 7.454680e-01 7.636000e-03 2.468960e-01
165 7.443160e-01 7.464000e-03 2.482200e-01
166 7.429000e-01 7.652000e-03 2.494480e-01
167 7.417400e-01 7.436000e-03 2.508240e-01
168 7.404480e-01 7.460000e-03 2.520920e-01
169 7.391600e-01 7.396000e-03 2.534440e-01
170 7.379120e-01 7.296000e-03 2.547920e-01
171 7.367560e-01 7.236000e-03 2.560080e-01
172 7.355640e-01 7.084000e-03 2.573520e-01
173 7.343440e-01 7.012000e-03 2.586440e-01
174 7.331880e-01 6.940000e-03 2.598720e-01
175 7.319400e-01 7.072000e-03 2.609880e-01
176 7.306120e-01 7.220000e-03 2.621680e-01
177 7.294320e-01 7.160000e-03 2.634080e-01
178 7.280840e-01 7.216000e-03 2.647000e-01
179 7.268800e-01 7.072000e-03 2.660480e-01
180 7.254960e-01 7.244000e-03 2.672600e-01
181 7.243840e-01 7.096000e-03 2.685200e-01
182 7.233800e-01 6.952000e-03 2.696680e-01
183 7.222400e-01 6.896000e-03 2.708640e-01
184 7.209800e-01 6.976000e-03 2.720440e-01
185 7.198440e-01 6.744000e-03 2.734120e-01
186 7.189160e-01 6.576000e-03 2.745080e-01
187 7.177400e-01 6.552000e-03 2.757080e-01
188 7.165200e-01 6.632000e-03 2.768480e-01
189 7.152960e-01 6.664000e-03 2.780400e-01
190 7.141880e-01 6.568000e-03 2.792440e-01
191 7.128640e-01 6.672000e-03 2.804640e-01
192 7.116400e-01 6.644000e-03 2.817160e-01
193 7.104800e-01 6.796000e-03 2.827240e-01
194 7.094000e-01 6.672000e-03 2.839280e-01
195 7.082360e-01 6.616000e-03 2.851480e-01
196 7.071280e-01 6.540000e-03 2.863320e-01
197 7.061560e-01 6.448000e-03 2.873960e-01
198 7.051600e-01 6.324000e-03 2.885160e-01
199 7.041040e-01 6.252000e-03 2.896440e-01
200 7.031720e-01 6.152000e-03 2.906760e-01
201 7.022520e-01 5.868000e-03 2.918800e-01
202 7.012440e-01 5.876000e-03 2.928800e-01
203 7.002560e-01 5.796000e-03 2.939480e-01
204 6.993240e-01 5.688000e-03 2.949880e-01
205 6.983360e-01 5.804000e-03 2.958600e-01
206 6.973240e-01 5.960000e-03 2.967160e-01
207 6.963160e-01 5.924000e-03 2.977600e-01
208 6.953440e-01 5.924000e-03 2.987320e-01
209 6.943760e-01 5.848000e-03 2.997760e-01
210 6.934200e-01 5.776000e-03 3.008040e-01
211 6.925280e-01 5.720000e-03 3.017520e-01
212 6.915960e-01 5.640000e-03 3.027640e-01
213 6.905840e-01 5.572000e-03 3.038440e-01
214 6.895880e-01 5.572000e-03 3.048400e-01
215 6.886760e-01 5.560000e-03 3.057640e-01
216 6.877480e-01 5.580000e-03 3.066720e-01
217 6.867560e-01 5.540000e-03 3.077040e-01
218 6.857160e-01 5.576000e-03 3.087080e-01
219 6.847240e-01 5.584000e-03 3.096920e-01
220 6.838480e-01 5.476000e-03 3.106760e-01
221 6.829320e-01 5.376000e-03 3.116920e-01
222 6.820200e-01 5.352000e-03 3.126280e-01
223 6.810640e-01 5.384000e-03 3.135520e-01
224 6.801280e-01 5.424000e-03 3.144480e-01
225 6.791240e-01 5.500000e-03 3.153760e-01
226 6.782520e-01 5.348000e-03 3.164000e-01
227 6.773640e-01 5.220000e-03 3.174160e-01
228 6.764320e-01 5.308000e-03 3.182600e-01
229 6.754920e-01 5.280000e-03 3.192280e-01
230 6.746920e-01 5.108000e-03 3.202000e-01
231 6.738360e-01 5.128000e-03 3.210360e-01
232 6.729680e-01 5.168000e-03 3.218640e-01
233 6.721080e-01 5.216000e-03 3.226760e-01
234 6.713280e-01 5.068000e-03 3.236040e-01
235 6.706160e-01 5.056000e-03 3.243280e-01
236 6.698080e-01 5.064000e-03 3.251280e-01
237 6.690640e-01 4.952000e-03 3.259840e-01
238 6.681400e-01 5.060000e-03 3.268000e-01
239 6.672600e-01 5.040000e-03 3.277000e-01
240 6.665880e-01 4.920000e-03 3.284920e-01
241 6.658680e-01 4.772000e-03 3.293600e-01
242 6.650400e-01 4.772000e-03 3.301880e-01
243 6.643280e-01 4.684000e-03 3.309880e-01
244 6.635400e-01 4.700000e-03 3.317600e-01
245 6.627520e-01 4.716000e-03 3.325320e-01
246 6.619560e-01 4.692000e-03 3.333520e-01
247 6.611520e-01 4.680000e-03 3.341680e-01
248 6.602760e-01 4.724000e-03 3.350000e-01
249 6.595040e-01 4.596000e-03 3.359000e-01
250 6.587640e-01 4.660000e-03 3.365760e-01
251 6.579000e-01 4.740000e-03 3.373600e-01
252 6.571440e-01 4.648000e-03 3.382080e-01
253 6.564360e-01 4.536000e-03 3.390280e-01
254 6.556800e-01 4.492000e-03 3.398280e-01
255 6.548920e-01 4.628000e-03 3.404800e-01
256 6.540600e-01 4.604000e-03 3.413360e-01
257 6.532600e-01 4.632000e-03 3.421080e-01
258 6.523720e-01 4.784000e-03 3.428440e-01
259 6.515640e-01 4.704000e-03 3.437320e-01
260 6.508920e-01 4.564000e-03 3.445440e-01
261 6.501760e-01 4.424000e-03 3.454000e-01
262 6.495080e-01 4.320000e-03 3.461720e-01
263 6.488160e-01 4.244000e-03 3.469400e-01
264 6.482000e-01 4.068000e-03 3.477320e-01
265 6.474160e-01 4.132000e-03 3.484520e-01
266 6.466920e-01 4.204000e-03 3.491040e-01
267 6.459680e-01 4.152000e-03 3.498800e-01
268 6.452680e-01 4.056000e-03 3.506760e-01
269 6.445800e-01 4.140000e-03 3.512800e-01
270 6.439160e-01 3.976000e-03 3.521080e-01
271 6.432120e-01 4.068000e-03 3.527200e-01
272 6.424520e-01 4.140000e-03 3.534080e-01
273 6.417320e-01 4.116000e-03 3.541520e-01
274 6.410480e-01 4.000000e-03 3.549520e-01
275 6.402680e-01 4.044000e-03 3.556880e-01
276 6.396120e-01 3.984000e-03 3.564040e-01
277 6.389840e-01 3.948000e-03 3.570680e-01
278 6.384040e-01 3.940000e-03 3.576560e-01
279 6.377400e-01 3.916000e-03 3.583440e-01
280 6.370160e-01 3.944000e-03 3.590400e-01
281 6.362840e-01 3.984000e-03 3.597320e-01
282 6.354920e-01 4.016000e-03 3.604920e-01
283 6.346840e-01 4.068000e-03 3.612480e-01
284 6.340200e-01 4.048000e-03 3.619320e-01
285 6.332880e-01 4.108000e-03 3.626040e-01
286 6.326640e-01 4.036000e-03 3.633000e-01
287 6.320200e-01 3.980000e-03 3.640000e-01
288 6.314280e-01 3.864000e-03 3.647080e-01
289 6.307320e-01 3.888000e-03 3.653800e-01
290 6.301320e-01 3.776000e-03 3.660920e-01
291 6.295240e-01 3.704000e-03 3.667720e-01
292 6.289920e-01 3.548000e-03 3.674600e-01
293 6.283400e-01 3.544000e-03 3.681160e-01
294 6.277000e-01 3.624000e-03 3.686760e-01
295 6.270680e-01 3.616000e-03 3.693160e-01
296 6.264800e-01 3.600000e-03 3.699200e-01
297 6.259720e-01 3.508000e-03 3.705200e-01
298 6.253240e-01 3.532000e-03 3.711440e-01
299 6.246520e-01 3.592000e-03 3.717560e-01
300 6.239880e-01 3.756000e-03 3.722560e-01
301 6.233240e-01 3.772000e-03 3.729040e-01
302 6.227360e-01 3.732000e-03 3.735320e-01
303 6.221880e-01 3.644000e-03 3.741680e-01
304 6.216520e-01 3.564000e-03 3.747840e-01
305 6.211120e-01 3.456000e-03 3.754320e-01
306 6.206520e-01 3.324000e-03 3.760240e-01
307 6.201480e-01 3.252000e-03 3.766000e-01
308 6.196840e-01 3.076000e-03 3.772400e-01
309 6.190960e-01 3.112000e-03 3.777920e-01
310 6.185760e-01 3.148000e-03 3.782760e-01
311 6.180640e-01 3.180000e-03 3.787560e-01
312 6.174720e-01 3.132000e-03 3.793960e-01
313 6.167960e-01 3.176000e-03 3.800280e-01
314 6.161880e-01 3.164000e-03 3.806480e-01
315 6.157160e-01 3.084000e-03 3.812000e-01
316 6.151960e-01 3.032000e-03 3.817720e-01
317 6.146760e-01 3.072000e-03 3.822520e-01
318 6.142200e-01 2.908000e-03 3.828720e-01
319 6.138160e-01 2.796000e-03 3.833880e-01
320 6.133960e-01 2.752000e-03 3.838520e-01
321 6.127760e-01 2.892000e-03 3.843320e-01
322 6.122040e-01 3.004000e-03 3.847920e-01
323 6.116280e-01 3.092000e-03 3.852800e-01
324 6.110360e-01 3.096000e-03 3.858680e-01
325 6.104640e-01 3.080000e-03 3.864560e-01
326 6.099760e-01 2.988000e-03 3.870360e-01
327 6.094680e-01 2.988000e-03 3.875440e-01
328 6.089600e-01 2.968000e-03 3.880720e-01
329 6.084200e-01 2.936000e-03 3.886440e-01
330 6.079040e-01 2.888000e-03 3.892080e-01
331 6.073880e-01 2.884000e-03 3.897280e-01
332 6.069160e-01 2.892000e-03 3.901920e-01
333 6.064040e-01 2.904000e-03 3.906920e-01
334 6.058400e-01 2.956000e-03 3.912040e-01
335 6.053480e-01 2.920000e-03 3.917320e-01
336 6.047360e-01 3.032000e-03 3.922320e-01
337 6.041160e-01 3.168000e-03 3.927160e-01
338 6.035520e-01 3.192000e-03 3.932560e-01
339 6.029880e-01 3.244000e-03 3.937680e-01
340 6.024160e-01 3.304000e-03 3.942800e-01
341 6.018240e-01 3.256000e-03 3.949200e-01
342 6.012800e-01 3.308000e-03 3.954120e-01
343 6.007560e-01 3.184000e-03 3.960600e-01
344 6.000880e-01 3.328000e-03 3.965840e-01
345 5.995360e-01 3.340000e-03 3.971240e-01
346 5.989800e-01 3.392000e-03 3.976280e-01
347 5.984720e-01 3.352000e-03 3.981760e-01
348 5.979080e-01 3.340000e-03 3.987520e-01
349 5.974640e-01 3.248000e-03 3.992880e-01
350 5.969520e-01 3.188000e-03 3.998600e-01
351 5.963880e-01 3.156000e-03 4.004560e-01
352 5.958720e-01 3.080000e-03 4.010480e-01
353 5.954320e-01 2.928000e-03 4.016400e-01
354 5.947920e-01 3.080000e-03 4.021280e-01
355 5.942960e-01 3.032000e-03 4.026720e-01
356 5.938080e-01 3.000000e-03 4.031920e-01
357 5.934120e-01 2.848000e-03 4.037400e-01
358 5.929640e-01 2.800000e-03 4.042360e-01
359 5.924680e-01 2.840000e-03 4.046920e-01
360 5.919400e-01 2.932000e-03 4.051280e-01
361 5.914960e-01 2.844000e-03 4.056600e-01
362 5.909120e-01 2.968000e-03 4.061200e-01
363 5.903080e-01 3.024000e-03 4.066680e-01
364 5.897400e-01 3.048000e-03 4.072120e-01
365 5.892480e-01 3.120000e-03 4.076320e-01
366 5.887080e-01 3.028000e-03 4.082640e-01
367 5.881640e-01 3.000000e-03 4.088360e-01
368 5.875640e-01 3.084000e-03 4.093520e-01
369 5.870760e-01 3.096000e-03 4.098280e-01
370 5.865640e-01 3.116000e-03 4.103200e-01
371 5.859960e-01 3.072000e-03 4.109320e-01
372 5.855600e-01 2.976000e-03 4.114640e-01
373 5.851560e-01 2.816000e-03 4.120280e-01
374 5.847320e-01 2.808000e-03 4.124600e-01
375 5.843640e-01 2.624000e-03 4.130120e-01
376 5.839560e-01 2.588000e-03 4.134560e-01
377 5.836000e-01 2.544000e-03 4.138560e-01
378 5.831920e-01 2.508000e-03 4.143000e-01
379 5.828720e-01 2.428000e-03 4.147000e-01
380 5.825240e-01 2.308000e-03 4.151680e-01
381 5.822480e-01 2.256000e-03 4.154960e-01
382 5.819600e-01 2.136000e-03 4.159040e-01
383 5.816560e-01 2.064000e-03 4.162800e-01
384 5.812640e-01 2.092000e-03 4.166440e-01
385 5.809600e-01 1.988000e-03 4.170520e-01
386 5.805400e-01 2.068000e-03 4.173920e-01
387 5.801800e-01 2.088000e-03 4.177320e-01
388 5.798120e-01 2.124000e-03 4.180640e-01
389 5.793640e-01 2.252000e-03 4.183840e-01
390 5.789440e-01 2.240000e-03 4.188160e-01
391 5.785520e-01 2.180000e-03 4.192680e-01
392 5.782200e-01 2.136000e-03 4.196440e-01
393 5.778560e-01 2.136000e-03 4.200080e-01
394 5.775120e-01 2.136000e-03 4.203520e-01
395 5.771920e-01 2.032000e-03 4.207760e-01
396 5.767920e-01 2.080000e-03 4.211280e-01
397 5.764160e-01 2.100000e-03 4.214840e-01
398 5.760440e-01 2.084000e-03 4.218720e-01
399 5.757400e-01 2.012000e-03 4.222480e-01
400 5.753400e-01 2.080000e-03 4.225800e-01
401 5.750280e-01 2.068000e-03 4.229040e-01
402 5.747520e-01 1.996000e-03 4.232520e-01
403 5.744760e-01 1.920000e-03 4.236040e-01
404 5.741400e-01 1.948000e-03 4.239120e-01
405 5.738800e-01 1.832000e-03 4.242880e-01
406 5.734880e-01 1.884000e-03 4.246280e-01
407 5.731640e-01 1.892000e-03 4.249440e-01
408 5.728680e-01 1.848000e-03 4.252840e-01
409 5.726480e-01 1.708000e-03 4.256440e-01
410 5.723400e-01 1.680000e-03 4.259800e-01
411 5.721000e-01 1.584000e-03 4.263160e-01
412 5.718520e-01 1.568000e-03 4.265800e-01
413 5.716080e-01 1.524000e-03 4.268680e-01
414 5.713480e-01 1.540000e-03 4.271120e-01
415 5.710760e-01 1.524000e-03 4.274000e-01
416 5.707680e-01 1.596000e-03 4.276360e-01
417 5.704880e-01 1.564000e-03 4.279480e-01
418 5.701640e-01 1.608000e-03 4.282280e-01
419 5.698080e-01 1.656000e-03 4.285360e-01
420 5.694720e-01 1.728000e-03 4.288000e-01
421 5.691080e-01 1.756000e-03 4.291360e-01
422 5.688760e-01 1.740000e-03 4.293840e-01
423 5.686040e-01 1.752000e-03 4.296440e-01
424 5.683160e-01 1.736000e-03 4.299480e-01
425 5.679560e-01 1.796000e-03 4.302480e-01
426 5.676400e-01 1.784000e-03 4.305760e-01
427 5.672320e-01 1.868000e-03 4.309000e-01
428 5.669600e-01 1.748000e-03 4.312920e-01
429 5.666800e-01 1.740000e-03 4.315800e-01
430 5.664080e-01 1.716000e-03 4.318760e-01
431 5.661440e-01 1.664000e-03 4.321920e-01
432 5.659360e-01 1.636000e-03 4.324280e-01
433 5.656680e-01 1.664000e-03 4.326680e-01
434 5.653680e-01 1.696000e-03 4.329360e-01
435 5.650560e-01 1.708000e-03 4.332360e-01
436 5.647640e-01 1.672000e-03 4.335640e-01
437 5.644440e-01 1.752000e-03 4.338040e-01
438 5.641640e-01 1.740000e-03 4.340960e-01
439 5.638120e-01 1.784000e-03 4.344040e-01
440 5.634800e-01 1.732000e-03 4.347880e-01
441 5.632040e-01 1.664000e-03 4.351320e-01
442 5.629640e-01 1.664000e-03 4.353720e-01
443 5.627160e-01 1.600000e-03 4.356840e-01
444 5.624120e-01 1.636000e-03 4.359520e-01
445 5.621240e-01 1.620000e-03 4.362560e-01
446 5.618040e-01 1.632000e-03 4.365640e-01
447 5.615800e-01 1.568000e-03 4.368520e-01
448 5.612760e-01 1.588000e-03 4.371360e-01
449 5.609320e-01 1.640000e-03 4.374280e-01
450 5.606280e-01 1.668000e-03 4.377040e-01
451 5.603680e-01 1.628000e-03 4.380040e-01
452 5.600600e-01 1.692000e-03 4.382480e-01
453 5.597480e-01 1.708000e-03 4.385440e-01
454 5.594880e-01 1.628000e-03 4.388840e-01
455 5.591040e-01 1.768000e-03 4.391280e-01
456 5.588280e-01 1.704000e-03 4.394680e-01
457 5.585120e-01 1.776000e-03 4.397120e-01
458 5.581560e-01 1.844000e-03 4.400000e-01
459 5.578000e-01 1.852000e-03 4.403480e-01
460 5.574840e-01 1.860000e-03 4.406560e-01
461 5.571640e-01 1.860000e-03 4.409760e-01
462 5.568920e-01 1.820000e-03 4.412880e-01
463 5.566960e-01 1.728000e-03 4.415760e-01
464 5.564560e-01 1.688000e-03 4.418560e-01
465 5.561840e-01 1.668000e-03 4.421480e-01
466 5.559440e-01 1.664000e-03 4.423920e-01
467 5.557160e-01 1.560000e-03 4.427240e-01
468 5.555080e-01 1.496000e-03 4.429960e-01
469 5.553000e-01 1.452000e-03 4.432480e-01
470 5.550760e-01 1.460000e-03 4.434640e-01
471 5.549040e-01 1.360000e-03 4.437360e-01
472 5.546720e-01 1.380000e-03 4.439480e-01
473 5.544640e-01 1.388000e-03 4.441480e-01
474 5.542760e-01 1.264000e-03 4.444600e-01
475 5.540880e-01 1.272000e-03 4.446400e-01
476 5.538800e-01 1.240000e-03 4.448800e-01
477 5.536960e-01 1.196000e-03 4.451080e-01
478 5.535200e-01 1.168000e-03 4.453120e-01
479 5.533320e-01 1.152000e-03 4.455160e-01
480 5.531480e-01 1.128000e-03 4.457240e-01
481 5.529720e-01 1.152000e-03 4.458760e-01
482 5.528040e-01 1.092000e-03 4.461040e-01
483 5.526280e-01 1.072000e-03 4.463000e-01
484 5.524680e-01 1.056000e-03 4.464760e-01
485 5.522640e-01 1.084000e-03 4.466520e-01
486 5.519960e-01 1.140000e-03 4.468640e-01
487 5.517760e-01 1.184000e-03 4.470400e-01
488 5.515760e-01 1.160000e-03 4.472640e-01
489 5.514080e-01 1.072000e-03 4.475200e-01
490 5.512320e-01 1.076000e-03 4.476920e-01
491 5.510600e-01 1.100000e-03 4.478400e-01
492 5.509200e-01 1.096000e-03 4.479840e-01
493 5.507880e-01 1.008000e-03 4.482040e-01
494 5.506000e-01 1.016000e-03 4.483840e-01
495 5.504400e-01 9.600000e-04 4.486000e-01
496 5.503240e-01 8.960000e-04 4.487800e-01
497 5.501560e-01 9.040000e-04 4.489400e-01
498 5.500160e-01 8.920000e-04 4.490920e-01
499 5.498760e-01 8.920000e-04 4.492320e-01
500 5.497440e-01 8.240000e-04 4.494320e-01
