1 9.991880e-01 6.960000e-04 1.160000e-04
2 9.985840e-01 1.180000e-03 2.360000e-04
3 9.980160e-01 1.536000e-03 4.480000e-04
4 9.973000e-01 1.940000e-03 7.600000e-04
5 9.965720e-01 2.256000e-03 1.172000e-03
6 9.957440e-01 2.636000e-03 1.620000e-03
7 9.948120e-01 3.112000e-03 2.076000e-03
8 9.937920e-01 3.564000e-03 2.644000e-03
9 9.927720e-01 3.980000e-03 3.248000e-03
10 9.915560e-01 4.400000e-03 4.044000e-03
11 9.904600e-01 4.772000e-03 4.768000e-03
12 9.892360e-01 5.132000e-03 5.632000e-03
13 9.880000e-01 5.368000e-03 6.632000e-03
14 9.867640e-01 5.648000e-03 7.588000e-03
15 9.854800e-01 5.976000e-03 8.544000e-03
16 9.843480e-01 6.064000e-03 9.588000e-03
17 9.832360e-01 6.224000e-03 1.054000e-02
18 9.820040e-01 6.412000e-03 1.158400e-02
19 9.807240e-01 6.596000e-03 1.268000e-02
20 9.794200e-01 6.708000e-03 1.387200e-02
21 9.781960e-01 6.792000e-03 1.501200e-02
22 9.768400e-01 6.916000e-03 1.624400e-02
23 9.753600e-01 7.176000e-03 1.746400e-02
24 9.738320e-01 7.460000e-03 1.870800e-02
25 9.724080e-01 7.576000e-03 2.001600e-02
26 9.709280e-01 7.676000e-03 2.139600e-02
27 9.693760e-01 7.816000e-03 2.280800e-02
28 9.679040e-01 7.860000e-03 2.423600e-02
29 9.665680e-01 7.780000e-03 2.565200e-02
30 9.652600e-01 7.772000e-03 2.696800e-02
31 9.637920e-01 7.828000e-03 2.838000e-02
32 9.623320e-01 8.052000e-03 2.961600e-02
33 9.608520e-01 8.140000e-03 3.100800e-02
34 9.593240e-01 8.352000e-03 3.232400e-02
35 9.578600e-01 8.300000e-03 3.384000e-02
36 9.564480e-01 8.360000e-03 3.519200e-02
37 9.548000e-01 8.556000e-03 3.664400e-02
38 9.532960e-01 8.588000e-03 3.811600e-02
39 9.516000e-01 8.764000e-03 3.963600e-02
40 9.500160e-01 8.808000e-03 4.117600e-02
41 9.484760e-01 8.832000e-03 4.269200e-02
42 9.468360e-01 8.988000e-03 4.417600e-02
43 9.452200e-01 9.048000e-03 4.573200e-02
44 9.436160e-01 9.028000e-03 4.735600e-02
45 9.419920e-01 9.204000e-03 4.880400e-02
46 9.404680e-01 9.236000e-03 5.029600e-02
47 9.389120e-01 9.104000e-03 5.198400e-02
48 9.373040e-01 9.260000e-03 5.343600e-02
49 9.356840e-01 9.316000e-03 5.500000e-02
50 9.339400e-01 9.488000e-03 5.657200e-02
51 9.324680e-01 9.208000e-03 5.832400e-02
52 9.308920e-01 9.272000e-03 5.983600e-02
53 9.293520e-01 9.224000e-03 6.142400e-02
54 9.279200e-01 9.148000e-03 6.293200e-02
55 9.262240e-01 9.312000e-03 6.446400e-02
56 9.245720e-01 9.320000e-03 6.610800e-02
57 9.232120e-01 9.164000e-03 6.762400e-02
58 9.217880e-01 8.972000e-03 6.924000e-02
59 9.205120e-01 8.620000e-03 7.086800e-02
60 9.190840e-01 8.596000e-03 7.232000e-02
61 9.176480e-01 8.516000e-03 7.383600e-02
62 9.163320e-01 8.268000e-03 7.540000e-02
63 9.149720e-01 8.208000e-03 7.682000e-02
64 9.133600e-01 8.392000e-03 7.824800e-02
65 9.118400e-01 8.384000e-03 7.977600e-02
66 9.105160e-01 8.184000e-03 8.130000e-02
67 9.091040e-01 8.128000e-03 8.276800e-02
68 9.076360e-01 8.100000e-03 8.426400e-02
69 9.063080e-01 8.024000e-03 8.566800e-02
70 9.049080e-01 8.224000e-03 8.686800e-02
71 9.034760e-01 8.204000e-03 8.832000e-02
72 9.021520e-01 8.196000e-03 8.965200e-02
73 9.006560e-01 8.144000e-03 9.120000e-02
74 8.993120e-01 8.024000e-03 9.266400e-02
75 8.979760e-01 8.040000e-03 9.398400e-02
76 8.967160e-01 7.976000e-03 9.530800e-02
77 8.953480e-01 7.960000e-03 9.669200e-02
78 8.940080e-01 7.856000e-03 9.813600e-02
79 8.925400e-01 7.892000e-03 9.956800e-02
80 8.913000e-01 7.644000e-03 1.010560e-01
81 8.900520e-01 7.512000e-03 1.024360e-01
82 8.887720e-01 7.412000e-03 1.038160e-01
83 8.875160e-01 7.360000e-03 1.051240e-01
84 8.863520e-01 7.280000e-03 1.063680e-01
85 8.851240e-01 7.272000e-03 1.076040e-01
86 8.840440e-01 6.952000e-03 1.090040e-01
87 8.829640e-01 6.864000e-03 1.101720e-01
88 8.818040e-01 6.944000e-03 1.112520e-01
89 8.806080e-01 6.904000e-03 1.124880e-01
90 8.794400e-01 6.900000e-03 1.136600e-01
91 8.780960e-01 7.200000e-03 1.147040e-01
92 8.766920e-01 7.408000e-03 1.159000e-01
93 8.754680e-01 7.276000e-03 1.172560e-01
94 8.740520e-01 7.432000e-03 1.185160e-01
95 8.725760e-01 7.572000e-03 1.198520e-01
96 8.712560e-01 7.556000e-03 1.211880e-01
97 8.698640e-01 7.644000e-03 1.224920e-01
98 8.684680e-01 7.816000e-03 1.237160e-01
99 8.670640e-01 7.840000e-03 1.250960e-01
100 8.656240e-01 8.020000e-03 1.263560e-01
101 8.642400e-01 7.960000e-03 1.278000e-01
102 8.628960e-01 7.960000e-03 1.291440e-01
103 8.615480e-01 7.996000e-03 1.304560e-01
104 8.601000e-01 8.088000e-03 1.318120e-01
105 8.587160e-01 7.996000e-03 1.332880e-01
106 8.573560e-01 8.056000e-03 1.345880e-01
107 8.559200e-01 8.052000e-03 1.360280e-01
108 8.545760e-01 7.976000e-03 1.374480e-01
109 8.532920e-01 7.772000e-03 1.389360e-01
110 8.520240e-01 7.736000e-03 1.402400e-01
111 8.506520e-01 7.740000e-03 1.416080e-01
112 8.493960e-01 7.580000e-03 1.430240e-01
113 8.480520e-01 7.504000e-03 1.444440e-01
114 8.467920e-01 7.380000e-03 1.458280e-01
115 8.456120e-01 7.360000e-03 1.470280e-01
116 8.443640e-01 7.336000e-03 1.483000e-01
117 8.431600e-01 7.260000e-03 1.495800e-01
118 8.418800e-01 7.152000e-03 1.509680e-01
119 8.406680e-01 7.036000e-03 1.522960e-01
120 8.393040e-01 7.232000e-03 1.534640e-01
121 8.381480e-01 7.136000e-03 1.547160e-01
122 8.369880e-01 6.980000e-03 1.560320e-01
123 8.358200e-01 6.920000e-03 1.572600e-01
124 8.346600e-01 6.812000e-03 1.585280e-01
125 8.333880e-01 6.928000e-03 1.596840e-01
126 8.320280e-01 7.072000e-03 1.609000e-01
127 8.306040e-01 7.284000e-03 1.621120e-01
128 8.291960e-01 7.328000e-03 1.634760e-01
129 8.277880e-01 7.324000e-03 1.648880e-01
130 8.265240e-01 7.244000e-03 1.662320e-01
131 8.251680e-01 7.408000e-03 1.674240e-01
132 8.238560e-01 7.472000e-03 1.686720e-01
133 8.224760e-01 7.556000e-03 1.699680e-01
134 8.212360e-01 7.416000e-03 1.713480e-01
135 8.200640e-01 7.256000e-03 1.726800e-01
136 8.190920e-01 6.876000e-03 1.740320e-01
137 8.179600e-01 6.772000e-03 1.752680e-01
138 8.169320e-01 6.580000e-03 1.764880e-01
139 8.159000e-01 6.496000e-03 1.776040e-01
140 8.147280e-01 6.520000e-03 1.787520e-01
141 8.135640e-01 6.644000e-03 1.797920e-01
142 8.125280e-01 6.564000e-03 1.809080e-01
143 8.114280e-01 6.440000e-03 1.821320e-01
144 8.103280e-01 6.424000e-03 1.832480e-01
145 8.091720e-01 6.372000e-03 1.844560e-01
146 8.081080e-01 6.368000e-03 1.855240e-01
147 8.068800e-01 6.540000e-03 1.865800e-01
148 8.058680e-01 6.364000e-03 1.877680e-01
149 8.047480e-01 6.392000e-03 1.888600e-01
150 8.036280e-01 6.396000e-03 1.899760e-01
151 8.026920e-01 6.220000e-03 1.910880e-01
152 8.016680e-01 6.140000e-03 1.921920e-01
153 8.005240e-01 6.112000e-03 1.933640e-01
154 7.997080e-01 5.884000e-03 1.944080e-01
155 7.987640e-01 5.840000e-03 1.953960e-01
156 7.977080e-01 5.784000e-03 1.965080e-01
157 7.967960e-01 5.712000e-03 1.974920e-01
158 7.958800e-01 5.776000e-03 1.983440e-01
159 7.948640e-01 5.672000e-03 1.994640e-01
160 7.939960e-01 5.524000e-03 2.004800e-01
161 7.930120e-01 5.664000e-03 2.013240e-01
162 7.921440e-01 5.580000e-03 2.022760e-01
163 7.912600e-01 5.484000e-03 2.032560e-01
164 7.904000e-01 5.416000e-03 2.041840e-01
165 7.895920e-01 5.296000e-03 2.051120e-01
166 7.887280e-01 5.148000e-03 2.061240e-01
167 7.878920e-01 5.044000e-03 2.070640e-01
168 7.870360e-01 4.944000e-03 2.080200e-01
169 7.861520e-01 5.020000e-03 2.088280e-01
170 7.851600e-01 5.136000e-03 2.097040e-01
171 7.843560e-01 5.040000e-03 2.106040e-01
172 7.834280e-01 5.016000e-03 2.115560e-01
173 7.826400e-01 4.856000e-03 2.125040e-01
174 7.818080e-01 4.840000e-03 2.133520e-01
175 7.808200e-01 4.848000e-03 2.143320e-01
176 7.799720e-01 4.720000e-03 2.153080e-01
177 7.790440e-01 4.820000e-03 2.161360e-01
178 7.782080e-01 4.700000e-03 2.170920e-01
179 7.774520e-01 4.584000e-03 2.179640e-01
180 7.765880e-01 4.740000e-03 2.186720e-01
181 7.756520e-01 4.756000e-03 2.195920e-01
182 7.747920e-01 4.940000e-03 2.202680e-01
183 7.739560e-01 5.000000e-03 2.210440e-01
184 7.729000e-01 5.220000e-03 2.218800e-01
185 7.720840e-01 5.108000e-03 2.228080e-01
186 7.712560e-01 5.032000e-03 2.237120e-01
187 7.703480e-01 5.048000e-03 2.246040e-01
188 7.694320e-01 5.068000e-03 2.255000e-01
189 7.687240e-01 4.896000e-03 2.263800e-01
190 7.679000e-01 4.956000e-03 2.271440e-01
191 7.670360e-01 5.004000e-03 2.279600e-01
192 7.661720e-01 5.016000e-03 2.288120e-01
193 7.653880e-01 4.920000e-03 2.296920e-01
194 7.645240e-01 4.984000e-03 2.304920e-01
195 7.636680e-01 4.996000e-03 2.313360e-01
196 7.627600e-01 5.040000e-03 2.322000e-01
197 7.619200e-01 4.936000e-03 2.331440e-01
198 7.610840e-01 4.888000e-03 2.340280e-01
199 7.603720e-01 4.752000e-03 2.348760e-01
200 7.596200e-01 4.608000e-03 2.357720e-01
201 7.589600e-01 4.464000e-03 2.365760e-01
202 7.583440e-01 4.300000e-03 2.373560e-01
203 7.576440e-01 4.184000e-03 2.381720e-01
204 7.570360e-01 4.028000e-03 2.389360e-01
205 7.563320e-01 3.960000e-03 2.397080e-01
206 7.556160e-01 3.916000e-03 2.404680e-01
207 7.549000e-01 3.908000e-03 2.411920e-01
208 7.542360e-01 3.948000e-03 2.418160e-01
209 7.535480e-01 3.944000e-03 2.425080e-01
210 7.528800e-01 3.920000e-03 2.432000e-01
211 7.521760e-01 3.924000e-03 2.439000e-01
212 7.516040e-01 3.768000e-03 2.446280e-01
213 7.508760e-01 3.908000e-03 2.452160e-01
214 7.502480e-01 3.856000e-03 2.458960e-01
215 7.496280e-01 3.820000e-03 2.465520e-01
216 7.489320e-01 3.856000e-03 2.472120e-01
217 7.481880e-01 4.004000e-03 2.478080e-01
218 7.474440e-01 4.024000e-03 2.485320e-01
219 7.467160e-01 4.012000e-03 2.492720e-01
220 7.461080e-01 4.008000e-03 2.498840e-01
221 7.453280e-01 4.072000e-03 2.506000e-01
222 7.445960e-01 4.120000e-03 2.512840e-01
223 7.440000e-01 3.904000e-03 2.520960e-01
224 7.432320e-01 3.976000e-03 2.527920e-01
225 7.424600e-01 4.024000e-03 2.535160e-01
226 7.417400e-01 4.032000e-03 2.542280e-01
227 7.411240e-01 3.944000e-03 2.549320e-01
228 7.404360e-01 3.908000e-03 2.556560e-01
229 7.397000e-01 4.024000e-03 2.562760e-01
230 7.388440e-01 4.120000e-03 2.570360e-01
231 7.380160e-01 4.204000e-03 2.577800e-01
232 7.373720e-01 4.160000e-03 2.584680e-01
233 7.367200e-01 4.036000e-03 2.592440e-01
234 7.359720e-01 4.104000e-03 2.599240e-01
235 7.352680e-01 4.100000e-03 2.606320e-01
236 7.346000e-01 4.092000e-03 2.613080e-01
237 7.338600e-01 4.096000e-03 2.620440e-01
238 7.331600e-01 4.044000e-03 2.627960e-01
239 7.324960e-01 4.056000e-03 2.634480e-01
240 7.317760e-01 4.096000e-03 2.641280e-01
241 7.310720e-01 4.036000e-03 2.648920e-01
242 7.303680e-01 3.956000e-03 2.656760e-01
243 7.297200e-01 3.860000e-03 2.664200e-01
244 7.290720e-01 3.892000e-03 2.670360e-01
245 7.283360e-01 3.956000e-03 2.677080e-01
246 7.275880e-01 4.064000e-03 2.683480e-01
247 7.268120e-01 4.144000e-03 2.690440e-01
248 7.259880e-01 4.192000e-03 2.698200e-01
249 7.252560e-01 4.208000e-03 2.705360e-01
250 7.244880e-01 4.252000e-03 2.712600e-01
251 7.237840e-01 4.232000e-03 2.719840e-01
252 7.231440e-01 4.060000e-03 2.727960e-01
253 7.224800e-01 3.980000e-03 2.735400e-01
254 7.218440e-01 3.944000e-03 2.742120e-01
255 7.212200e-01 3.868000e-03 2.749120e-01
256 7.205560e-01 3.852000e-03 2.755920e-01
257 7.198600e-01 3.952000e-03 2.761880e-01
258 7.190800e-01 4.024000e-03 2.768960e-01
259 7.183480e-01 4.044000e-03 2.776080e-01
260 7.176360e-01 3.988000e-03 2.783760e-01
261 7.168560e-01 4.076000e-03 2.790680e-01
262 7.161520e-01 4.016000e-03 2.798320e-01
263 7.154760e-01 4.040000e-03 2.804840e-01
264 7.148160e-01 3.984000e-03 2.812000e-01
265 7.140440e-01 4.064000e-03 2.818920e-01
266 7.134320e-01 4.008000e-03 2.825600e-01
267 7.128800e-01 3.820000e-03 2.833000e-01
268 7.122040e-01 3.768000e-03 2.840280e-01
269 7.114680e-01 3.892000e-03 2.846400e-01
270 7.108560e-01 3.856000e-03 2.852880e-01
271 7.101320e-01 3.892000e-03 2.859760e-01
272 7.094600e-01 3.880000e-03 2.866600e-01
273 7.088280e-01 3.904000e-03 2.872680e-01
274 7.081600e-01 3.936000e-03 2.879040e-01
275 7.074880e-01 3.988000e-03 2.885240e-01
276 7.068080e-01 3.992000e-03 2.892000e-01
277 7.062240e-01 3.836000e-03 2.899400e-01
278 7.056040e-01 3.748000e-03 2.906480e-01
279 7.050680e-01 3.640000e-03 2.912920e-01
280 7.044680e-01 3.564000e-03 2.919680e-01
281 7.039360e-01 3.500000e-03 2.925640e-01
282 7.033960e-01 3.408000e-03 2.931960e-01
283 7.027720e-01 3.460000e-03 2.937680e-01
284 7.021880e-01 3.480000e-03 2.943320e-01
285 7.016080e-01 3.444000e-03 2.949480e-01
286 7.009880e-01 3.496000e-03 2.955160e-01
287 7.004720e-01 3.420000e-03 2.961080e-01
288 6.999200e-01 3.396000e-03 2.966840e-01
289 6.992560e-01 3.480000e-03 2.972640e-01
290 6.987120e-01 3.416000e-03 2.978720e-01
291 6.981200e-01 3.436000e-03 2.984440e-01
292 6.974720e-01 3.488000e-03 2.990400e-01
293 6.968440e-01 3.464000e-03 2.996920e-01
294 6.962040e-01 3.508000e-03 3.002880e-01
295 6.956560e-01 3.536000e-03 3.008080e-01
296 6.950880e-01 3.500000e-03 3.014120e-01
297 6.945440e-01 3.488000e-03 3.019680e-01
298 6.940200e-01 3.404000e-03 3.025760e-01
299 6.934880e-01 3.376000e-03 3.031360e-01
300 6.929640e-01 3.280000e-03 3.037560e-01
301 6.924520e-01 3.260000e-03 3.042880e-01
302 6.918800e-01 3.220000e-03 3.049000e-01
303 6.913320e-01 3.176000e-03 3.054920e-01
304 6.908480e-01 3.176000e-03 3.059760e-01
305 6.902680e-01 3.240000e-03 3.064920e-01
306 6.897400e-01 3.200000e-03 3.070600e-01
307 6.891600e-01 3.224000e-03 3.076160e-01
308 6.886560e-01 3.160000e-03 3.081840e-01
309 6.880520e-01 3.208000e-03 3.087400e-01
310 6.874880e-01 3.260000e-03 3.092520e-01
311 6.869320e-01 3.236000e-03 3.098320e-01
312 6.863480e-01 3.308000e-03 3.103440e-01
313 6.857840e-01 3.292000e-03 3.109240e-01
314 6.852880e-01 3.260000e-03 3.114520e-01
315 6.846760e-01 3.244000e-03 3.120800e-01
316 6.841600e-01 3.176000e-03 3.126640e-01
317 6.835320e-01 3.256000e-03 3.132120e-01
318 6.829640e-01 3.220000e-03 3.138160e-01
319 6.824640e-01 3.172000e-03 3.143640e-01
320 6.819160e-01 3.196000e-03 3.148880e-01
321 6.814840e-01 3.080000e-03 3.154360e-01
322 6.809560e-01 3.136000e-03 3.159080e-01
323 6.803960e-01 3.164000e-03 3.164400e-01
324 6.798800e-01 3.152000e-03 3.169680e-01
325 6.794040e-01 3.120000e-03 3.174760e-01
326 6.788200e-01 3.200000e-03 3.179800e-01
327 6.783240e-01 3.140000e-03 3.185360e-01
328 6.778320e-01 3.072000e-03 3.190960e-01
329 6.772360e-01 3.220000e-03 3.195440e-01
330 6.767240e-01 3.128000e-03 3.201480e-01
331 6.761280e-01 3.200000e-03 3.206720e-01
332 6.756760e-01 3.148000e-03 3.211760e-01
333 6.751560e-01 3.088000e-03 3.217560e-01
334 6.746640e-01 3.036000e-03 3.223000e-01
335 6.741280e-01 3.060000e-03 3.228120e-01
336 6.736520e-01 2.952000e-03 3.233960e-01
337 6.731280e-01 2.936000e-03 3.239360e-01
338 6.726520e-01 2.952000e-03 3.243960e-01
339 6.721360e-01 2.968000e-03 3.248960e-01
340 6.716920e-01 2.852000e-03 3.254560e-01
341 6.713000e-01 2.704000e-03 3.259960e-01
342 6.708400e-01 2.680000e-03 3.264800e-01
343 6.702680e-01 2.784000e-03 3.269480e-01
344 6.698200e-01 2.796000e-03 3.273840e-01
345 6.693360e-01 2.732000e-03 3.279320e-01
346 6.688600e-01 2.720000e-03 3.284200e-01
347 6.684000e-01 2.676000e-03 3.289240e-01
348 6.679640e-01 2.624000e-03 3.294120e-01
349 6.675680e-01 2.568000e-03 3.298640e-01
350 6.672320e-01 2.428000e-03 3.303400e-01
351 6.668360e-01 2.404000e-03 3.307600e-01
352 6.663360e-01 2.504000e-03 3.311600e-01
353 6.659440e-01 2.448000e-03 3.316080e-01
354 6.655440e-01 2.424000e-03 3.320320e-01
355 6.650800e-01 2.468000e-03 3.324520e-01
356 6.646840e-01 2.444000e-03 3.328720e-01
357 6.641680e-01 2.580000e-03 3.332520e-01
358 6.636920e-01 2.636000e-03 3.336720e-01
359 6.632480e-01 2.576000e-03 3.341760e-01
360 6.627480e-01 2.656000e-03 3.345960e-01
361 6.622760e-01 2.668000e-03 3.350560e-01
362 6.618760e-01 2.620000e-03 3.355040e-01
363 6.614960e-01 2.516000e-03 3.359880e-01
364 6.611080e-01 2.444000e-03 3.364480e-01
365 6.607120e-01 2.408000e-03 3.368800e-01
366 6.602440e-01 2.512000e-03 3.372440e-01
367 6.598640e-01 2.456000e-03 3.376800e-01
368 6.595240e-01 2.420000e-03 3.380560e-01
369 6.591240e-01 2.384000e-03 3.384920e-01
370 6.587680e-01 2.280000e-03 3.389520e-01
371 6.583760e-01 2.216000e-03 3.394080e-01
372 6.579360e-01 2.208000e-03 3.398560e-01
373 6.574640e-01 2.316000e-03 3.402200e-01
374 6.569600e-01 2.436000e-03 3.406040e-01
375 6.565360e-01 2.492000e-03 3.409720e-01
376 6.561400e-01 2.476000e-03 3.413840e-01
377 6.557440e-01 2.500000e-03 3.417560e-01
378 6.554160e-01 2.412000e-03 3.421720e-01
379 6.550520e-01 2.360000e-03 3.425880e-01
380 6.547040e-01 2.280000e-03 3.430160e-01
381 6.543280e-01 2.264000e-03 3.434080e-01
382 6.539760e-01 2.264000e-03 3.437600e-01
383 6.535840e-01 2.232000e-03 3.441840e-01
384 6.531800e-01 2.256000e-03 3.445640e-01
385 6.528680e-01 2.188000e-03 3.449440e-01
386 6.525200e-01 2.208000e-03 3.452720e-01
387 6.521640e-01 2.168000e-03 3.456680e-01
388 6.518520e-01 2.084000e-03 3.460640e-01
389 6.514680e-01 2.132000e-03 3.464000e-01
390 6.510520e-01 2.132000e-03 3.468160e-01
391 6.506880e-01 2.112000e-03 3.472000e-01
392 6.503040e-01 2.084000e-03 3.476120e-01
393 6.499240e-01 2.072000e-03 3.480040e-01
394 6.496240e-01 2.036000e-03 3.483400e-01
395 6.492560e-01 2.028000e-03 3.487160e-01
396 6.488760e-01 2.036000e-03 3.490880e-01
397 6.485600e-01 2.020000e-03 3.494200e-01
398 6.483280e-01 1.912000e-03 3.497600e-01
399 6.480120e-01 1.928000e-03 3.500600e-01
400 6.477040e-01 1.964000e-03 3.503320e-01
401 6.474240e-01 1.908000e-03 3.506680e-01
402 6.471000e-01 1.936000e-03 3.509640e-01
403 6.467240e-01 2.000000e-03 3.512760e-01
404 6.463280e-01 2.080000e-03 3.515920e-01
405 6.460360e-01 2.060000e-03 3.519040e-01
406 6.456960e-01 2.008000e-03 3.522960e-01
407 6.453040e-01 2.048000e-03 3.526480e-01
408 6.449160e-01 2.112000e-03 3.529720e-01
409 6.444800e-01 2.188000e-03 3.533320e-01
410 6.440360e-01 2.208000e-03 3.537560e-01
411 6.436960e-01 2.144000e-03 3.541600e-01
412 6.433400e-01 2.156000e-03 3.545040e-01
413 6.429040e-01 2.204000e-03 3.548920e-01
414 6.425840e-01 2.136000e-03 3.552800e-01
415 6.422720e-01 2.092000e-03 3.556360e-01
416 6.419320e-01 2.004000e-03 3.560640e-01
417 6.416760e-01 1.936000e-03 3.563880e-01
418 6.413440e-01 1.908000e-03 3.567480e-01
419 6.410520e-01 1.860000e-03 3.570880e-01
420 6.406680e-01 1.916000e-03 3.574160e-01
421 6.403480e-01 1.924000e-03 3.577280e-01
422 6.400320e-01 1.852000e-03 3.581160e-01
423 6.397520e-01 1.816000e-03 3.584320e-01
424 6.394640e-01 1.772000e-03 3.587640e-01
425 6.392520e-01 1.652000e-03 3.590960e-01
426 6.389600e-01 1.680000e-03 3.593600e-01
427 6.386280e-01 1.708000e-03 3.596640e-01
428 6.382840e-01 1.804000e-03 3.599120e-01
429 6.379440e-01 1.772000e-03 3.602840e-01
430 6.375360e-01 1.856000e-03 3.606080e-01
431 6.372320e-01 1.836000e-03 3.609320e-01
432 6.369440e-01 1.860000e-03 3.611960e-01
433 6.365760e-01 1.896000e-03 3.615280e-01
434 6.362760e-01 1.844000e-03 3.618800e-01
435 6.359120e-01 1.888000e-03 3.622000e-01
436 6.356520e-01 1.840000e-03 3.625080e-01
437 6.353720e-01 1.780000e-03 3.628480e-01
438 6.350960e-01 1.712000e-03 3.631920e-01
439 6.347960e-01 1.760000e-03 3.634440e-01
440 6.344760e-01 1.816000e-03 3.637080e-01
441 6.341640e-01 1.836000e-03 3.640000e-01
442 6.338960e-01 1.768000e-03 3.643360e-01
443 6.336160e-01 1.692000e-03 3.646920e-01
444 6.333280e-01 1.704000e-03 3.649680e-01
445 6.330440e-01 1.712000e-03 3.652440e-01
446 6.327640e-01 1.724000e-03 3.655120e-01
447 6.324880e-01 1.700000e-03 3.658120e-01
448 6.321720e-01 1.748000e-03 3.660800e-01
449 6.318680e-01 1.720000e-03 3.664120e-01
450 6.315880e-01 1.732000e-03 3.666800e-01
451 6.312680e-01 1.720000e-03 3.670120e-01
452 6.309600e-01 1.716000e-03 3.673240e-01
453 6.306720e-01 1.640000e-03 3.676880e-01
454 6.304120e-01 1.632000e-03 3.679560e-01
455 6.300640e-01 1.680000e-03 3.682560e-01
456 6.297720e-01 1.660000e-03 3.685680e-01
457 6.294960e-01 1.648000e-03 3.688560e-01
458 6.292240e-01 1.632000e-03 3.691440e-01
459 6.290680e-01 1.556000e-03 3.693760e-01
460 6.288280e-01 1.504000e-03 3.696680e-01
461 6.286160e-01 1.472000e-03 3.699120e-01
462 6.283560e-01 1.472000e-03 3.701720e-01
463 6.280800e-01 1.500000e-03 3.704200e-01
464 6.278360e-01 1.500000e-03 3.706640e-01
465 6.276080e-01 1.468000e-03 3.709240e-01
466 6.273360e-01 1.528000e-03 3.711360e-01
467 6.271200e-01 1.484000e-03 3.713960e-01
468 6.268960e-01 1.392000e-03 3.717120e-01
469 6.266760e-01 1.332000e-03 3.719920e-01
470 6.264920e-01 1.268000e-03 3.722400e-01
471 6.262600e-01 1.252000e-03 3.724880e-01
472 6.259720e-01 1.292000e-03 3.727360e-01
473 6.257840e-01 1.280000e-03 3.729360e-01
474 6.254800e-01 1.380000e-03 3.731400e-01
475 6.251520e-01 1.508000e-03 3.733400e-01
476 6.248760e-01 1.560000e-03 3.735640e-01
477 6.245920e-01 1.576000e-03 3.738320e-01
478 6.243080e-01 1.516000e-03 3.741760e-01
479 6.240600e-01 1.512000e-03 3.744280e-01
480 6.238120e-01 1.540000e-03 3.746480e-01
481 6.235360e-01 1.560000e-03 3.749040e-01
482 6.232880e-01 1.564000e-03 3.751480e-01
483 6.230480e-01 1.532000e-03 3.754200e-01
484 6.228160e-01 1.460000e-03 3.757240e-01
485 6.226480e-01 1.352000e-03 3.760000e-01
486 6.223920e-01 1.364000e-03 3.762440e-01
487 6.221960e-01 1.316000e-03 3.764880e-01
488 6.219640e-01 1.352000e-03 3.766840e-01
489 6.216120e-01 1.472000e-03 3.769160e-01
490 6.214040e-01 1.380000e-03 3.772160e-01
491 6.212600e-01 1.260000e-03 3.774800e-01
492 6.210680e-01 1.216000e-03 3.777160e-01
493 6.209160e-01 1.116000e-03 3.779680e-01
494 6.206840e-01 1.128000e-03 3.781880e-01
495 6.204640e-01 1.164000e-03 3.783720e-01
496 6.202320e-01 1.228000e-03 3.785400e-01
497 6.200040e-01 1.200000e-03 3.787960e-01
498 6.198280e-01 1.192000e-03 3.789800e-01
499 6.195880e-01 1.192000e-03 3.792200e-01
500 6.193680e-01 1.212000e-03 3.794200e-01
