1 9.991440e-01 7.720000e-04 8.400000e-05
2 9.986040e-01 1.156000e-03 2.400000e-04
3 9.979720e-01 1.528000e-03 5.000000e-04
4 9.972320e-01 1.952000e-03 8.160000e-04
5 9.965400e-01 2.280000e-03 1.180000e-03
6 9.957320e-01 2.600000e-03 1.668000e-03
7 9.947720e-01 3.084000e-03 2.144000e-03
8 9.937280e-01 3.592000e-03 2.680000e-03
9 9.927240e-01 3.844000e-03 3.432000e-03
10 9.916720e-01 4.212000e-03 4.116000e-03
11 9.905120e-01 4.632000e-03 4.856000e-03
12 9.893760e-01 4.852000e-03 5.772000e-03
13 9.879680e-01 5.332000e-03 6.700000e-03
14 9.866400e-01 5.736000e-03 7.624000e-03
15 9.851800e-01 6.116000e-03 8.704000e-03
16 9.838560e-01 6.408000e-03 9.736000e-03
17 9.823320e-01 6.852000e-03 1.081600e-02
18 9.807880e-01 7.140000e-03 1.207200e-02
19 9.792280e-01 7.516000e-03 1.325600e-02
20 9.773240e-01 8.076000e-03 1.460000e-02
21 9.756280e-01 8.204000e-03 1.616800e-02
22 9.738760e-01 8.560000e-03 1.756400e-02
23 9.720040e-01 8.884000e-03 1.911200e-02
24 9.702240e-01 9.028000e-03 2.074800e-02
25 9.683480e-01 9.288000e-03 2.236400e-02
26 9.665320e-01 9.528000e-03 2.394000e-02
27 9.648280e-01 9.608000e-03 2.556400e-02
28 9.628880e-01 9.776000e-03 2.733600e-02
29 9.610720e-01 9.796000e-03 2.913200e-02
30 9.591680e-01 9.944000e-03 3.088800e-02
31 9.571800e-01 1.015200e-02 3.266800e-02
32 9.552840e-01 1.046400e-02 3.425200e-02
33 9.532360e-01 1.068000e-02 3.608400e-02
34 9.511360e-01 1.085200e-02 3.801200e-02
35 9.493200e-01 1.076000e-02 3.992000e-02
36 9.474440e-01 1.082000e-02 4.173600e-02
37 9.454920e-01 1.096800e-02 4.354000e-02
38 9.437880e-01 1.072800e-02 4.548400e-02
39 9.419880e-01 1.070800e-02 4.730400e-02
40 9.401040e-01 1.060800e-02 4.928800e-02
41 9.381040e-01 1.057600e-02 5.132000e-02
42 9.363840e-01 1.046800e-02 5.314800e-02
43 9.346800e-01 1.041200e-02 5.490800e-02
44 9.328040e-01 1.055600e-02 5.664000e-02
45 9.310360e-01 1.048400e-02 5.848000e-02
46 9.292000e-01 1.040000e-02 6.040000e-02
47 9.275320e-01 1.022000e-02 6.224800e-02
48 9.256920e-01 1.023600e-02 6.407200e-02
49 9.238200e-01 1.024000e-02 6.594000e-02
50 9.220680e-01 1.019200e-02 6.774000e-02
51 9.204240e-01 1.003200e-02 6.954400e-02
52 9.186760e-01 9.972000e-03 7.135200e-02
53 9.170440e-01 9.836000e-03 7.312000e-02
54 9.151960e-01 9.984000e-03 7.482000e-02
55 9.134960e-01 9.872000e-03 7.663200e-02
56 9.117320e-01 9.952000e-03 7.831600e-02
57 9.097760e-01 1.030800e-02 7.991600e-02
58 9.080200e-01 1.028000e-02 8.170000e-02
59 9.062680e-01 1.025600e-02 8.347600e-02
60 9.044640e-01 1.023600e-02 8.530000e-02
61 9.026960e-01 1.009200e-02 8.721200e-02
62 9.008240e-01 1.025600e-02 8.892000e-02
63 8.991440e-01 9.992000e-03 9.086400e-02
64 8.974320e-01 1.001200e-02 9.255600e-02
65 8.956000e-01 9.976000e-03 9.442400e-02
66 8.938840e-01 9.972000e-03 9.614400e-02
67 8.920920e-01 1.000800e-02 9.790000e-02
68 8.904680e-01 9.828000e-03 9.970400e-02
69 8.887960e-01 9.836000e-03 1.013680e-01
70 8.871680e-01 9.768000e-03 1.030640e-01
71 8.855480e-01 9.808000e-03 1.046440e-01
72 8.838960e-01 9.648000e-03 1.064560e-01
73 8.822000e-01 9.556000e-03 1.082440e-01
74 8.806040e-01 9.488000e-03 1.099080e-01
75 8.787040e-01 9.664000e-03 1.116320e-01
76 8.769640e-01 9.760000e-03 1.132760e-01
77 8.751880e-01 9.852000e-03 1.149600e-01
78 8.734680e-01 9.808000e-03 1.167240e-01
79 8.716640e-01 9.844000e-03 1.184920e-01
80 8.700040e-01 9.820000e-03 1.201760e-01
81 8.682440e-01 9.780000e-03 1.219760e-01
82 8.665560e-01 9.732000e-03 1.237120e-01
83 8.649720e-01 9.488000e-03 1.255400e-01
84 8.633200e-01 9.488000e-03 1.271920e-01
85 8.615840e-01 9.504000e-03 1.289120e-01
86 8.597240e-01 9.592000e-03 1.306840e-01
87 8.578880e-01 9.676000e-03 1.324360e-01
88 8.560360e-01 9.748000e-03 1.342160e-01
89 8.542600e-01 9.736000e-03 1.360040e-01
90 8.522120e-01 1.011200e-02 1.376760e-01
91 8.501880e-01 1.028000e-02 1.395320e-01
92 8.483880e-01 1.042400e-02 1.411880e-01
93 8.466960e-01 1.024800e-02 1.430560e-01
94 8.449680e-01 1.019200e-02 1.448400e-01
95 8.433520e-01 9.956000e-03 1.466920e-01
96 8.416400e-01 9.992000e-03 1.483680e-01
97 8.397800e-01 1.008400e-02 1.501360e-01
98 8.381280e-01 9.976000e-03 1.518960e-01
99 8.364680e-01 9.984000e-03 1.535480e-01
100 8.347720e-01 9.916000e-03 1.553120e-01
101 8.330640e-01 9.920000e-03 1.570160e-01
102 8.315120e-01 9.540000e-03 1.589480e-01
103 8.298880e-01 9.448000e-03 1.606640e-01
104 8.282360e-01 9.492000e-03 1.622720e-01
105 8.266160e-01 9.376000e-03 1.640080e-01
106 8.249440e-01 9.436000e-03 1.656200e-01
107 8.232360e-01 9.464000e-03 1.673000e-01
108 8.217200e-01 9.236000e-03 1.690440e-01
109 8.201880e-01 9.204000e-03 1.706080e-01
110 8.184720e-01 9.384000e-03 1.721440e-01
111 8.167360e-01 9.488000e-03 1.737760e-01
112 8.151400e-01 9.492000e-03 1.753680e-01
113 8.134400e-01 9.480000e-03 1.770800e-01
114 8.117080e-01 9.680000e-03 1.786120e-01
115 8.101320e-01 9.524000e-03 1.803440e-01
116 8.085680e-01 9.328000e-03 1.821040e-01
117 8.070120e-01 9.360000e-03 1.836280e-01
118 8.054200e-01 9.476000e-03 1.851040e-01
119 8.039480e-01 9.436000e-03 1.866160e-01
120 8.024080e-01 9.332000e-03 1.882600e-01
121 8.009040e-01 9.124000e-03 1.899720e-01
122 7.994000e-01 8.920000e-03 1.916800e-01
123 7.979400e-01 8.788000e-03 1.932720e-01
124 7.964280e-01 8.852000e-03 1.947200e-01
125 7.951120e-01 8.784000e-03 1.961040e-01
126 7.934960e-01 8.752000e-03 1.977520e-01
127 7.920120e-01 8.784000e-03 1.992040e-01
128 7.906480e-01 8.692000e-03 2.006600e-01
129 7.892720e-01 8.532000e-03 2.021960e-01
130 7.876800e-01 8.536000e-03 2.037840e-01
131 7.862120e-01 8.328000e-03 2.054600e-01
132 7.848080e-01 8.320000e-03 2.068720e-01
133 7.833880e-01 8.336000e-03 2.082760e-01
134 7.819720e-01 8.276000e-03 2.097520e-01
135 7.805280e-01 8.156000e-03 2.113160e-01
136 7.791720e-01 8.192000e-03 2.126360e-01
137 7.776720e-01 8.184000e-03 2.141440e-01
138 7.763280e-01 7.996000e-03 2.156760e-01
139 7.750160e-01 7.892000e-03 2.170920e-01
140 7.737880e-01 7.660000e-03 2.185520e-01
141 7.726920e-01 7.420000e-03 2.198880e-01
142 7.713680e-01 7.504000e-03 2.211280e-01
143 7.701000e-01 7.344000e-03 2.225560e-01
144 7.688600e-01 7.320000e-03 2.238200e-01
145 7.675800e-01 7.320000e-03 2.251000e-01
146 7.664200e-01 7.180000e-03 2.264000e-01
147 7.651880e-01 7.120000e-03 2.276920e-01
148 7.640600e-01 7.084000e-03 2.288560e-01
149 7.629400e-01 7.020000e-03 2.300400e-01
150 7.617880e-01 6.844000e-03 2.313680e-01
151 7.606400e-01 6.824000e-03 2.325360e-01
152 7.594720e-01 6.876000e-03 2.336520e-01
153 7.581480e-01 7.016000e-03 2.348360e-01
154 7.568920e-01 6.956000e-03 2.361520e-01
155 7.557960e-01 6.868000e-03 2.373360e-01
156 7.546240e-01 6.752000e-03 2.386240e-01
157 7.534440e-01 6.768000e-03 2.397880e-01
158 7.522040e-01 6.880000e-03 2.409160e-01
159 7.510560e-01 6.816000e-03 2.421280e-01
160 7.499440e-01 6.728000e-03 2.433280e-01
161 7.488360e-01 6.744000e-03 2.444200e-01
162 7.477400e-01 6.592000e-03 2.456680e-01
163 7.465480e-01 6.588000e-03 2.468640e-01
164 7.454360e-01 6.436000e-03 2.481280e-01
165 7.444760e-01 6.168000e-03 2.493560e-01
166 7.432720e-01 6.336000e-03 2.503920e-01
167 7.420120e-01 6.380000e-03 2.516080e-01
168 7.407560e-01 6.464000e-03 2.527800e-01
169 7.393840e-01 6.732000e-03 2.538840e-01
170 7.381760e-01 6.816000e-03 2.550080e-01
171 7.371280e-01 6.728000e-03 2.561440e-01
172 7.358800e-01 6.860000e-03 2.572600e-01
173 7.347800e-01 6.788000e-03 2.584320e-01
174 7.336160e-01 6.816000e-03 2.595680e-01
175 7.324600e-01 6.788000e-03 2.607520e-01
176 7.313680e-01 6.688000e-03 2.619440e-01
177 7.302960e-01 6.592000e-03 2.631120e-01
178 7.293040e-01 6.364000e-03 2.643320e-01
179 7.282320e-01 6.244000e-03 2.655240e-01
180 7.272960e-01 6.148000e-03 2.665560e-01
181 7.261800e-01 6.236000e-03 2.675840e-01
182 7.251320e-01 6.152000e-03 2.687160e-01
183 7.241920e-01 5.964000e-03 2.698440e-01
184 7.232320e-01 5.892000e-03 2.708760e-01
185 7.223080e-01 5.880000e-03 2.718120e-01
186 7.213840e-01 5.800000e-03 2.728160e-01
187 7.204960e-01 5.644000e-03 2.738600e-01
188 7.195480e-01 5.592000e-03 2.748600e-01
189 7.186800e-01 5.516000e-03 2.758040e-01
190 7.177160e-01 5.468000e-03 2.768160e-01
191 7.170200e-01 5.252000e-03 2.777280e-01
192 7.162000e-01 5.148000e-03 2.786520e-01
193 7.154440e-01 5.012000e-03 2.795440e-01
194 7.145880e-01 5.036000e-03 2.803760e-01
195 7.137160e-01 4.908000e-03 2.813760e-01
196 7.129040e-01 4.912000e-03 2.821840e-01
197 7.120680e-01 5.036000e-03 2.828960e-01
198 7.110880e-01 5.040000e-03 2.838720e-01
199 7.103160e-01 4.940000e-03 2.847440e-01
200 7.095000e-01 4.912000e-03 2.855880e-01
201 7.087840e-01 4.696000e-03 2.865200e-01
202 7.079760e-01 4.692000e-03 2.873320e-01
203 7.070920e-01 4.752000e-03 2.881560e-01
204 7.062920e-01 4.712000e-03 2.889960e-01
205 7.053320e-01 4.804000e-03 2.898640e-01
206 7.045400e-01 4.800000e-03 2.906600e-01
207 7.037760e-01 4.748000e-03 2.914760e-01
208 7.029560e-01 4.764000e-03 2.922800e-01
209 7.022200e-01 4.624000e-03 2.931560e-01
210 7.013640e-01 4.640000e-03 2.939960e-01
211 7.005280e-01 4.648000e-03 2.948240e-01
212 6.997160e-01 4.548000e-03 2.957360e-01
213 6.988560e-01 4.660000e-03 2.964840e-01
214 6.980440e-01 4.656000e-03 2.973000e-01
215 6.972080e-01 4.700000e-03 2.980920e-01
216 6.964280e-01 4.672000e-03 2.989000e-01
217 6.956560e-01 4.576000e-03 2.997680e-01
218 6.948720e-01 4.496000e-03 3.006320e-01
219 6.940640e-01 4.480000e-03 3.014560e-01
220 6.932560e-01 4.560000e-03 3.021840e-01
221 6.923400e-01 4.756000e-03 3.029040e-01
222 6.914680e-01 4.752000e-03 3.037800e-01
223 6.907000e-01 4.664000e-03 3.046360e-01
224 6.898720e-01 4.672000e-03 3.054560e-01
225 6.889960e-01 4.828000e-03 3.061760e-01
226 6.882160e-01 4.808000e-03 3.069760e-01
227 6.875680e-01 4.640000e-03 3.077920e-01
228 6.868240e-01 4.580000e-03 3.085960e-01
229 6.861280e-01 4.496000e-03 3.093760e-01
230 6.852920e-01 4.556000e-03 3.101520e-01
231 6.844960e-01 4.540000e-03 3.109640e-01
232 6.837720e-01 4.380000e-03 3.118480e-01
233 6.829800e-01 4.368000e-03 3.126520e-01
234 6.823080e-01 4.320000e-03 3.133720e-01
235 6.815080e-01 4.432000e-03 3.140600e-01
236 6.807240e-01 4.432000e-03 3.148440e-01
237 6.798840e-01 4.480000e-03 3.156360e-01
238 6.790600e-01 4.476000e-03 3.164640e-01
239 6.782600e-01 4.412000e-03 3.173280e-01
240 6.774880e-01 4.444000e-03 3.180680e-01
241 6.767640e-01 4.444000e-03 3.187920e-01
242 6.759680e-01 4.452000e-03 3.195800e-01
243 6.751800e-01 4.428000e-03 3.203920e-01
244 6.745520e-01 4.300000e-03 3.211480e-01
245 6.738720e-01 4.300000e-03 3.218280e-01
246 6.731760e-01 4.188000e-03 3.226360e-01
247 6.725640e-01 4.088000e-03 3.233480e-01
248 6.718960e-01 3.948000e-03 3.241560e-01
249 6.713120e-01 3.824000e-03 3.248640e-01
250 6.706080e-01 3.864000e-03 3.255280e-01
251 6.698400e-01 3.972000e-03 3.261880e-01
252 6.691120e-01 3.948000e-03 3.269400e-01
253 6.682760e-01 4.020000e-03 3.277040e-01
254 6.674840e-01 4.120000e-03 3.283960e-01
255 6.668240e-01 4.056000e-03 3.291200e-01
256 6.663200e-01 3.820000e-03 3.298600e-01
257 6.656600e-01 3.780000e-03 3.305600e-01
258 6.650640e-01 3.720000e-03 3.312160e-01
259 6.645320e-01 3.592000e-03 3.318760e-01
260 6.639720e-01 3.492000e-03 3.325360e-01
261 6.634880e-01 3.356000e-03 3.331560e-01
262 6.629640e-01 3.328000e-03 3.337080e-01
263 6.624360e-01 3.304000e-03 3.342600e-01
264 6.618040e-01 3.396000e-03 3.348000e-01
265 6.612640e-01 3.356000e-03 3.353800e-01
266 6.605960e-01 3.444000e-03 3.359600e-01
267 6.600000e-01 3.404000e-03 3.365960e-01
268 6.594280e-01 3.392000e-03 3.371800e-01
269 6.587680e-01 3.456000e-03 3.377760e-01
270 6.582440e-01 3.388000e-03 3.383680e-01
271 6.576720e-01 3.392000e-03 3.389360e-01
272 6.570840e-01 3.360000e-03 3.395560e-01
273 6.565640e-01 3.240000e-03 3.401960e-01
274 6.561240e-01 3.152000e-03 3.407240e-01
275 6.556320e-01 3.120000e-03 3.412480e-01
276 6.551240e-01 3.076000e-03 3.418000e-01
277 6.545320e-01 3.220000e-03 3.422480e-01
278 6.539240e-01 3.224000e-03 3.428520e-01
279 6.533960e-01 3.224000e-03 3.433800e-01
280 6.529160e-01 3.176000e-03 3.439080e-01
281 6.524040e-01 3.128000e-03 3.444680e-01
282 6.518760e-01 3.128000e-03 3.449960e-01
283 6.513760e-01 3.052000e-03 3.455720e-01
284 6.509720e-01 2.984000e-03 3.460440e-01
285 6.504680e-01 2.884000e-03 3.466480e-01
286 6.499480e-01 2.868000e-03 3.471840e-01
287 6.494400e-01 2.796000e-03 3.477640e-01
288 6.489080e-01 2.840000e-03 3.482520e-01
289 6.484400e-01 2.716000e-03 3.488440e-01
290 6.479440e-01 2.692000e-03 3.493640e-01
291 6.473840e-01 2.768000e-03 3.498480e-01
292 6.468720e-01 2.764000e-03 3.503640e-01
293 6.464320e-01 2.732000e-03 3.508360e-01
294 6.459960e-01 2.652000e-03 3.513520e-01
295 6.455480e-01 2.608000e-03 3.518440e-01
296 6.450600e-01 2.656000e-03 3.522840e-01
297 6.447000e-01 2.588000e-03 3.527120e-01
298 6.442280e-01 2.640000e-03 3.531320e-01
299 6.438760e-01 2.460000e-03 3.536640e-01
300 6.434960e-01 2.368000e-03 3.541360e-01
301 6.431280e-01 2.336000e-03 3.545360e-01
302 6.427720e-01 2.308000e-03 3.549200e-01
303 6.423640e-01 2.256000e-03 3.553800e-01
304 6.420160e-01 2.224000e-03 3.557600e-01
305 6.416360e-01 2.204000e-03 3.561600e-01
306 6.413640e-01 2.132000e-03 3.565040e-01
307 6.410360e-01 2.064000e-03 3.569000e-01
308 6.406880e-01 2.088000e-03 3.572240e-01
309 6.403400e-01 2.124000e-03 3.575360e-01
310 6.400400e-01 2.092000e-03 3.578680e-01
311 6.396600e-01 2.100000e-03 3.582400e-01
312 6.392400e-01 2.164000e-03 3.585960e-01
313 6.389640e-01 2.008000e-03 3.590280e-01
314 6.387000e-01 1.884000e-03 3.594160e-01
315 6.383960e-01 1.844000e-03 3.597600e-01
316 6.380240e-01 1.852000e-03 3.601240e-01
317 6.377360e-01 1.796000e-03 3.604680e-01
318 6.373680e-01 1.856000e-03 3.607760e-01
319 6.369880e-01 1.896000e-03 3.611160e-01
320 6.366400e-01 1.932000e-03 3.614280e-01
321 6.363240e-01 1.896000e-03 3.617800e-01
322 6.359840e-01 1.916000e-03 3.621000e-01
323 6.356240e-01 1.896000e-03 3.624800e-01
324 6.352800e-01 1.924000e-03 3.627960e-01
325 6.349720e-01 1.896000e-03 3.631320e-01
326 6.346360e-01 1.908000e-03 3.634560e-01
327 6.342680e-01 1.968000e-03 3.637640e-01
328 6.338920e-01 1.988000e-03 3.641200e-01
329 6.335480e-01 1.964000e-03 3.644880e-01
330 6.331960e-01 2.020000e-03 3.647840e-01
331 6.328200e-01 2.036000e-03 3.651440e-01
332 6.324640e-01 2.040000e-03 3.654960e-01
333 6.320920e-01 2.064000e-03 3.658440e-01
334 6.317360e-01 2.080000e-03 3.661840e-01
335 6.314880e-01 1.976000e-03 3.665360e-01
336 6.310840e-01 2.044000e-03 3.668720e-01
337 6.307880e-01 1.964000e-03 3.672480e-01
338 6.303880e-01 2.044000e-03 3.675680e-01
339 6.299560e-01 2.096000e-03 3.679480e-01
340 6.295880e-01 2.120000e-03 3.682920e-01
341 6.291760e-01 2.196000e-03 3.686280e-01
342 6.287920e-01 2.196000e-03 3.690120e-01
343 6.284440e-01 2.152000e-03 3.694040e-01
344 6.280680e-01 2.132000e-03 3.698000e-01
345 6.277600e-01 2.100000e-03 3.701400e-01
346 6.274000e-01 2.096000e-03 3.705040e-01
347 6.270880e-01 2.100000e-03 3.708120e-01
348 6.267040e-01 2.072000e-03 3.712240e-01
349 6.263680e-01 2.120000e-03 3.715120e-01
350 6.260000e-01 2.128000e-03 3.718720e-01
351 6.257040e-01 2.036000e-03 3.722600e-01
352 6.254480e-01 1.964000e-03 3.725880e-01
353 6.251200e-01 1.960000e-03 3.729200e-01
354 6.247960e-01 1.964000e-03 3.732400e-01
355 6.244600e-01 1.928000e-03 3.736120e-01
356 6.240840e-01 2.048000e-03 3.738680e-01
357 6.237440e-01 2.024000e-03 3.742320e-01
358 6.234120e-01 2.012000e-03 3.745760e-01
359 6.230240e-01 1.988000e-03 3.749880e-01
360 6.226640e-01 2.028000e-03 3.753080e-01
361 6.223520e-01 2.004000e-03 3.756440e-01
362 6.219480e-01 1.996000e-03 3.760560e-01
363 6.216600e-01 1.964000e-03 3.763760e-01
364 6.213120e-01 1.972000e-03 3.767160e-01
365 6.208960e-01 2.040000e-03 3.770640e-01
366 6.204240e-01 2.168000e-03 3.774080e-01
367 6.200760e-01 2.152000e-03 3.777720e-01
368 6.197360e-01 2.140000e-03 3.781240e-01
369 6.193560e-01 2.136000e-03 3.785080e-01
370 6.190880e-01 2.056000e-03 3.788560e-01
371 6.187680e-01 1.996000e-03 3.792360e-01
372 6.183600e-01 2.072000e-03 3.795680e-01
373 6.179880e-01 2.120000e-03 3.798920e-01
374 6.175560e-01 2.208000e-03 3.802360e-01
375 6.171160e-01 2.300000e-03 3.805840e-01
376 6.167600e-01 2.244000e-03 3.809960e-01
377 6.163280e-01 2.228000e-03 3.814440e-01
378 6.159280e-01 2.228000e-03 3.818440e-01
379 6.154720e-01 2.324000e-03 3.822040e-01
380 6.151080e-01 2.308000e-03 3.825840e-01
381 6.147000e-01 2.332000e-03 3.829680e-01
382 6.142600e-01 2.340000e-03 3.834000e-01
383 6.138800e-01 2.296000e-03 3.838240e-01
384 6.135200e-01 2.240000e-03 3.842400e-01
385 6.131840e-01 2.192000e-03 3.846240e-01
386 6.128120e-01 2.232000e-03 3.849560e-01
387 6.124160e-01 2.248000e-03 3.853360e-01
388 6.120520e-01 2.268000e-03 3.856800e-01
389 6.116840e-01 2.220000e-03 3.860960e-01
390 6.114200e-01 2.072000e-03 3.865080e-01
391 6.111080e-01 1.964000e-03 3.869280e-01
392 6.108600e-01 1.880000e-03 3.872600e-01
393 6.105640e-01 1.804000e-03 3.876320e-01
394 6.103520e-01 1.716000e-03 3.879320e-01
395 6.101400e-01 1.692000e-03 3.881680e-01
396 6.099000e-01 1.624000e-03 3.884760e-01
397 6.097080e-01 1.492000e-03 3.888000e-01
398 6.094800e-01 1.428000e-03 3.890920e-01
399 6.092320e-01 1.424000e-03 3.893440e-01
400 6.090080e-01 1.380000e-03 3.896120e-01
401 6.088040e-01 1.372000e-03 3.898240e-01
402 6.086120e-01 1.344000e-03 3.900440e-01
403 6.084240e-01 1.288000e-03 3.902880e-01
404 6.082680e-01 1.188000e-03 3.905440e-01
405 6.081480e-01 1.096000e-03 3.907560e-01
406 6.079960e-01 1.072000e-03 3.909320e-01
407 6.078800e-01 9.800000e-04 3.911400e-01
408 6.077320e-01 9.600000e-04 3.913080e-01
409 6.076240e-01 9.280000e-04 3.914480e-01
410 6.074960e-01 8.760000e-04 3.916280e-01
411 6.073160e-01 9.080000e-04 3.917760e-01
412 6.071080e-01 9.720000e-04 3.919200e-01
413 6.069480e-01 9.640000e-04 3.920880e-01
414 6.068320e-01 9.040000e-04 3.922640e-01
415 6.066960e-01 8.800000e-04 3.924240e-01
416 6.065600e-01 8.880000e-04 3.925520e-01
417 6.064040e-01 9.040000e-04 3.926920e-01
418 6.062760e-01 8.560000e-04 3.928680e-01
419 6.061400e-01 8.760000e-04 3.929840e-01
420 6.060160e-01 8.400000e-04 3.931440e-01
421 6.058600e-01 8.640000e-04 3.932760e-01
422 6.057400e-01 8.120000e-04 3.934480e-01
423 6.055880e-01 8.120000e-04 3.936000e-01
424 6.053960e-01 8.680000e-04 3.937360e-01
425 6.052440e-01 8.680000e-04 3.938880e-01
426 6.051120e-01 8.480000e-04 3.940400e-01
427 6.049400e-01 9.000000e-04 3.941600e-01
428 6.047920e-01 8.720000e-04 3.943360e-01
429 6.046120e-01 9.280000e-04 3.944600e-01
430 6.044200e-01 9.640000e-04 3.946160e-01
431 6.042320e-01 1.000000e-03 3.947680e-01
432 6.040480e-01 1.008000e-03 3.949440e-01
433 6.039040e-01 9.920000e-04 3.951040e-01
434 6.037400e-01 9.440000e-04 3.953160e-01
435 6.035920e-01 9.080000e-04 3.955000e-01
436 6.034560e-01 8.600000e-04 3.956840e-01
437 6.032920e-01 8.680000e-04 3.958400e-01
438 6.030920e-01 9.160000e-04 3.959920e-01
439 6.028960e-01 9.640000e-04 3.961400e-01
440 6.027080e-01 9.520000e-04 3.963400e-01
441 6.025160e-01 9.920000e-04 3.964920e-01
442 6.023600e-01 9.920000e-04 3.966480e-01
443 6.021920e-01 1.024000e-03 3.967840e-01
444 6.020080e-01 1.016000e-03 3.969760e-01
445 6.018400e-01 1.064000e-03 3.970960e-01
446 6.016960e-01 9.960000e-04 3.973080e-01
447 6.014960e-01 1.036000e-03 3.974680e-01
448 6.013560e-01 9.880000e-04 3.976560e-01
449 6.012200e-01 9.600000e-04 3.978200e-01
450 6.010840e-01 9.360000e-04 3.979800e-01
451 6.009000e-01 9.640000e-04 3.981360e-01
452 6.007720e-01 9.480000e-04 3.982800e-01
453 6.006560e-01 9.360000e-04 3.984080e-01
454 6.004920e-01 9.160000e-04 3.985920e-01
455 6.003240e-01 9.400000e-04 3.987360e-01
456 6.001520e-01 9.880000e-04 3.988600e-01
457 5.999560e-01 1.060000e-03 3.989840e-01
458 5.997800e-01 1.060000e-03 3.991600e-01
459 5.996480e-01 1.012000e-03 3.993400e-01
460 5.995360e-01 9.600000e-04 3.995040e-01
461 5.993000e-01 1.044000e-03 3.996560e-01
462 5.990960e-01 1.044000e-03 3.998600e-01
463 5.989200e-01 1.040000e-03 4.000400e-01
464 5.987200e-01 1.056000e-03 4.002240e-01
465 5.985240e-01 1.084000e-03 4.003920e-01
466 5.983240e-01 1.144000e-03 4.005320e-01
467 5.981360e-01 1.116000e-03 4.007480e-01
468 5.979200e-01 1.140000e-03 4.009400e-01
469 5.977800e-01 1.072000e-03 4.011480e-01
470 5.976720e-01 1.024000e-03 4.013040e-01
471 5.975280e-01 1.020000e-03 4.014520e-01
472 5.973560e-01 9.960000e-04 4.016480e-01
473 5.972280e-01 9.400000e-04 4.018320e-01
474 5.970160e-01 9.800000e-04 4.020040e-01
475 5.968760e-01 9.560000e-04 4.021680e-01
476 5.967160e-01 8.720000e-04 4.024120e-01
477 5.965880e-01 8.320000e-04 4.025800e-01
478 5.964280e-01 8.200000e-04 4.027520e-01
479 5.962440e-01 8.440000e-04 4.029120e-01
480 5.961120e-01 8.200000e-04 4.030680e-01
481 5.960200e-01 7.120000e-04 4.032680e-01
482 5.958920e-01 7.400000e-04 4.033680e-01
483 5.957640e-01 7.520000e-04 4.034840e-01
484 5.956240e-01 7.800000e-04 4.035960e-01
485 5.955120e-01 7.480000e-04 4.037400e-01
486 5.954120e-01 7.440000e-04 4.038440e-01
487 5.953320e-01 6.640000e-04 4.040040e-01
488 5.952800e-01 5.560000e-04 4.041640e-01
489 5.952120e-01 5.440000e-04 4.042440e-01
490 5.951360e-01 5.200000e-04 4.043440e-01
491 5.950880e-01 4.720000e-04 4.044400e-01
492 5.950160e-01 4.680000e-04 4.045160e-01
493 5.949520e-01 4.360000e-04 4.046120e-01
494 5.948560e-01 4.360000e-04 4.047080e-01
495 5.947960e-01 3.880000e-04 4.048160e-01
496 5.947320e-01 3.760000e-04 4.048920e-01
497 5.947000e-01 3.560000e-04 4.049440e-01
498 5.946440e-01 3.600000e-04 4.049960e-01
499 5.946040e-01 3.080000e-04 4.050880e-01
500 5.945480e-01 3.120000e-04 4.051400e-01
