1 9.992120e-01 6.760000e-04 1.120000e-04
2 9.986960e-01 1.016000e-03 2.880000e-04
3 9.980280e-01 1.456000e-03 5.160000e-04
4 9.973520e-01 1.848000e-03 8.000000e-04
5 9.965840e-01 2.284000e-03 1.132000e-03
6 9.957600e-01 2.708000e-03 1.532000e-03
7 9.950040e-01 3.020000e-03 1.976000e-03
8 9.940440e-01 3.468000e-03 2.488000e-03
9 9.931400e-01 3.716000e-03 3.144000e-03
10 9.921960e-01 4.000000e-03 3.804000e-03
11 9.912560e-01 4.244000e-03 4.500000e-03
12 9.901160e-01 4.588000e-03 5.296000e-03
13 9.890200e-01 4.884000e-03 6.096000e-03
14 9.878480e-01 5.092000e-03 7.060000e-03
15 9.866320e-01 5.352000e-03 8.016000e-03
16 9.855000e-01 5.516000e-03 8.984000e-03
17 9.843960e-01 5.676000e-03 9.928000e-03
18 9.832960e-01 5.764000e-03 1.094000e-02
19 9.821960e-01 5.824000e-03 1.198000e-02
20 9.809080e-01 6.128000e-03 1.296400e-02
21 9.794680e-01 6.336000e-03 1.419600e-02
22 9.781320e-01 6.620000e-03 1.524800e-02
23 9.768080e-01 6.748000e-03 1.644400e-02
24 9.756080e-01 6.680000e-03 1.771200e-02
25 9.744640e-01 6.656000e-03 1.888000e-02
26 9.731600e-01 6.792000e-03 2.004800e-02
27 9.718880e-01 6.768000e-03 2.134400e-02
28 9.708080e-01 6.668000e-03 2.252400e-02
29 9.694480e-01 6.852000e-03 2.370000e-02
30 9.680640e-01 7.132000e-03 2.480400e-02
31 9.666720e-01 7.288000e-03 2.604000e-02
32 9.652160e-01 7.408000e-03 2.737600e-02
33 9.637400e-01 7.652000e-03 2.860800e-02
34 9.623200e-01 7.712000e-03 2.996800e-02
35 9.609280e-01 7.792000e-03 3.128000e-02
36 9.596760e-01 7.712000e-03 3.261200e-02
37 9.584080e-01 7.652000e-03 3.394000e-02
38 9.570480e-01 7.812000e-03 3.514000e-02
39 9.555320e-01 8.024000e-03 3.644400e-02
40 9.541680e-01 8.032000e-03 3.780000e-02
41 9.526520e-01 8.220000e-03 3.912800e-02
42 9.510520e-01 8.464000e-03 4.048400e-02
43 9.494960e-01 8.532000e-03 4.197200e-02
44 9.477240e-01 8.836000e-03 4.344000e-02
45 9.461440e-01 8.752000e-03 4.510400e-02
46 9.445760e-01 8.760000e-03 4.666400e-02
47 9.430600e-01 8.784000e-03 4.815600e-02
48 9.415320e-01 8.796000e-03 4.967200e-02
49 9.401040e-01 8.620000e-03 5.127600e-02
50 9.385920e-01 8.708000e-03 5.270000e-02
51 9.369320e-01 8.904000e-03 5.416400e-02
52 9.352840e-01 8.920000e-03 5.579600e-02
53 9.337720e-01 8.888000e-03 5.734000e-02
54 9.322640e-01 8.924000e-03 5.881200e-02
55 9.306800e-01 9.000000e-03 6.032000e-02
56 9.290680e-01 9.080000e-03 6.185200e-02
57 9.275280e-01 9.016000e-03 6.345600e-02
58 9.259440e-01 8.908000e-03 6.514800e-02
59 9.245640e-01 8.716000e-03 6.672000e-02
60 9.231640e-01 8.536000e-03 6.830000e-02
61 9.218880e-01 8.336000e-03 6.977600e-02
62 9.205720e-01 8.152000e-03 7.127600e-02
63 9.192080e-01 8.116000e-03 7.267600e-02
64 9.177120e-01 8.176000e-03 7.411200e-02
65 9.165000e-01 7.904000e-03 7.559600e-02
66 9.151360e-01 7.960000e-03 7.690400e-02
67 9.138000e-01 7.840000e-03 7.836000e-02
68 9.124640e-01 7.816000e-03 7.972000e-02
69 9.112360e-01 7.652000e-03 8.111200e-02
70 9.100400e-01 7.472000e-03 8.248800e-02
71 9.087360e-01 7.512000e-03 8.375200e-02
72 9.075840e-01 7.388000e-03 8.502800e-02
73 9.063960e-01 7.228000e-03 8.637600e-02
74 9.052440e-01 7.168000e-03 8.758800e-02
75 9.038680e-01 7.236000e-03 8.889600e-02
76 9.025680e-01 7.196000e-03 9.023600e-02
77 9.013040e-01 7.220000e-03 9.147600e-02
78 9.000040e-01 7.364000e-03 9.263200e-02
79 8.988360e-01 7.328000e-03 9.383600e-02
80 8.975640e-01 7.364000e-03 9.507200e-02
81 8.961240e-01 7.432000e-03 9.644400e-02
82 8.948520e-01 7.424000e-03 9.772400e-02
83 8.935800e-01 7.424000e-03 9.899600e-02
84 8.922160e-01 7.504000e-03 1.002800e-01
85 8.908280e-01 7.580000e-03 1.015920e-01
86 8.895400e-01 7.628000e-03 1.028320e-01
87 8.881360e-01 7.716000e-03 1.041480e-01
88 8.866160e-01 8.004000e-03 1.053800e-01
89 8.851160e-01 8.084000e-03 1.068000e-01
90 8.836480e-01 8.208000e-03 1.081440e-01
91 8.821480e-01 8.324000e-03 1.095280e-01
92 8.808440e-01 8.144000e-03 1.110120e-01
93 8.794240e-01 8.228000e-03 1.123480e-01
94 8.780080e-01 8.220000e-03 1.137720e-01
95 8.765400e-01 8.344000e-03 1.151160e-01
96 8.749960e-01 8.404000e-03 1.166000e-01
97 8.735800e-01 8.300000e-03 1.181200e-01
98 8.721520e-01 8.264000e-03 1.195840e-01
99 8.707720e-01 8.116000e-03 1.211120e-01
100 8.693320e-01 8.220000e-03 1.224480e-01
101 8.679480e-01 8.228000e-03 1.238240e-01
102 8.665440e-01 8.168000e-03 1.252880e-01
103 8.651080e-01 8.112000e-03 1.267800e-01
104 8.637080e-01 8.176000e-03 1.281160e-01
105 8.622520e-01 8.040000e-03 1.297080e-01
106 8.608200e-01 8.052000e-03 1.311280e-01
107 8.594480e-01 7.856000e-03 1.326960e-01
108 8.581920e-01 7.784000e-03 1.340240e-01
109 8.569080e-01 7.592000e-03 1.355000e-01
110 8.554200e-01 7.692000e-03 1.368880e-01
111 8.539920e-01 7.740000e-03 1.382680e-01
112 8.526040e-01 7.880000e-03 1.395160e-01
113 8.512720e-01 7.712000e-03 1.410160e-01
114 8.498760e-01 7.704000e-03 1.424200e-01
115 8.485360e-01 7.788000e-03 1.436760e-01
116 8.472200e-01 7.844000e-03 1.449360e-01
117 8.457960e-01 8.040000e-03 1.461640e-01
118 8.442600e-01 8.044000e-03 1.476960e-01
119 8.429320e-01 7.896000e-03 1.491720e-01
120 8.415000e-01 7.992000e-03 1.505080e-01
121 8.400240e-01 8.088000e-03 1.518880e-01
122 8.385360e-01 8.116000e-03 1.533480e-01
123 8.371160e-01 8.228000e-03 1.546560e-01
124 8.357760e-01 8.272000e-03 1.559520e-01
125 8.343240e-01 8.296000e-03 1.573800e-01
126 8.329080e-01 8.188000e-03 1.589040e-01
127 8.315880e-01 8.068000e-03 1.603440e-01
128 8.303120e-01 7.940000e-03 1.617480e-01
129 8.290360e-01 7.720000e-03 1.632440e-01
130 8.277880e-01 7.672000e-03 1.645400e-01
131 8.265760e-01 7.568000e-03 1.658560e-01
132 8.253800e-01 7.396000e-03 1.672240e-01
133 8.243840e-01 7.284000e-03 1.683320e-01
134 8.233400e-01 7.128000e-03 1.695320e-01
135 8.222520e-01 7.056000e-03 1.706920e-01
136 8.212360e-01 6.852000e-03 1.719120e-01
137 8.201560e-01 6.692000e-03 1.731520e-01
138 8.190680e-01 6.484000e-03 1.744480e-01
139 8.179400e-01 6.436000e-03 1.756240e-01
140 8.168800e-01 6.460000e-03 1.766600e-01
141 8.158280e-01 6.404000e-03 1.777680e-01
142 8.147160e-01 6.452000e-03 1.788320e-01
143 8.137600e-01 6.244000e-03 1.799960e-01
144 8.127360e-01 6.204000e-03 1.810600e-01
145 8.115800e-01 6.296000e-03 1.821240e-01
146 8.105200e-01 6.276000e-03 1.832040e-01
147 8.093200e-01 6.356000e-03 1.843240e-01
148 8.081560e-01 6.336000e-03 1.855080e-01
149 8.071400e-01 6.380000e-03 1.864800e-01
150 8.061800e-01 6.216000e-03 1.876040e-01
151 8.051480e-01 6.160000e-03 1.886920e-01
152 8.042960e-01 5.980000e-03 1.897240e-01
153 8.033200e-01 5.968000e-03 1.907120e-01
154 8.023120e-01 6.000000e-03 1.916880e-01
155 8.013360e-01 5.864000e-03 1.928000e-01
156 8.002760e-01 5.728000e-03 1.939960e-01
157 7.992320e-01 5.768000e-03 1.950000e-01
158 7.982400e-01 5.704000e-03 1.960560e-01
159 7.973120e-01 5.648000e-03 1.970400e-01
160 7.964320e-01 5.696000e-03 1.978720e-01
161 7.954400e-01 5.608000e-03 1.989520e-01
162 7.944760e-01 5.544000e-03 1.999800e-01
163 7.933400e-01 5.656000e-03 2.010040e-01
164 7.924000e-01 5.680000e-03 2.019200e-01
165 7.913600e-01 5.716000e-03 2.029240e-01
166 7.902560e-01 5.804000e-03 2.039400e-01
167 7.893240e-01 5.744000e-03 2.049320e-01
168 7.884600e-01 5.668000e-03 2.058720e-01
169 7.875160e-01 5.632000e-03 2.068520e-01
170 7.865840e-01 5.660000e-03 2.077560e-01
171 7.857640e-01 5.324000e-03 2.089120e-01
172 7.847480e-01 5.420000e-03 2.098320e-01
173 7.838120e-01 5.384000e-03 2.108040e-01
174 7.828360e-01 5.460000e-03 2.117040e-01
175 7.819480e-01 5.404000e-03 2.126480e-01
176 7.810800e-01 5.428000e-03 2.134920e-01
177 7.802280e-01 5.376000e-03 2.143960e-01
178 7.795280e-01 5.080000e-03 2.153920e-01
179 7.786880e-01 4.936000e-03 2.163760e-01
180 7.779200e-01 4.900000e-03 2.171800e-01
181 7.770880e-01 4.880000e-03 2.180320e-01
182 7.762760e-01 4.860000e-03 2.188640e-01
183 7.753960e-01 4.844000e-03 2.197600e-01
184 7.744040e-01 4.984000e-03 2.206120e-01
185 7.735360e-01 5.064000e-03 2.214000e-01
186 7.726240e-01 5.040000e-03 2.223360e-01
187 7.715520e-01 5.280000e-03 2.231680e-01
188 7.706400e-01 5.220000e-03 2.241400e-01
189 7.695360e-01 5.328000e-03 2.251360e-01
190 7.686760e-01 5.336000e-03 2.259880e-01
191 7.677760e-01 5.388000e-03 2.268360e-01
192 7.668960e-01 5.396000e-03 2.277080e-01
193 7.659600e-01 5.432000e-03 2.286080e-01
194 7.650320e-01 5.344000e-03 2.296240e-01
195 7.640560e-01 5.404000e-03 2.305400e-01
196 7.630200e-01 5.560000e-03 2.314200e-01
197 7.621800e-01 5.328000e-03 2.324920e-01
198 7.611160e-01 5.500000e-03 2.333840e-01
199 7.601400e-01 5.496000e-03 2.343640e-01
200 7.592560e-01 5.328000e-03 2.354160e-01
201 7.583360e-01 5.308000e-03 2.363560e-01
202 7.575880e-01 5.180000e-03 2.372320e-01
203 7.567280e-01 5.100000e-03 2.381720e-01
204 7.559440e-01 5.072000e-03 2.389840e-01
205 7.551680e-01 4.932000e-03 2.399000e-01
206 7.543120e-01 4.840000e-03 2.408480e-01
207 7.535360e-01 4.688000e-03 2.417760e-01
208 7.528080e-01 4.492000e-03 2.427000e-01
209 7.521000e-01 4.340000e-03 2.435600e-01
210 7.513520e-01 4.332000e-03 2.443160e-01
211 7.506360e-01 4.260000e-03 2.451040e-01
212 7.499160e-01 4.324000e-03 2.457600e-01
213 7.492000e-01 4.316000e-03 2.464840e-01
214 7.485000e-01 4.236000e-03 2.472640e-01
215 7.478400e-01 4.128000e-03 2.480320e-01
216 7.471960e-01 4.040000e-03 2.487640e-01
217 7.465560e-01 3.968000e-03 2.494760e-01
218 7.457680e-01 4.020000e-03 2.502120e-01
219 7.450880e-01 3.932000e-03 2.509800e-01
220 7.444600e-01 3.844000e-03 2.516960e-01
221 7.438320e-01 3.868000e-03 2.523000e-01
222 7.432080e-01 3.768000e-03 2.530240e-01
223 7.426000e-01 3.780000e-03 2.536200e-01
224 7.418600e-01 3.876000e-03 2.542640e-01
225 7.411400e-01 3.896000e-03 2.549640e-01
226 7.404800e-01 3.888000e-03 2.556320e-01
227 7.398920e-01 3.808000e-03 2.563000e-01
228 7.392080e-01 3.896000e-03 2.568960e-01
229 7.384840e-01 3.960000e-03 2.575560e-01
230 7.378720e-01 3.832000e-03 2.582960e-01
231 7.372600e-01 3.760000e-03 2.589800e-01
232 7.367160e-01 3.604000e-03 2.596800e-01
233 7.362160e-01 3.432000e-03 2.603520e-01
234 7.356960e-01 3.392000e-03 2.609120e-01
235 7.351400e-01 3.292000e-03 2.615680e-01
236 7.346080e-01 3.212000e-03 2.621800e-01
237 7.340840e-01 3.160000e-03 2.627560e-01
238 7.335040e-01 3.248000e-03 2.632480e-01
239 7.328880e-01 3.256000e-03 2.638560e-01
240 7.322760e-01 3.244000e-03 2.644800e-01
241 7.316120e-01 3.320000e-03 2.650680e-01
242 7.310200e-01 3.384000e-03 2.655960e-01
243 7.303960e-01 3.360000e-03 2.662440e-01
244 7.298000e-01 3.360000e-03 2.668400e-01
245 7.291440e-01 3.364000e-03 2.674920e-01
246 7.285560e-01 3.364000e-03 2.680800e-01
247 7.279960e-01 3.276000e-03 2.687280e-01
248 7.274160e-01 3.256000e-03 2.693280e-01
249 7.269360e-01 3.148000e-03 2.699160e-01
250 7.263320e-01 3.216000e-03 2.704520e-01
251 7.258320e-01 3.188000e-03 2.709800e-01
252 7.254040e-01 3.076000e-03 2.715200e-01
253 7.249320e-01 3.044000e-03 2.720240e-01
254 7.244120e-01 3.004000e-03 2.725840e-01
255 7.238800e-01 3.004000e-03 2.731160e-01
256 7.234440e-01 2.876000e-03 2.736800e-01
257 7.230480e-01 2.748000e-03 2.742040e-01
258 7.225880e-01 2.696000e-03 2.747160e-01
259 7.220920e-01 2.748000e-03 2.751600e-01
260 7.216480e-01 2.728000e-03 2.756240e-01
261 7.211080e-01 2.816000e-03 2.760760e-01
262 7.205360e-01 2.864000e-03 2.766000e-01
263 7.199720e-01 2.872000e-03 2.771560e-01
264 7.194320e-01 2.844000e-03 2.777240e-01
265 7.189480e-01 2.840000e-03 2.782120e-01
266 7.184600e-01 2.820000e-03 2.787200e-01
267 7.180200e-01 2.792000e-03 2.791880e-01
268 7.175840e-01 2.760000e-03 2.796560e-01
269 7.171320e-01 2.672000e-03 2.801960e-01
270 7.167440e-01 2.576000e-03 2.806800e-01
271 7.163720e-01 2.484000e-03 2.811440e-01
272 7.160160e-01 2.456000e-03 2.815280e-01
273 7.156120e-01 2.456000e-03 2.819320e-01
274 7.152200e-01 2.436000e-03 2.823440e-01
275 7.148120e-01 2.376000e-03 2.828120e-01
276 7.142920e-01 2.508000e-03 2.832000e-01
277 7.138760e-01 2.384000e-03 2.837400e-01
278 7.134240e-01 2.484000e-03 2.840920e-01
279 7.129520e-01 2.552000e-03 2.844960e-01
280 7.125560e-01 2.392000e-03 2.850520e-01
281 7.121320e-01 2.432000e-03 2.854360e-01
282 7.117400e-01 2.372000e-03 2.858880e-01
283 7.113200e-01 2.408000e-03 2.862720e-01
284 7.108320e-01 2.476000e-03 2.866920e-01
285 7.104080e-01 2.468000e-03 2.871240e-01
286 7.099680e-01 2.468000e-03 2.875640e-01
287 7.095960e-01 2.440000e-03 2.879640e-01
288 7.091880e-01 2.392000e-03 2.884200e-01
289 7.088320e-01 2.344000e-03 2.888240e-01
290 7.085600e-01 2.248000e-03 2.891920e-01
291 7.081320e-01 2.308000e-03 2.895600e-01
292 7.077440e-01 2.312000e-03 2.899440e-01
293 7.074080e-01 2.228000e-03 2.903640e-01
294 7.070640e-01 2.160000e-03 2.907760e-01
295 7.067360e-01 2.160000e-03 2.911040e-01
296 7.063600e-01 2.188000e-03 2.914520e-01
297 7.060080e-01 2.140000e-03 2.918520e-01
298 7.056240e-01 2.160000e-03 2.922160e-01
299 7.052960e-01 2.048000e-03 2.926560e-01
300 7.049400e-01 2.004000e-03 2.930560e-01
301 7.045600e-01 2.068000e-03 2.933720e-01
302 7.042080e-01 2.080000e-03 2.937120e-01
303 7.038080e-01 2.140000e-03 2.940520e-01
304 7.034520e-01 2.156000e-03 2.943920e-01
305 7.031120e-01 2.072000e-03 2.948160e-01
306 7.028080e-01 2.044000e-03 2.951480e-01
307 7.025440e-01 1.920000e-03 2.955360e-01
308 7.021480e-01 2.056000e-03 2.957960e-01
309 7.017000e-01 2.112000e-03 2.961880e-01
310 7.013320e-01 2.136000e-03 2.965320e-01
311 7.010280e-01 2.028000e-03 2.969440e-01
312 7.007200e-01 1.976000e-03 2.973040e-01
313 7.002960e-01 2.108000e-03 2.975960e-01
314 6.998920e-01 2.140000e-03 2.979680e-01
315 6.994840e-01 2.160000e-03 2.983560e-01
316 6.990640e-01 2.204000e-03 2.987320e-01
317 6.986160e-01 2.248000e-03 2.991360e-01
318 6.981120e-01 2.292000e-03 2.995960e-01
319 6.977200e-01 2.232000e-03 3.000480e-01
320 6.973280e-01 2.232000e-03 3.004400e-01
321 6.969440e-01 2.260000e-03 3.007960e-01
322 6.965400e-01 2.272000e-03 3.011880e-01
323 6.961080e-01 2.376000e-03 3.015160e-01
324 6.957000e-01 2.420000e-03 3.018800e-01
325 6.952120e-01 2.516000e-03 3.022720e-01
326 6.947720e-01 2.540000e-03 3.026880e-01
327 6.942840e-01 2.552000e-03 3.031640e-01
328 6.937600e-01 2.656000e-03 3.035840e-01
329 6.932760e-01 2.668000e-03 3.040560e-01
330 6.928000e-01 2.676000e-03 3.045240e-01
331 6.922320e-01 2.780000e-03 3.049880e-01
332 6.917560e-01 2.744000e-03 3.055000e-01
333 6.912800e-01 2.752000e-03 3.059680e-01
334 6.907360e-01 2.872000e-03 3.063920e-01
335 6.902400e-01 2.816000e-03 3.069440e-01
336 6.897880e-01 2.800000e-03 3.074120e-01
337 6.892760e-01 2.772000e-03 3.079520e-01
338 6.888840e-01 2.692000e-03 3.084240e-01
339 6.883880e-01 2.660000e-03 3.089520e-01
340 6.879160e-01 2.684000e-03 3.094000e-01
341 6.875120e-01 2.636000e-03 3.098520e-01
342 6.870400e-01 2.584000e-03 3.103760e-01
343 6.865680e-01 2.616000e-03 3.108160e-01
344 6.860640e-01 2.716000e-03 3.112200e-01
345 6.856600e-01 2.696000e-03 3.116440e-01
346 6.852360e-01 2.692000e-03 3.120720e-01
347 6.847880e-01 2.668000e-03 3.125440e-01
348 6.843200e-01 2.672000e-03 3.130080e-01
349 6.838960e-01 2.576000e-03 3.135280e-01
350 6.835000e-01 2.536000e-03 3.139640e-01
351 6.831600e-01 2.412000e-03 3.144280e-01
352 6.827440e-01 2.368000e-03 3.148880e-01
353 6.823160e-01 2.348000e-03 3.153360e-01
354 6.819120e-01 2.300000e-03 3.157880e-01
355 6.815840e-01 2.216000e-03 3.162000e-01
356 6.812920e-01 2.144000e-03 3.165640e-01
357 6.809400e-01 2.144000e-03 3.169160e-01
358 6.805600e-01 2.136000e-03 3.173040e-01
359 6.801880e-01 2.176000e-03 3.176360e-01
360 6.797960e-01 2.128000e-03 3.180760e-01
361 6.794920e-01 2.056000e-03 3.184520e-01
362 6.790920e-01 2.124000e-03 3.187840e-01
363 6.787640e-01 2.088000e-03 3.191480e-01
364 6.783800e-01 2.132000e-03 3.194880e-01
365 6.780320e-01 2.100000e-03 3.198680e-01
366 6.777080e-01 2.072000e-03 3.202200e-01
367 6.774000e-01 2.044000e-03 3.205560e-01
368 6.770040e-01 2.084000e-03 3.209120e-01
369 6.766720e-01 2.052000e-03 3.212760e-01
370 6.763080e-01 2.044000e-03 3.216480e-01
371 6.759920e-01 2.048000e-03 3.219600e-01
372 6.757160e-01 1.920000e-03 3.223640e-01
373 6.754000e-01 1.868000e-03 3.227320e-01
374 6.750760e-01 1.856000e-03 3.230680e-01
375 6.747880e-01 1.836000e-03 3.233760e-01
376 6.745040e-01 1.832000e-03 3.236640e-01
377 6.741080e-01 1.900000e-03 3.239920e-01
378 6.738120e-01 1.888000e-03 3.243000e-01
379 6.734760e-01 1.908000e-03 3.246160e-01
380 6.731560e-01 1.828000e-03 3.250160e-01
381 6.728680e-01 1.808000e-03 3.253240e-01
382 6.725520e-01 1.768000e-03 3.256800e-01
383 6.723120e-01 1.672000e-03 3.260160e-01
384 6.720400e-01 1.624000e-03 3.263360e-01
385 6.717440e-01 1.588000e-03 3.266680e-01
386 6.715000e-01 1.552000e-03 3.269480e-01
387 6.711760e-01 1.592000e-03 3.272320e-01
388 6.708240e-01 1.628000e-03 3.275480e-01
389 6.705040e-01 1.624000e-03 3.278720e-01
390 6.701880e-01 1.692000e-03 3.281200e-01
391 6.699160e-01 1.608000e-03 3.284760e-01
392 6.696240e-01 1.652000e-03 3.287240e-01
393 6.692880e-01 1.704000e-03 3.290080e-01
394 6.690120e-01 1.704000e-03 3.292840e-01
395 6.687800e-01 1.636000e-03 3.295840e-01
396 6.684600e-01 1.648000e-03 3.298920e-01
397 6.681320e-01 1.724000e-03 3.301440e-01
398 6.679040e-01 1.616000e-03 3.304800e-01
399 6.676920e-01 1.468000e-03 3.308400e-01
400 6.673920e-01 1.548000e-03 3.310600e-01
401 6.670800e-01 1.564000e-03 3.313560e-01
402 6.666800e-01 1.716000e-03 3.316040e-01
403 6.664400e-01 1.744000e-03 3.318160e-01
404 6.660840e-01 1.816000e-03 3.321000e-01
405 6.657960e-01 1.800000e-03 3.324040e-01
406 6.655200e-01 1.704000e-03 3.327760e-01
407 6.652280e-01 1.704000e-03 3.330680e-01
408 6.649440e-01 1.652000e-03 3.334040e-01
409 6.647240e-01 1.636000e-03 3.336400e-01
410 6.644680e-01 1.600000e-03 3.339320e-01
411 6.642480e-01 1.512000e-03 3.342400e-01
412 6.640360e-01 1.484000e-03 3.344800e-01
413 6.637760e-01 1.504000e-03 3.347200e-01
414 6.635360e-01 1.484000e-03 3.349800e-01
415 6.632880e-01 1.528000e-03 3.351840e-01
416 6.630560e-01 1.468000e-03 3.354760e-01
417 6.628360e-01 1.444000e-03 3.357200e-01
418 6.625240e-01 1.452000e-03 3.360240e-01
419 6.621680e-01 1.592000e-03 3.362400e-01
420 6.618200e-01 1.660000e-03 3.365200e-01
421 6.615040e-01 1.708000e-03 3.367880e-01
422 6.611880e-01 1.744000e-03 3.370680e-01
423 6.609240e-01 1.668000e-03 3.374080e-01
424 6.606880e-01 1.636000e-03 3.376760e-01
425 6.603800e-01 1.692000e-03 3.379280e-01
426 6.600640e-01 1.696000e-03 3.382400e-01
427 6.597800e-01 1.704000e-03 3.385160e-01
428 6.594640e-01 1.732000e-03 3.388040e-01
429 6.591440e-01 1.748000e-03 3.391080e-01
430 6.588600e-01 1.772000e-03 3.393680e-01
431 6.585400e-01 1.748000e-03 3.397120e-01
432 6.583360e-01 1.636000e-03 3.400280e-01
433 6.581120e-01 1.600000e-03 3.402880e-01
434 6.579080e-01 1.500000e-03 3.405920e-01
435 6.577080e-01 1.396000e-03 3.408960e-01
436 6.575080e-01 1.384000e-03 3.411080e-01
437 6.572960e-01 1.392000e-03 3.413120e-01
438 6.571320e-01 1.284000e-03 3.415840e-01
439 6.568960e-01 1.352000e-03 3.417520e-01
440 6.566360e-01 1.380000e-03 3.419840e-01
441 6.564120e-01 1.328000e-03 3.422600e-01
442 6.562200e-01 1.292000e-03 3.424880e-01
443 6.560120e-01 1.276000e-03 3.427120e-01
444 6.558000e-01 1.304000e-03 3.428960e-01
445 6.556120e-01 1.268000e-03 3.431200e-01
446 6.554880e-01 1.164000e-03 3.433480e-01
447 6.553240e-01 1.144000e-03 3.435320e-01
448 6.552200e-01 1.112000e-03 3.436680e-01
449 6.550560e-01 1.116000e-03 3.438280e-01
450 6.548680e-01 1.140000e-03 3.439920e-01
451 6.546480e-01 1.116000e-03 3.442360e-01
452 6.544560e-01 1.096000e-03 3.444480e-01
453 6.543000e-01 1.064000e-03 3.446360e-01
454 6.540760e-01 1.112000e-03 3.448120e-01
455 6.537880e-01 1.196000e-03 3.450160e-01
456 6.535560e-01 1.224000e-03 3.452200e-01
457 6.534000e-01 1.104000e-03 3.454960e-01
458 6.532160e-01 1.092000e-03 3.456920e-01
459 6.529600e-01 1.148000e-03 3.458920e-01
460 6.526840e-01 1.196000e-03 3.461200e-01
461 6.523960e-01 1.264000e-03 3.463400e-01
462 6.521840e-01 1.232000e-03 3.465840e-01
463 6.520080e-01 1.204000e-03 3.467880e-01
464 6.518360e-01 1.184000e-03 3.469800e-01
465 6.516200e-01 1.164000e-03 3.472160e-01
466 6.513920e-01 1.204000e-03 3.474040e-01
467 6.511360e-01 1.296000e-03 3.475680e-01
468 6.509080e-01 1.316000e-03 3.477760e-01
469 6.507280e-01 1.268000e-03 3.480040e-01
470 6.505320e-01 1.272000e-03 3.481960e-01
471 6.502800e-01 1.304000e-03 3.484160e-01
472 6.500360e-01 1.304000e-03 3.486600e-01
473 6.497960e-01 1.356000e-03 3.488480e-01
474 6.496000e-01 1.328000e-03 3.490720e-01
475 6.494480e-01 1.276000e-03 3.492760e-01
476 6.492520e-01 1.268000e-03 3.494800e-01
477 6.490400e-01 1.236000e-03 3.497240e-01
478 6.488480e-01 1.232000e-03 3.499200e-01
479 6.486520e-01 1.248000e-03 3.501000e-01
480 6.483960e-01 1.292000e-03 3.503120e-01
481 6.481600e-01 1.304000e-03 3.505360e-01
482 6.479640e-01 1.272000e-03 3.507640e-01
483 6.477640e-01 1.284000e-03 3.509520e-01
484 6.475120e-01 1.284000e-03 3.512040e-01
485 6.472840e-01 1.316000e-03 3.514000e-01
486 6.470920e-01 1.268000e-03 3.516400e-01
487 6.468960e-01 1.220000e-03 3.518840e-01
488 6.467200e-01 1.200000e-03 3.520800e-01
489 6.465600e-01 1.044000e-03 3.523960e-01
490 6.463640e-01 1.064000e-03 3.525720e-01
491 6.461280e-01 1.104000e-03 3.527680e-01
492 6.459320e-01 1.048000e-03 3.530200e-01
493 6.457240e-01 1.020000e-03 3.532560e-01
494 6.455440e-01 1.004000e-03 3.534520e-01
495 6.453160e-01 1.020000e-03 3.536640e-01
496 6.451440e-01 1.028000e-03 3.538280e-01
497 6.450040e-01 9.640000e-04 3.540320e-01
498 6.448520e-01 9.280000e-04 3.542200e-01
499 6.447160e-01 8.680000e-04 3.544160e-01
500 6.445400e-01 8.840000e-04 3.545760e-01
