1 9.991520e-01 7.640000e-04 8.400000e-05
2 9.986200e-01 1.160000e-03 2.200000e-04
3 9.979080e-01 1.620000e-03 4.720000e-04
4 9.971040e-01 2.120000e-03 7.760000e-04
5 9.961560e-01 2.660000e-03 1.184000e-03
6 9.950600e-01 3.256000e-03 1.684000e-03
7 9.940120e-01 3.608000e-03 2.380000e-03
8 9.930320e-01 3.916000e-03 3.052000e-03
9 9.919360e-01 4.368000e-03 3.696000e-03
10 9.909640e-01 4.512000e-03 4.524000e-03
11 9.899200e-01 4.708000e-03 5.372000e-03
12 9.889560e-01 4.964000e-03 6.080000e-03
13 9.878880e-01 5.100000e-03 7.012000e-03
14 9.867720e-01 5.364000e-03 7.864000e-03
15 9.856080e-01 5.588000e-03 8.804000e-03
16 9.845480e-01 5.584000e-03 9.868000e-03
17 9.833040e-01 5.828000e-03 1.086800e-02
18 9.820360e-01 5.968000e-03 1.199600e-02
19 9.808160e-01 6.052000e-03 1.313200e-02
20 9.796160e-01 6.088000e-03 1.429600e-02
21 9.783880e-01 6.220000e-03 1.539200e-02
22 9.770040e-01 6.432000e-03 1.656400e-02
23 9.756360e-01 6.624000e-03 1.774000e-02
24 9.743680e-01 6.716000e-03 1.891600e-02
25 9.729720e-01 6.864000e-03 2.016400e-02
26 9.716840e-01 6.904000e-03 2.141200e-02
27 9.702640e-01 7.148000e-03 2.258800e-02
28 9.689840e-01 7.088000e-03 2.392800e-02
29 9.674360e-01 7.416000e-03 2.514800e-02
30 9.657920e-01 7.768000e-03 2.644000e-02
31 9.644080e-01 7.808000e-03 2.778400e-02
32 9.628800e-01 7.876000e-03 2.924400e-02
33 9.613240e-01 8.060000e-03 3.061600e-02
34 9.598760e-01 8.132000e-03 3.199200e-02
35 9.584120e-01 8.028000e-03 3.356000e-02
36 9.570840e-01 7.952000e-03 3.496400e-02
37 9.555720e-01 8.144000e-03 3.628400e-02
38 9.540600e-01 8.144000e-03 3.779600e-02
39 9.526760e-01 8.264000e-03 3.906000e-02
40 9.508760e-01 8.652000e-03 4.047200e-02
41 9.491720e-01 8.856000e-03 4.197200e-02
42 9.475720e-01 8.816000e-03 4.361200e-02
43 9.460560e-01 8.804000e-03 4.514000e-02
44 9.447040e-01 8.640000e-03 4.665600e-02
45 9.432920e-01 8.428000e-03 4.828000e-02
46 9.418320e-01 8.496000e-03 4.967200e-02
47 9.403400e-01 8.376000e-03 5.128400e-02
48 9.386240e-01 8.616000e-03 5.276000e-02
49 9.372920e-01 8.372000e-03 5.433600e-02
50 9.360040e-01 8.092000e-03 5.590400e-02
51 9.347080e-01 8.156000e-03 5.713600e-02
52 9.333680e-01 8.092000e-03 5.854000e-02
53 9.321400e-01 7.944000e-03 5.991600e-02
54 9.306800e-01 7.896000e-03 6.142400e-02
55 9.294960e-01 7.804000e-03 6.270000e-02
56 9.280440e-01 7.856000e-03 6.410000e-02
57 9.266920e-01 7.700000e-03 6.560800e-02
58 9.253720e-01 7.676000e-03 6.695200e-02
59 9.241960e-01 7.564000e-03 6.824000e-02
60 9.228840e-01 7.504000e-03 6.961200e-02
61 9.214800e-01 7.564000e-03 7.095600e-02
62 9.201760e-01 7.492000e-03 7.233200e-02
63 9.189840e-01 7.340000e-03 7.367600e-02
64 9.176760e-01 7.336000e-03 7.498800e-02
65 9.164640e-01 7.244000e-03 7.629200e-02
66 9.151120e-01 7.232000e-03 7.765600e-02
67 9.137000e-01 7.344000e-03 7.895600e-02
68 9.122200e-01 7.500000e-03 8.028000e-02
69 9.106680e-01 7.744000e-03 8.158800e-02
70 9.092320e-01 7.864000e-03 8.290400e-02
71 9.076680e-01 8.120000e-03 8.421200e-02
72 9.060720e-01 8.312000e-03 8.561600e-02
73 9.045240e-01 8.400000e-03 8.707600e-02
74 9.031440e-01 8.236000e-03 8.862000e-02
75 9.015720e-01 8.284000e-03 9.014400e-02
76 9.002400e-01 8.188000e-03 9.157200e-02
77 8.987080e-01 8.344000e-03 9.294800e-02
78 8.972840e-01 8.264000e-03 9.445200e-02
79 8.960480e-01 8.092000e-03 9.586000e-02
80 8.946960e-01 8.124000e-03 9.718000e-02
81 8.934280e-01 8.032000e-03 9.854000e-02
82 8.921200e-01 8.024000e-03 9.985600e-02
83 8.907720e-01 7.936000e-03 1.012920e-01
84 8.894240e-01 7.928000e-03 1.026480e-01
85 8.881320e-01 7.832000e-03 1.040360e-01
86 8.869080e-01 7.716000e-03 1.053760e-01
87 8.857480e-01 7.612000e-03 1.066400e-01
88 8.844560e-01 7.564000e-03 1.079800e-01
89 8.831560e-01 7.580000e-03 1.092640e-01
90 8.818760e-01 7.560000e-03 1.105640e-01
91 8.806720e-01 7.436000e-03 1.118920e-01
92 8.792040e-01 7.532000e-03 1.132640e-01
93 8.780160e-01 7.396000e-03 1.145880e-01
94 8.768160e-01 7.328000e-03 1.158560e-01
95 8.755840e-01 7.224000e-03 1.171920e-01
96 8.744680e-01 7.196000e-03 1.183360e-01
97 8.731440e-01 7.204000e-03 1.196520e-01
98 8.718680e-01 7.212000e-03 1.209200e-01
99 8.707280e-01 7.160000e-03 1.221120e-01
100 8.694640e-01 7.140000e-03 1.233960e-01
101 8.682760e-01 7.124000e-03 1.246000e-01
102 8.670600e-01 6.996000e-03 1.259440e-01
103 8.657800e-01 7.080000e-03 1.271400e-01
104 8.645480e-01 7.140000e-03 1.283120e-01
105 8.632880e-01 7.208000e-03 1.295040e-01
106 8.618000e-01 7.420000e-03 1.307800e-01
107 8.604080e-01 7.532000e-03 1.320600e-01
108 8.589840e-01 7.724000e-03 1.332920e-01
109 8.576280e-01 7.748000e-03 1.346240e-01
110 8.562080e-01 7.768000e-03 1.360240e-01
111 8.548600e-01 7.824000e-03 1.373160e-01
112 8.534640e-01 7.848000e-03 1.386880e-01
113 8.520360e-01 7.920000e-03 1.400440e-01
114 8.506240e-01 8.040000e-03 1.413360e-01
115 8.492000e-01 8.000000e-03 1.428000e-01
116 8.478040e-01 8.024000e-03 1.441720e-01
117 8.464720e-01 7.924000e-03 1.456040e-01
118 8.450920e-01 8.080000e-03 1.468280e-01
119 8.437440e-01 8.044000e-03 1.482120e-01
120 8.422120e-01 8.168000e-03 1.496200e-01
121 8.407200e-01 8.232000e-03 1.510480e-01
122 8.391320e-01 8.440000e-03 1.524280e-01
123 8.375160e-01 8.488000e-03 1.539960e-01
124 8.360120e-01 8.560000e-03 1.554280e-01
125 8.347200e-01 8.272000e-03 1.570080e-01
126 8.332840e-01 8.272000e-03 1.584440e-01
127 8.319960e-01 8.252000e-03 1.597520e-01
128 8.303680e-01 8.424000e-03 1.612080e-01
129 8.287920e-01 8.516000e-03 1.626920e-01
130 8.272680e-01 8.640000e-03 1.640920e-01
131 8.256840e-01 8.832000e-03 1.654840e-01
132 8.240760e-01 8.916000e-03 1.670080e-01
133 8.224120e-01 8.944000e-03 1.686440e-01
134 8.208520e-01 8.912000e-03 1.702360e-01
135 8.192240e-01 8.976000e-03 1.718000e-01
136 8.176240e-01 9.068000e-03 1.733080e-01
137 8.161680e-01 9.008000e-03 1.748240e-01
138 8.144840e-01 9.148000e-03 1.763680e-01
139 8.128560e-01 9.172000e-03 1.779720e-01
140 8.113760e-01 9.032000e-03 1.795920e-01
141 8.100720e-01 8.752000e-03 1.811760e-01
142 8.087400e-01 8.480000e-03 1.827800e-01
143 8.073120e-01 8.496000e-03 1.841920e-01
144 8.058640e-01 8.608000e-03 1.855280e-01
145 8.044200e-01 8.644000e-03 1.869360e-01
146 8.029880e-01 8.640000e-03 1.883720e-01
147 8.014480e-01 8.676000e-03 1.898760e-01
148 7.999960e-01 8.632000e-03 1.913720e-01
149 7.985880e-01 8.552000e-03 1.928600e-01
150 7.972840e-01 8.384000e-03 1.943320e-01
151 7.959880e-01 8.172000e-03 1.958400e-01
152 7.946240e-01 8.108000e-03 1.972680e-01
153 7.932840e-01 8.060000e-03 1.986560e-01
154 7.919440e-01 8.024000e-03 2.000320e-01
155 7.906680e-01 8.000000e-03 2.013320e-01
156 7.893000e-01 7.892000e-03 2.028080e-01
157 7.880280e-01 7.724000e-03 2.042480e-01
158 7.868720e-01 7.492000e-03 2.056360e-01
159 7.855400e-01 7.520000e-03 2.069400e-01
160 7.843200e-01 7.368000e-03 2.083120e-01
161 7.830240e-01 7.420000e-03 2.095560e-01
162 7.817640e-01 7.440000e-03 2.107960e-01
163 7.803920e-01 7.440000e-03 2.121680e-01
164 7.790760e-01 7.496000e-03 2.134280e-01
165 7.777920e-01 7.396000e-03 2.148120e-01
166 7.765760e-01 7.244000e-03 2.161800e-01
167 7.752320e-01 7.492000e-03 2.172760e-01
168 7.739160e-01 7.396000e-03 2.186880e-01
169 7.726240e-01 7.360000e-03 2.200160e-01
170 7.712800e-01 7.440000e-03 2.212800e-01
171 7.699000e-01 7.568000e-03 2.225320e-01
172 7.686240e-01 7.440000e-03 2.239360e-01
173 7.674560e-01 7.380000e-03 2.251640e-01
174 7.661840e-01 7.352000e-03 2.264640e-01
175 7.649480e-01 7.248000e-03 2.278040e-01
176 7.637800e-01 7.116000e-03 2.291040e-01
177 7.626480e-01 6.984000e-03 2.303680e-01
178 7.615280e-01 6.812000e-03 2.316600e-01
179 7.604600e-01 6.792000e-03 2.327480e-01
180 7.593000e-01 6.736000e-03 2.339640e-01
181 7.581280e-01 6.672000e-03 2.352000e-01
182 7.570040e-01 6.632000e-03 2.363640e-01
183 7.559800e-01 6.460000e-03 2.375600e-01
184 7.549400e-01 6.384000e-03 2.386760e-01
185 7.538400e-01 6.428000e-03 2.397320e-01
186 7.528360e-01 6.280000e-03 2.408840e-01
187 7.518040e-01 6.180000e-03 2.420160e-01
188 7.509080e-01 5.960000e-03 2.431320e-01
189 7.499600e-01 5.892000e-03 2.441480e-01
190 7.490440e-01 5.844000e-03 2.451120e-01
191 7.480040e-01 5.932000e-03 2.460640e-01
192 7.470600e-01 5.732000e-03 2.472080e-01
193 7.461800e-01 5.632000e-03 2.481880e-01
194 7.453040e-01 5.484000e-03 2.492120e-01
195 7.443640e-01 5.560000e-03 2.500760e-01
196 7.433960e-01 5.616000e-03 2.509880e-01
197 7.422240e-01 5.788000e-03 2.519880e-01
198 7.411840e-01 5.812000e-03 2.530040e-01
199 7.400440e-01 6.016000e-03 2.539400e-01
200 7.389320e-01 6.132000e-03 2.549360e-01
201 7.379480e-01 6.084000e-03 2.559680e-01
202 7.369720e-01 6.036000e-03 2.569920e-01
203 7.359680e-01 5.904000e-03 2.581280e-01
204 7.348760e-01 5.956000e-03 2.591680e-01
205 7.338800e-01 5.908000e-03 2.602120e-01
206 7.329040e-01 5.856000e-03 2.612400e-01
207 7.318720e-01 5.868000e-03 2.622600e-01
208 7.309840e-01 5.692000e-03 2.633240e-01
209 7.299200e-01 5.660000e-03 2.644200e-01
210 7.289400e-01 5.696000e-03 2.653640e-01
211 7.280400e-01 5.608000e-03 2.663520e-01
212 7.270480e-01 5.600000e-03 2.673520e-01
213 7.261280e-01 5.464000e-03 2.684080e-01
214 7.252760e-01 5.272000e-03 2.694520e-01
215 7.244880e-01 5.076000e-03 2.704360e-01
216 7.236840e-01 5.024000e-03 2.712920e-01
217 7.228680e-01 5.048000e-03 2.720840e-01
218 7.220680e-01 4.920000e-03 2.730120e-01
219 7.211600e-01 5.016000e-03 2.738240e-01
220 7.202720e-01 5.000000e-03 2.747280e-01
221 7.193560e-01 5.100000e-03 2.755440e-01
222 7.185200e-01 5.016000e-03 2.764640e-01
223 7.175880e-01 5.068000e-03 2.773440e-01
224 7.167760e-01 4.984000e-03 2.782400e-01
225 7.158600e-01 5.032000e-03 2.791080e-01
226 7.150160e-01 4.956000e-03 2.800280e-01
227 7.142080e-01 4.916000e-03 2.808760e-01
228 7.132560e-01 5.016000e-03 2.817280e-01
229 7.123560e-01 5.052000e-03 2.825920e-01
230 7.114080e-01 5.096000e-03 2.834960e-01
231 7.105520e-01 5.076000e-03 2.843720e-01
232 7.096680e-01 5.052000e-03 2.852800e-01
233 7.087840e-01 5.060000e-03 2.861560e-01
234 7.078200e-01 5.208000e-03 2.869720e-01
235 7.068800e-01 5.236000e-03 2.878840e-01
236 7.059840e-01 5.240000e-03 2.887760e-01
237 7.050600e-01 5.272000e-03 2.896680e-01
238 7.040680e-01 5.344000e-03 2.905880e-01
239 7.031240e-01 5.488000e-03 2.913880e-01
240 7.021360e-01 5.596000e-03 2.922680e-01
241 7.012600e-01 5.532000e-03 2.932080e-01
242 7.003320e-01 5.504000e-03 2.941640e-01
243 6.993640e-01 5.560000e-03 2.950760e-01
244 6.983400e-01 5.692000e-03 2.959680e-01
245 6.972480e-01 5.784000e-03 2.969680e-01
246 6.961880e-01 5.868000e-03 2.979440e-01
247 6.951520e-01 5.880000e-03 2.989680e-01
248 6.940720e-01 5.900000e-03 3.000280e-01
249 6.931720e-01 5.772000e-03 3.010560e-01
250 6.920280e-01 5.892000e-03 3.020800e-01
251 6.910080e-01 5.828000e-03 3.031640e-01
252 6.900560e-01 5.804000e-03 3.041400e-01
253 6.890240e-01 5.716000e-03 3.052600e-01
254 6.879480e-01 5.708000e-03 3.063440e-01
255 6.869000e-01 5.824000e-03 3.072760e-01
256 6.859040e-01 5.800000e-03 3.082960e-01
257 6.848360e-01 5.940000e-03 3.092240e-01
258 6.837200e-01 5.952000e-03 3.103280e-01
259 6.826520e-01 5.960000e-03 3.113880e-01
260 6.816320e-01 5.884000e-03 3.124840e-01
261 6.805640e-01 5.960000e-03 3.134760e-01
262 6.795960e-01 5.896000e-03 3.145080e-01
263 6.786200e-01 5.820000e-03 3.155600e-01
264 6.776480e-01 5.892000e-03 3.164600e-01
265 6.766000e-01 5.908000e-03 3.174920e-01
266 6.756720e-01 5.820000e-03 3.185080e-01
267 6.746960e-01 5.936000e-03 3.193680e-01
268 6.736600e-01 5.976000e-03 3.203640e-01
269 6.726800e-01 6.040000e-03 3.212800e-01
270 6.716120e-01 5.988000e-03 3.224000e-01
271 6.705800e-01 5.912000e-03 3.235080e-01
272 6.696600e-01 5.716000e-03 3.246240e-01
273 6.687760e-01 5.652000e-03 3.255720e-01
274 6.678040e-01 5.732000e-03 3.264640e-01
275 6.668480e-01 5.692000e-03 3.274600e-01
276 6.658680e-01 5.692000e-03 3.284400e-01
277 6.648920e-01 5.632000e-03 3.294760e-01
278 6.640560e-01 5.512000e-03 3.304320e-01
279 6.632280e-01 5.336000e-03 3.314360e-01
280 6.623360e-01 5.284000e-03 3.323800e-01
281 6.615320e-01 5.176000e-03 3.332920e-01
282 6.608480e-01 4.964000e-03 3.341880e-01
283 6.600080e-01 4.872000e-03 3.351200e-01
284 6.590720e-01 4.972000e-03 3.359560e-01
285 6.582800e-01 4.932000e-03 3.367880e-01
286 6.574040e-01 4.900000e-03 3.376960e-01
287 6.565360e-01 4.888000e-03 3.385760e-01
288 6.557400e-01 4.852000e-03 3.394080e-01
289 6.549280e-01 4.700000e-03 3.403720e-01
290 6.541680e-01 4.620000e-03 3.412120e-01
291 6.533480e-01 4.580000e-03 3.420720e-01
292 6.526440e-01 4.452000e-03 3.429040e-01
293 6.518480e-01 4.400000e-03 3.437520e-01
294 6.512240e-01 4.140000e-03 3.446360e-01
295 6.504600e-01 4.212000e-03 3.453280e-01
296 6.497440e-01 4.284000e-03 3.459720e-01
297 6.490720e-01 4.204000e-03 3.467240e-01
298 6.484040e-01 4.152000e-03 3.474440e-01
299 6.477160e-01 4.084000e-03 3.482000e-01
300 6.470840e-01 4.036000e-03 3.488800e-01
301 6.463880e-01 4.048000e-03 3.495640e-01
302 6.456360e-01 4.016000e-03 3.503480e-01
303 6.449720e-01 3.948000e-03 3.510800e-01
304 6.442080e-01 4.044000e-03 3.517480e-01
305 6.435280e-01 3.936000e-03 3.525360e-01
306 6.428920e-01 3.932000e-03 3.531760e-01
307 6.422720e-01 3.920000e-03 3.538080e-01
308 6.415800e-01 3.912000e-03 3.545080e-01
309 6.408440e-01 3.976000e-03 3.551800e-01
310 6.401320e-01 3.964000e-03 3.559040e-01
311 6.395320e-01 3.844000e-03 3.566240e-01
312 6.389480e-01 3.684000e-03 3.573680e-01
313 6.384400e-01 3.428000e-03 3.581320e-01
314 6.378480e-01 3.420000e-03 3.587320e-01
315 6.372200e-01 3.476000e-03 3.593040e-01
316 6.366440e-01 3.392000e-03 3.599640e-01
317 6.360680e-01 3.320000e-03 3.606120e-01
318 6.354240e-01 3.376000e-03 3.612000e-01
319 6.348360e-01 3.368000e-03 3.617960e-01
320 6.342480e-01 3.364000e-03 3.623880e-01
321 6.336960e-01 3.316000e-03 3.629880e-01
322 6.332280e-01 3.228000e-03 3.635440e-01
323 6.326920e-01 3.196000e-03 3.641120e-01
324 6.319960e-01 3.380000e-03 3.646240e-01
325 6.315280e-01 3.264000e-03 3.652080e-01
326 6.310680e-01 3.100000e-03 3.658320e-01
327 6.305640e-01 3.064000e-03 3.663720e-01
328 6.301360e-01 2.880000e-03 3.669840e-01
329 6.297040e-01 2.840000e-03 3.674560e-01
330 6.292520e-01 2.796000e-03 3.679520e-01
331 6.288480e-01 2.736000e-03 3.684160e-01
332 6.284600e-01 2.652000e-03 3.688880e-01
333 6.280960e-01 2.548000e-03 3.693560e-01
334 6.276360e-01 2.520000e-03 3.698440e-01
335 6.271880e-01 2.552000e-03 3.702600e-01
336 6.268080e-01 2.520000e-03 3.706720e-01
337 6.263360e-01 2.608000e-03 3.710560e-01
338 6.258560e-01 2.684000e-03 3.714600e-01
339 6.254440e-01 2.688000e-03 3.718680e-01
340 6.249680e-01 2.652000e-03 3.723800e-01
341 6.245720e-01 2.676000e-03 3.727520e-01
342 6.241000e-01 2.692000e-03 3.732080e-01
343 6.236840e-01 2.672000e-03 3.736440e-01
344 6.232440e-01 2.652000e-03 3.741040e-01
345 6.227440e-01 2.724000e-03 3.745320e-01
346 6.222680e-01 2.756000e-03 3.749760e-01
347 6.218680e-01 2.564000e-03 3.755680e-01
348 6.214320e-01 2.548000e-03 3.760200e-01
349 6.209120e-01 2.628000e-03 3.764600e-01
350 6.204400e-01 2.564000e-03 3.769960e-01
351 6.199720e-01 2.548000e-03 3.774800e-01
352 6.194880e-01 2.584000e-03 3.779280e-01
353 6.190920e-01 2.560000e-03 3.783480e-01
354 6.186560e-01 2.588000e-03 3.787560e-01
355 6.181800e-01 2.604000e-03 3.792160e-01
356 6.176800e-01 2.648000e-03 3.796720e-01
357 6.171920e-01 2.676000e-03 3.801320e-01
358 6.167440e-01 2.604000e-03 3.806520e-01
359 6.163720e-01 2.500000e-03 3.811280e-01
360 6.159160e-01 2.588000e-03 3.814960e-01
361 6.154440e-01 2.564000e-03 3.819920e-01
362 6.150600e-01 2.520000e-03 3.824200e-01
363 6.146160e-01 2.448000e-03 3.829360e-01
364 6.141600e-01 2.400000e-03 3.834400e-01
365 6.138040e-01 2.328000e-03 3.838680e-01
366 6.134080e-01 2.296000e-03 3.842960e-01
367 6.130280e-01 2.296000e-03 3.846760e-01
368 6.126280e-01 2.320000e-03 3.850520e-01
369 6.122280e-01 2.272000e-03 3.855000e-01
370 6.118760e-01 2.236000e-03 3.858880e-01
371 6.114320e-01 2.328000e-03 3.862400e-01
372 6.111640e-01 2.200000e-03 3.866360e-01
373 6.108480e-01 2.120000e-03 3.870320e-01
374 6.105360e-01 2.068000e-03 3.873960e-01
375 6.102520e-01 1.980000e-03 3.877680e-01
376 6.098320e-01 2.000000e-03 3.881680e-01
377 6.095120e-01 1.936000e-03 3.885520e-01
378 6.091160e-01 2.020000e-03 3.888640e-01
379 6.086800e-01 2.032000e-03 3.892880e-01
380 6.082840e-01 2.096000e-03 3.896200e-01
381 6.078560e-01 2.132000e-03 3.900120e-01
382 6.074280e-01 2.180000e-03 3.903920e-01
383 6.070760e-01 2.180000e-03 3.907440e-01
384 6.067200e-01 2.144000e-03 3.911360e-01
385 6.063840e-01 2.072000e-03 3.915440e-01
386 6.060800e-01 1.968000e-03 3.919520e-01
387 6.058280e-01 1.884000e-03 3.922880e-01
388 6.055080e-01 1.876000e-03 3.926160e-01
389 6.051400e-01 1.920000e-03 3.929400e-01
390 6.048360e-01 1.956000e-03 3.932080e-01
391 6.044840e-01 2.012000e-03 3.935040e-01
392 6.042280e-01 1.896000e-03 3.938760e-01
393 6.039320e-01 1.868000e-03 3.942000e-01
394 6.036400e-01 1.824000e-03 3.945360e-01
395 6.032720e-01 1.888000e-03 3.948400e-01
396 6.029200e-01 1.920000e-03 3.951600e-01
397 6.025560e-01 1.956000e-03 3.954880e-01
398 6.021920e-01 2.008000e-03 3.958000e-01
399 6.017800e-01 2.088000e-03 3.961320e-01
400 6.014280e-01 1.976000e-03 3.965960e-01
401 6.010880e-01 1.968000e-03 3.969440e-01
402 6.006720e-01 2.040000e-03 3.972880e-01
403 6.003800e-01 2.000000e-03 3.976200e-01
404 6.000040e-01 2.020000e-03 3.979760e-01
405 5.997240e-01 1.972000e-03 3.983040e-01
406 5.993120e-01 2.064000e-03 3.986240e-01
407 5.989440e-01 2.068000e-03 3.989880e-01
408 5.986080e-01 2.044000e-03 3.993480e-01
409 5.982560e-01 2.024000e-03 3.997200e-01
410 5.979320e-01 2.012000e-03 4.000560e-01
411 5.976200e-01 1.916000e-03 4.004640e-01
412 5.972600e-01 1.892000e-03 4.008480e-01
413 5.969120e-01 1.956000e-03 4.011320e-01
414 5.966160e-01 1.924000e-03 4.014600e-01
415 5.962560e-01 1.916000e-03 4.018280e-01
416 5.959640e-01 1.884000e-03 4.021520e-01
417 5.957240e-01 1.772000e-03 4.025040e-01
418 5.954720e-01 1.748000e-03 4.027800e-01
419 5.951840e-01 1.732000e-03 4.030840e-01
420 5.947840e-01 1.816000e-03 4.034000e-01
421 5.943960e-01 1.888000e-03 4.037160e-01
422 5.941000e-01 1.844000e-03 4.040560e-01
423 5.937320e-01 1.900000e-03 4.043680e-01
424 5.932920e-01 1.980000e-03 4.047280e-01
425 5.929680e-01 1.960000e-03 4.050720e-01
426 5.926840e-01 1.888000e-03 4.054280e-01
427 5.923080e-01 1.936000e-03 4.057560e-01
428 5.919120e-01 1.996000e-03 4.060920e-01
429 5.915440e-01 2.008000e-03 4.064480e-01
430 5.911320e-01 2.144000e-03 4.067240e-01
431 5.907360e-01 2.212000e-03 4.070520e-01
432 5.903560e-01 2.236000e-03 4.074080e-01
433 5.898720e-01 2.400000e-03 4.077280e-01
434 5.893480e-01 2.508000e-03 4.081440e-01
435 5.889120e-01 2.508000e-03 4.085800e-01
436 5.885240e-01 2.372000e-03 4.091040e-01
437 5.881280e-01 2.412000e-03 4.094600e-01
438 5.877360e-01 2.464000e-03 4.098000e-01
439 5.872960e-01 2.444000e-03 4.102600e-01
440 5.869440e-01 2.360000e-03 4.106960e-01
441 5.865880e-01 2.344000e-03 4.110680e-01
442 5.862040e-01 2.332000e-03 4.114640e-01
443 5.857720e-01 2.372000e-03 4.118560e-01
444 5.854000e-01 2.324000e-03 4.122760e-01
445 5.850360e-01 2.220000e-03 4.127440e-01
446 5.846600e-01 2.180000e-03 4.131600e-01
447 5.843960e-01 2.036000e-03 4.135680e-01
448 5.841240e-01 1.992000e-03 4.138840e-01
449 5.838840e-01 1.900000e-03 4.142160e-01
450 5.836120e-01 1.852000e-03 4.145360e-01
451 5.833280e-01 1.888000e-03 4.147840e-01
452 5.831120e-01 1.744000e-03 4.151440e-01
453 5.828560e-01 1.712000e-03 4.154320e-01
454 5.826200e-01 1.644000e-03 4.157360e-01
455 5.823840e-01 1.588000e-03 4.160280e-01
456 5.821040e-01 1.668000e-03 4.162280e-01
457 5.818480e-01 1.644000e-03 4.165080e-01
458 5.815800e-01 1.704000e-03 4.167160e-01
459 5.813440e-01 1.636000e-03 4.170200e-01
460 5.810520e-01 1.596000e-03 4.173520e-01
461 5.808400e-01 1.552000e-03 4.176080e-01
462 5.806600e-01 1.472000e-03 4.178680e-01
463 5.805000e-01 1.376000e-03 4.181240e-01
464 5.803040e-01 1.328000e-03 4.183680e-01
465 5.800680e-01 1.356000e-03 4.185760e-01
466 5.797240e-01 1.516000e-03 4.187600e-01
467 5.794080e-01 1.588000e-03 4.190040e-01
468 5.791640e-01 1.576000e-03 4.192600e-01
469 5.789240e-01 1.580000e-03 4.194960e-01
470 5.786200e-01 1.608000e-03 4.197720e-01
471 5.783680e-01 1.612000e-03 4.200200e-01
472 5.780880e-01 1.680000e-03 4.202320e-01
473 5.778080e-01 1.612000e-03 4.205800e-01
474 5.775760e-01 1.532000e-03 4.208920e-01
475 5.773120e-01 1.488000e-03 4.212000e-01
476 5.771240e-01 1.420000e-03 4.214560e-01
477 5.769320e-01 1.368000e-03 4.217000e-01
478 5.767240e-01 1.368000e-03 4.219080e-01
479 5.765000e-01 1.384000e-03 4.221160e-01
480 5.762640e-01 1.412000e-03 4.223240e-01
481 5.760240e-01 1.368000e-03 4.226080e-01
482 5.757360e-01 1.400000e-03 4.228640e-01
483 5.754800e-01 1.396000e-03 4.231240e-01
484 5.752720e-01 1.376000e-03 4.233520e-01
485 5.750880e-01 1.308000e-03 4.236040e-01
486 5.748880e-01 1.248000e-03 4.238640e-01
487 5.746880e-01 1.176000e-03 4.241360e-01
488 5.744760e-01 1.204000e-03 4.243200e-01
489 5.743120e-01 1.128000e-03 4.245600e-01
490 5.741080e-01 1.116000e-03 4.247760e-01
491 5.738960e-01 1.164000e-03 4.249400e-01
492 5.736960e-01 1.168000e-03 4.251360e-01
493 5.735440e-01 1.096000e-03 4.253600e-01
494 5.733480e-01 1.112000e-03 4.255400e-01
495 5.731320e-01 1.124000e-03 4.257440e-01
496 5.729480e-01 1.068000e-03 4.259840e-01
497 5.727240e-01 1.076000e-03 4.262000e-01
498 5.725960e-01 1.012000e-03 4.263920e-01
499 5.724360e-01 1.052000e-03 4.265120e-01
500 5.722440e-01 1.080000e-03 4.266760e-01
