1 9.992680e-01 6.360000e-04 9.600000e-05
2 9.988320e-01 9.080000e-04 2.600000e-04
3 9.982120e-01 1.312000e-03 4.760000e-04
4 9.975560e-01 1.728000e-03 7.160000e-04
5 9.968200e-01 2.196000e-03 9.840000e-04
6 9.958440e-01 2.756000e-03 1.400000e-03
7 9.949120e-01 3.228000e-03 1.860000e-03
8 9.938760e-01 3.708000e-03 2.416000e-03
9 9.929760e-01 4.008000e-03 3.016000e-03
10 9.918240e-01 4.400000e-03 3.776000e-03
11 9.908640e-01 4.544000e-03 4.592000e-03
12 9.898280e-01 4.800000e-03 5.372000e-03
13 9.889080e-01 4.856000e-03 6.236000e-03
14 9.878480e-01 5.076000e-03 7.076000e-03
15 9.867840e-01 5.212000e-03 8.004000e-03
16 9.856800e-01 5.440000e-03 8.880000e-03
17 9.845680e-01 5.620000e-03 9.812000e-03
18 9.834360e-01 5.680000e-03 1.088400e-02
19 9.823120e-01 5.748000e-03 1.194000e-02
20 9.811480e-01 5.932000e-03 1.292000e-02
21 9.799600e-01 6.156000e-03 1.388400e-02
22 9.788560e-01 6.104000e-03 1.504000e-02
23 9.777960e-01 6.084000e-03 1.612000e-02
24 9.767360e-01 6.152000e-03 1.711200e-02
25 9.756440e-01 6.192000e-03 1.816400e-02
26 9.745200e-01 6.096000e-03 1.938400e-02
27 9.732160e-01 6.380000e-03 2.040400e-02
28 9.717280e-01 6.832000e-03 2.144000e-02
29 9.704320e-01 6.852000e-03 2.271600e-02
30 9.690920e-01 7.032000e-03 2.387600e-02
31 9.678880e-01 7.132000e-03 2.498000e-02
32 9.665880e-01 7.168000e-03 2.624400e-02
33 9.653880e-01 7.128000e-03 2.748400e-02
34 9.641280e-01 7.200000e-03 2.867200e-02
35 9.627640e-01 7.412000e-03 2.982400e-02
36 9.615120e-01 7.340000e-03 3.114800e-02
37 9.601680e-01 7.348000e-03 3.248400e-02
38 9.588280e-01 7.400000e-03 3.377200e-02
39 9.574680e-01 7.480000e-03 3.505200e-02
40 9.559960e-01 7.644000e-03 3.636000e-02
41 9.546080e-01 7.768000e-03 3.762400e-02
42 9.530040e-01 7.960000e-03 3.903600e-02
43 9.514560e-01 8.020000e-03 4.052400e-02
44 9.499680e-01 8.192000e-03 4.184000e-02
45 9.483960e-01 8.452000e-03 4.315200e-02
46 9.466800e-01 8.656000e-03 4.466400e-02
47 9.450440e-01 8.740000e-03 4.621600e-02
48 9.437120e-01 8.516000e-03 4.777200e-02
49 9.422960e-01 8.380000e-03 4.932400e-02
50 9.409160e-01 8.324000e-03 5.076000e-02
51 9.394320e-01 8.208000e-03 5.236000e-02
52 9.381840e-01 8.068000e-03 5.374800e-02
53 9.368960e-01 7.904000e-03 5.520000e-02
54 9.356280e-01 7.820000e-03 5.655200e-02
55 9.342200e-01 7.784000e-03 5.799600e-02
56 9.327640e-01 8.052000e-03 5.918400e-02
57 9.314480e-01 7.964000e-03 6.058800e-02
58 9.301280e-01 7.888000e-03 6.198400e-02
59 9.287680e-01 7.868000e-03 6.336400e-02
60 9.274160e-01 7.780000e-03 6.480400e-02
61 9.260920e-01 7.768000e-03 6.614000e-02
62 9.248200e-01 7.732000e-03 6.744800e-02
63 9.234440e-01 7.712000e-03 6.884400e-02
64 9.221840e-01 7.520000e-03 7.029600e-02
65 9.209680e-01 7.492000e-03 7.154000e-02
66 9.196320e-01 7.516000e-03 7.285200e-02
67 9.183680e-01 7.532000e-03 7.410000e-02
68 9.170680e-01 7.556000e-03 7.537600e-02
69 9.155640e-01 7.736000e-03 7.670000e-02
70 9.142040e-01 7.644000e-03 7.815200e-02
71 9.128400e-01 7.672000e-03 7.948800e-02
72 9.115120e-01 7.640000e-03 8.084800e-02
73 9.103240e-01 7.480000e-03 8.219600e-02
74 9.090200e-01 7.376000e-03 8.360400e-02
75 9.078400e-01 7.204000e-03 8.495600e-02
76 9.067000e-01 6.980000e-03 8.632000e-02
77 9.053480e-01 7.128000e-03 8.752400e-02
78 9.042160e-01 7.024000e-03 8.876000e-02
79 9.029880e-01 6.900000e-03 9.011200e-02
80 9.017320e-01 6.892000e-03 9.137600e-02
81 9.006320e-01 6.832000e-03 9.253600e-02
82 8.994000e-01 6.916000e-03 9.368400e-02
83 8.982640e-01 6.812000e-03 9.492400e-02
84 8.970200e-01 6.832000e-03 9.614800e-02
85 8.957400e-01 6.840000e-03 9.742000e-02
86 8.945200e-01 6.900000e-03 9.858000e-02
87 8.931280e-01 7.128000e-03 9.974400e-02
88 8.917760e-01 7.264000e-03 1.009600e-01
89 8.903760e-01 7.480000e-03 1.021440e-01
90 8.890680e-01 7.304000e-03 1.036280e-01
91 8.878560e-01 7.252000e-03 1.048920e-01
92 8.866440e-01 7.208000e-03 1.061480e-01
93 8.853760e-01 7.144000e-03 1.074800e-01
94 8.839680e-01 7.352000e-03 1.086800e-01
95 8.825880e-01 7.408000e-03 1.100040e-01
96 8.813360e-01 7.288000e-03 1.113760e-01
97 8.802040e-01 7.108000e-03 1.126880e-01
98 8.788440e-01 7.156000e-03 1.140000e-01
99 8.776000e-01 7.192000e-03 1.152080e-01
100 8.763200e-01 7.064000e-03 1.166160e-01
101 8.750680e-01 7.128000e-03 1.178040e-01
102 8.737080e-01 7.308000e-03 1.189840e-01
103 8.724000e-01 7.336000e-03 1.202640e-01
104 8.709760e-01 7.412000e-03 1.216120e-01
105 8.696440e-01 7.444000e-03 1.229120e-01
106 8.682560e-01 7.480000e-03 1.242640e-01
107 8.670520e-01 7.368000e-03 1.255800e-01
108 8.656880e-01 7.356000e-03 1.269560e-01
109 8.643920e-01 7.192000e-03 1.284160e-01
110 8.631320e-01 7.348000e-03 1.295200e-01
111 8.618840e-01 7.184000e-03 1.309320e-01
112 8.606600e-01 7.212000e-03 1.321280e-01
113 8.593280e-01 7.204000e-03 1.334680e-01
114 8.581640e-01 7.216000e-03 1.346200e-01
115 8.568560e-01 7.140000e-03 1.360040e-01
116 8.555560e-01 7.184000e-03 1.372600e-01
117 8.542400e-01 7.284000e-03 1.384760e-01
118 8.530440e-01 7.160000e-03 1.397960e-01
119 8.517120e-01 7.280000e-03 1.410080e-01
120 8.504280e-01 7.164000e-03 1.424080e-01
121 8.491960e-01 6.992000e-03 1.438120e-01
122 8.478800e-01 7.016000e-03 1.451040e-01
123 8.465760e-01 7.152000e-03 1.462720e-01
124 8.452120e-01 7.344000e-03 1.474440e-01
125 8.436720e-01 7.556000e-03 1.487720e-01
126 8.422720e-01 7.708000e-03 1.500200e-01
127 8.407360e-01 7.848000e-03 1.514160e-01
128 8.393680e-01 7.816000e-03 1.528160e-01
129 8.378720e-01 7.784000e-03 1.543440e-01
130 8.364880e-01 7.892000e-03 1.556200e-01
131 8.350960e-01 7.876000e-03 1.570280e-01
132 8.337520e-01 7.952000e-03 1.582960e-01
133 8.321760e-01 8.016000e-03 1.598080e-01
134 8.306520e-01 8.128000e-03 1.612200e-01
135 8.291600e-01 8.216000e-03 1.626240e-01
136 8.276960e-01 8.240000e-03 1.640640e-01
137 8.261760e-01 8.352000e-03 1.654720e-01
138 8.246640e-01 8.424000e-03 1.669120e-01
139 8.232200e-01 8.380000e-03 1.684000e-01
140 8.219080e-01 8.172000e-03 1.699200e-01
141 8.206000e-01 8.100000e-03 1.713000e-01
142 8.191840e-01 8.004000e-03 1.728120e-01
143 8.178560e-01 7.872000e-03 1.742720e-01
144 8.165120e-01 7.704000e-03 1.757840e-01
145 8.151280e-01 7.640000e-03 1.772320e-01
146 8.137880e-01 7.532000e-03 1.786800e-01
147 8.123120e-01 7.704000e-03 1.799840e-01
148 8.110000e-01 7.800000e-03 1.812000e-01
149 8.094840e-01 7.940000e-03 1.825760e-01
150 8.080960e-01 7.972000e-03 1.839320e-01
151 8.066760e-01 8.040000e-03 1.852840e-01
152 8.051520e-01 8.212000e-03 1.866360e-01
153 8.036680e-01 8.204000e-03 1.881280e-01
154 8.023360e-01 8.132000e-03 1.895320e-01
155 8.008720e-01 8.068000e-03 1.910600e-01
156 7.996280e-01 7.840000e-03 1.925320e-01
157 7.982400e-01 7.820000e-03 1.939400e-01
158 7.969560e-01 7.736000e-03 1.953080e-01
159 7.956680e-01 7.748000e-03 1.965840e-01
160 7.942000e-01 7.724000e-03 1.980760e-01
161 7.928640e-01 7.788000e-03 1.993480e-01
162 7.915240e-01 7.684000e-03 2.007920e-01
163 7.903600e-01 7.424000e-03 2.022160e-01
164 7.890280e-01 7.464000e-03 2.035080e-01
165 7.879160e-01 7.316000e-03 2.047680e-01
166 7.866520e-01 7.232000e-03 2.061160e-01
167 7.853400e-01 7.236000e-03 2.074240e-01
168 7.841160e-01 7.240000e-03 2.086440e-01
169 7.828320e-01 7.168000e-03 2.100000e-01
170 7.817160e-01 6.992000e-03 2.112920e-01
171 7.805360e-01 7.092000e-03 2.123720e-01
172 7.793640e-01 7.088000e-03 2.135480e-01
173 7.781160e-01 7.116000e-03 2.147680e-01
174 7.768960e-01 7.052000e-03 2.160520e-01
175 7.757040e-01 6.992000e-03 2.173040e-01
176 7.743480e-01 7.156000e-03 2.184960e-01
177 7.730120e-01 7.148000e-03 2.198400e-01
178 7.718800e-01 7.000000e-03 2.211200e-01
179 7.706920e-01 6.864000e-03 2.224440e-01
180 7.696240e-01 6.652000e-03 2.237240e-01
181 7.683880e-01 6.676000e-03 2.249360e-01
182 7.673920e-01 6.500000e-03 2.261080e-01
183 7.662520e-01 6.532000e-03 2.272160e-01
184 7.652040e-01 6.364000e-03 2.284320e-01
185 7.642960e-01 6.280000e-03 2.294240e-01
186 7.633280e-01 6.060000e-03 2.306120e-01
187 7.622960e-01 6.100000e-03 2.316040e-01
188 7.612880e-01 6.092000e-03 2.326200e-01
189 7.602520e-01 5.960000e-03 2.337880e-01
190 7.592440e-01 5.844000e-03 2.349120e-01
191 7.582240e-01 5.804000e-03 2.359720e-01
192 7.572640e-01 5.656000e-03 2.370800e-01
193 7.564040e-01 5.664000e-03 2.379320e-01
194 7.554880e-01 5.572000e-03 2.389400e-01
195 7.546760e-01 5.384000e-03 2.399400e-01
196 7.538080e-01 5.420000e-03 2.407720e-01
197 7.529240e-01 5.352000e-03 2.417240e-01
198 7.520080e-01 5.392000e-03 2.426000e-01
199 7.511440e-01 5.244000e-03 2.436120e-01
200 7.501920e-01 5.260000e-03 2.445480e-01
201 7.493080e-01 5.200000e-03 2.454920e-01
202 7.482200e-01 5.368000e-03 2.464120e-01
203 7.472560e-01 5.376000e-03 2.473680e-01
204 7.462880e-01 5.408000e-03 2.483040e-01
205 7.454120e-01 5.340000e-03 2.492480e-01
206 7.445600e-01 5.340000e-03 2.501000e-01
207 7.437040e-01 5.304000e-03 2.509920e-01
208 7.427360e-01 5.548000e-03 2.517160e-01
209 7.418560e-01 5.436000e-03 2.527080e-01
210 7.408440e-01 5.476000e-03 2.536800e-01
211 7.399880e-01 5.328000e-03 2.546840e-01
212 7.390600e-01 5.268000e-03 2.556720e-01
213 7.381040e-01 5.340000e-03 2.565560e-01
214 7.370560e-01 5.444000e-03 2.575000e-01
215 7.359840e-01 5.636000e-03 2.583800e-01
216 7.348640e-01 5.712000e-03 2.594240e-01
217 7.338120e-01 5.812000e-03 2.603760e-01
218 7.327760e-01 5.892000e-03 2.613320e-01
219 7.317200e-01 6.028000e-03 2.622520e-01
220 7.307160e-01 6.076000e-03 2.632080e-01
221 7.297240e-01 6.000000e-03 2.642760e-01
222 7.286240e-01 6.060000e-03 2.653160e-01
223 7.276560e-01 5.936000e-03 2.664080e-01
224 7.267320e-01 5.776000e-03 2.674920e-01
225 7.258040e-01 5.744000e-03 2.684520e-01
226 7.249680e-01 5.596000e-03 2.694360e-01
227 7.240040e-01 5.620000e-03 2.703760e-01
228 7.231000e-01 5.500000e-03 2.714000e-01
229 7.222240e-01 5.348000e-03 2.724280e-01
230 7.213320e-01 5.416000e-03 2.732520e-01
231 7.203840e-01 5.396000e-03 2.742200e-01
232 7.194960e-01 5.428000e-03 2.750760e-01
233 7.185360e-01 5.396000e-03 2.760680e-01
234 7.176680e-01 5.304000e-03 2.770280e-01
235 7.166760e-01 5.452000e-03 2.778720e-01
236 7.158960e-01 5.284000e-03 2.788200e-01
237 7.151400e-01 5.068000e-03 2.797920e-01
238 7.145360e-01 4.792000e-03 2.806720e-01
239 7.137240e-01 4.800000e-03 2.814760e-01
240 7.129440e-01 4.708000e-03 2.823480e-01
241 7.123240e-01 4.524000e-03 2.831520e-01
242 7.115760e-01 4.476000e-03 2.839480e-01
243 7.107880e-01 4.476000e-03 2.847360e-01
244 7.100800e-01 4.364000e-03 2.855560e-01
245 7.094600e-01 4.232000e-03 2.863080e-01
246 7.088200e-01 4.084000e-03 2.870960e-01
247 7.082200e-01 3.924000e-03 2.878560e-01
248 7.075840e-01 3.992000e-03 2.884240e-01
249 7.068760e-01 4.076000e-03 2.890480e-01
250 7.061560e-01 4.048000e-03 2.897960e-01
251 7.054160e-01 4.136000e-03 2.904480e-01
252 7.047280e-01 4.136000e-03 2.911360e-01
253 7.040880e-01 4.072000e-03 2.918400e-01
254 7.032880e-01 4.248000e-03 2.924640e-01
255 7.025920e-01 4.212000e-03 2.931960e-01
256 7.018800e-01 4.196000e-03 2.939240e-01
257 7.011880e-01 4.204000e-03 2.946080e-01
258 7.003920e-01 4.256000e-03 2.953520e-01
259 6.996760e-01 4.240000e-03 2.960840e-01
260 6.989440e-01 4.208000e-03 2.968480e-01
261 6.984000e-01 4.076000e-03 2.975240e-01
262 6.977560e-01 4.036000e-03 2.982080e-01
263 6.970360e-01 4.092000e-03 2.988720e-01
264 6.964640e-01 3.940000e-03 2.995960e-01
265 6.957880e-01 3.932000e-03 3.002800e-01
266 6.951720e-01 3.808000e-03 3.010200e-01
267 6.945600e-01 3.776000e-03 3.016640e-01
268 6.939600e-01 3.724000e-03 3.023160e-01
269 6.934120e-01 3.624000e-03 3.029640e-01
270 6.928240e-01 3.512000e-03 3.036640e-01
271 6.921360e-01 3.500000e-03 3.043640e-01
272 6.914560e-01 3.568000e-03 3.049760e-01
273 6.908080e-01 3.644000e-03 3.055480e-01
274 6.902120e-01 3.628000e-03 3.061600e-01
275 6.896120e-01 3.628000e-03 3.067600e-01
276 6.890000e-01 3.632000e-03 3.073680e-01
277 6.883080e-01 3.716000e-03 3.079760e-01
278 6.877640e-01 3.752000e-03 3.084840e-01
279 6.871560e-01 3.812000e-03 3.090320e-01
280 6.864680e-01 3.824000e-03 3.097080e-01
281 6.857200e-01 3.932000e-03 3.103480e-01
282 6.850920e-01 3.840000e-03 3.110680e-01
283 6.844000e-01 3.916000e-03 3.116840e-01
284 6.837400e-01 3.936000e-03 3.123240e-01
285 6.831200e-01 3.916000e-03 3.129640e-01
286 6.825240e-01 3.832000e-03 3.136440e-01
287 6.819120e-01 3.800000e-03 3.142880e-01
288 6.812680e-01 3.848000e-03 3.148840e-01
289 6.806080e-01 3.860000e-03 3.155320e-01
290 6.797800e-01 3.988000e-03 3.162320e-01
291 6.790840e-01 4.008000e-03 3.169080e-01
292 6.784240e-01 3.960000e-03 3.176160e-01
293 6.776920e-01 4.004000e-03 3.183040e-01
294 6.769880e-01 4.128000e-03 3.188840e-01
295 6.762640e-01 4.064000e-03 3.196720e-01
296 6.755360e-01 4.052000e-03 3.204120e-01
297 6.749120e-01 3.988000e-03 3.211000e-01
298 6.742680e-01 3.940000e-03 3.217920e-01
299 6.736520e-01 3.856000e-03 3.224920e-01
300 6.730920e-01 3.812000e-03 3.230960e-01
301 6.724200e-01 3.916000e-03 3.236640e-01
302 6.717320e-01 3.844000e-03 3.244240e-01
303 6.710520e-01 3.916000e-03 3.250320e-01
304 6.705240e-01 3.740000e-03 3.257360e-01
305 6.699800e-01 3.628000e-03 3.263920e-01
306 6.694640e-01 3.524000e-03 3.270120e-01
307 6.689480e-01 3.448000e-03 3.276040e-01
308 6.683520e-01 3.456000e-03 3.281920e-01
309 6.678760e-01 3.352000e-03 3.287720e-01
310 6.673400e-01 3.312000e-03 3.293480e-01
311 6.668200e-01 3.288000e-03 3.298920e-01
312 6.663280e-01 3.208000e-03 3.304640e-01
313 6.657720e-01 3.204000e-03 3.310240e-01
314 6.651240e-01 3.236000e-03 3.316400e-01
315 6.646080e-01 3.224000e-03 3.321680e-01
316 6.640160e-01 3.316000e-03 3.326680e-01
317 6.634840e-01 3.316000e-03 3.332000e-01
318 6.629800e-01 3.260000e-03 3.337600e-01
319 6.624520e-01 3.192000e-03 3.343560e-01
320 6.619080e-01 3.196000e-03 3.348960e-01
321 6.614120e-01 3.152000e-03 3.354360e-01
322 6.609000e-01 3.032000e-03 3.360680e-01
323 6.603280e-01 2.964000e-03 3.367080e-01
324 6.599040e-01 2.864000e-03 3.372320e-01
325 6.593840e-01 2.892000e-03 3.377240e-01
326 6.588560e-01 2.900000e-03 3.382440e-01
327 6.583400e-01 2.940000e-03 3.387200e-01
328 6.578800e-01 2.928000e-03 3.391920e-01
329 6.574760e-01 2.868000e-03 3.396560e-01
330 6.569480e-01 2.876000e-03 3.401760e-01
331 6.564960e-01 2.856000e-03 3.406480e-01
332 6.560840e-01 2.716000e-03 3.412000e-01
333 6.556080e-01 2.736000e-03 3.416560e-01
334 6.551280e-01 2.728000e-03 3.421440e-01
335 6.546080e-01 2.776000e-03 3.426160e-01
336 6.541600e-01 2.704000e-03 3.431360e-01
337 6.537520e-01 2.568000e-03 3.436800e-01
338 6.533840e-01 2.508000e-03 3.441080e-01
339 6.529880e-01 2.432000e-03 3.445800e-01
340 6.525320e-01 2.544000e-03 3.449240e-01
341 6.520800e-01 2.496000e-03 3.454240e-01
342 6.516160e-01 2.512000e-03 3.458720e-01
343 6.512600e-01 2.464000e-03 3.462760e-01
344 6.507480e-01 2.524000e-03 3.467280e-01
345 6.503680e-01 2.508000e-03 3.471240e-01
346 6.499400e-01 2.480000e-03 3.475800e-01
347 6.494760e-01 2.456000e-03 3.480680e-01
348 6.490760e-01 2.416000e-03 3.485080e-01
349 6.485640e-01 2.564000e-03 3.488720e-01
350 6.481440e-01 2.508000e-03 3.493480e-01
351 6.477800e-01 2.488000e-03 3.497320e-01
352 6.473600e-01 2.452000e-03 3.501880e-01
353 6.469480e-01 2.428000e-03 3.506240e-01
354 6.465560e-01 2.412000e-03 3.510320e-01
355 6.461560e-01 2.328000e-03 3.515160e-01
356 6.457000e-01 2.368000e-03 3.519320e-01
357 6.452920e-01 2.344000e-03 3.523640e-01
358 6.448280e-01 2.448000e-03 3.527240e-01
359 6.443040e-01 2.564000e-03 3.531320e-01
360 6.438400e-01 2.624000e-03 3.535360e-01
361 6.434000e-01 2.540000e-03 3.540600e-01
362 6.429840e-01 2.468000e-03 3.545480e-01
363 6.425880e-01 2.456000e-03 3.549560e-01
364 6.421400e-01 2.492000e-03 3.553680e-01
365 6.416200e-01 2.512000e-03 3.558680e-01
366 6.411840e-01 2.528000e-03 3.562880e-01
367 6.407440e-01 2.564000e-03 3.566920e-01
368 6.402640e-01 2.532000e-03 3.572040e-01
369 6.398680e-01 2.496000e-03 3.576360e-01
370 6.394920e-01 2.432000e-03 3.580760e-01
371 6.391720e-01 2.344000e-03 3.584840e-01
372 6.387440e-01 2.304000e-03 3.589520e-01
373 6.383680e-01 2.232000e-03 3.594000e-01
374 6.380320e-01 2.212000e-03 3.597560e-01
375 6.377440e-01 2.192000e-03 3.600640e-01
376 6.374520e-01 2.132000e-03 3.604160e-01
377 6.371800e-01 2.064000e-03 3.607560e-01
378 6.369040e-01 1.976000e-03 3.611200e-01
379 6.366840e-01 1.832000e-03 3.614840e-01
380 6.363520e-01 1.848000e-03 3.618000e-01
381 6.360800e-01 1.764000e-03 3.621560e-01
382 6.358280e-01 1.700000e-03 3.624720e-01
383 6.355040e-01 1.724000e-03 3.627720e-01
384 6.351440e-01 1.768000e-03 3.630880e-01
385 6.347760e-01 1.848000e-03 3.633760e-01
386 6.345000e-01 1.796000e-03 3.637040e-01
387 6.342120e-01 1.796000e-03 3.639920e-01
388 6.338960e-01 1.772000e-03 3.643320e-01
389 6.336320e-01 1.728000e-03 3.646400e-01
390 6.333800e-01 1.748000e-03 3.648720e-01
391 6.330960e-01 1.764000e-03 3.651400e-01
392 6.328280e-01 1.724000e-03 3.654480e-01
393 6.325920e-01 1.640000e-03 3.657680e-01
394 6.323040e-01 1.676000e-03 3.660200e-01
395 6.320160e-01 1.692000e-03 3.662920e-01
396 6.317440e-01 1.716000e-03 3.665400e-01
397 6.314080e-01 1.736000e-03 3.668560e-01
398 6.311440e-01 1.708000e-03 3.671480e-01
399 6.307760e-01 1.724000e-03 3.675000e-01
400 6.304880e-01 1.720000e-03 3.677920e-01
401 6.302280e-01 1.672000e-03 3.681000e-01
402 6.299960e-01 1.640000e-03 3.683640e-01
403 6.297720e-01 1.560000e-03 3.686680e-01
404 6.295400e-01 1.524000e-03 3.689360e-01
405 6.293040e-01 1.492000e-03 3.692040e-01
406 6.290680e-01 1.500000e-03 3.694320e-01
407 6.287680e-01 1.560000e-03 3.696720e-01
408 6.285080e-01 1.528000e-03 3.699640e-01
409 6.282560e-01 1.512000e-03 3.702320e-01
410 6.279920e-01 1.468000e-03 3.705400e-01
411 6.277320e-01 1.476000e-03 3.707920e-01
412 6.274720e-01 1.456000e-03 3.710720e-01
413 6.272480e-01 1.396000e-03 3.713560e-01
414 6.270560e-01 1.396000e-03 3.715480e-01
415 6.268280e-01 1.320000e-03 3.718520e-01
416 6.265640e-01 1.352000e-03 3.720840e-01
417 6.263600e-01 1.328000e-03 3.723120e-01
418 6.261480e-01 1.332000e-03 3.725200e-01
419 6.259240e-01 1.352000e-03 3.727240e-01
420 6.256120e-01 1.496000e-03 3.728920e-01
421 6.252920e-01 1.532000e-03 3.731760e-01
422 6.250240e-01 1.560000e-03 3.734160e-01
423 6.247120e-01 1.636000e-03 3.736520e-01
424 6.244280e-01 1.640000e-03 3.739320e-01
425 6.241360e-01 1.644000e-03 3.742200e-01
426 6.238360e-01 1.704000e-03 3.744600e-01
427 6.234360e-01 1.804000e-03 3.747600e-01
428 6.230840e-01 1.848000e-03 3.750680e-01
429 6.227600e-01 1.864000e-03 3.753760e-01
430 6.224080e-01 1.872000e-03 3.757200e-01
431 6.220160e-01 1.840000e-03 3.761440e-01
432 6.216640e-01 1.884000e-03 3.764520e-01
433 6.213680e-01 1.908000e-03 3.767240e-01
434 6.210760e-01 1.848000e-03 3.770760e-01
435 6.207160e-01 1.928000e-03 3.773560e-01
436 6.204040e-01 1.896000e-03 3.777000e-01
437 6.201840e-01 1.792000e-03 3.780240e-01
438 6.199360e-01 1.736000e-03 3.783280e-01
439 6.196840e-01 1.676000e-03 3.786400e-01
440 6.194680e-01 1.576000e-03 3.789560e-01
441 6.192280e-01 1.508000e-03 3.792640e-01
442 6.190000e-01 1.432000e-03 3.795680e-01
443 6.187880e-01 1.376000e-03 3.798360e-01
444 6.186360e-01 1.280000e-03 3.800840e-01
445 6.184400e-01 1.256000e-03 3.803040e-01
446 6.182080e-01 1.256000e-03 3.805360e-01
447 6.179600e-01 1.288000e-03 3.807520e-01
448 6.177840e-01 1.192000e-03 3.810240e-01
449 6.175120e-01 1.272000e-03 3.812160e-01
450 6.173320e-01 1.248000e-03 3.814200e-01
451 6.170960e-01 1.288000e-03 3.816160e-01
452 6.169040e-01 1.260000e-03 3.818360e-01
453 6.166960e-01 1.200000e-03 3.821040e-01
454 6.165040e-01 1.200000e-03 3.822960e-01
455 6.163280e-01 1.184000e-03 3.824880e-01
456 6.161240e-01 1.200000e-03 3.826760e-01
457 6.159560e-01 1.132000e-03 3.829120e-01
458 6.158240e-01 1.020000e-03 3.831560e-01
459 6.156360e-01 1.052000e-03 3.833120e-01
460 6.154680e-01 1.052000e-03 3.834800e-01
461 6.152640e-01 1.076000e-03 3.836600e-01
462 6.150680e-01 1.104000e-03 3.838280e-01
463 6.148920e-01 1.088000e-03 3.840200e-01
464 6.146920e-01 1.088000e-03 3.842200e-01
465 6.144520e-01 1.124000e-03 3.844240e-01
466 6.142600e-01 1.136000e-03 3.846040e-01
467 6.140760e-01 1.152000e-03 3.847720e-01
468 6.138440e-01 1.220000e-03 3.849360e-01
469 6.136560e-01 1.188000e-03 3.851560e-01
470 6.134560e-01 1.140000e-03 3.854040e-01
471 6.132320e-01 1.212000e-03 3.855560e-01
472 6.129640e-01 1.264000e-03 3.857720e-01
473 6.127320e-01 1.284000e-03 3.859840e-01
474 6.125080e-01 1.292000e-03 3.862000e-01
475 6.122320e-01 1.356000e-03 3.864120e-01
476 6.119960e-01 1.320000e-03 3.866840e-01
477 6.117440e-01 1.340000e-03 3.869160e-01
478 6.115560e-01 1.296000e-03 3.871480e-01
479 6.113280e-01 1.312000e-03 3.873600e-01
480 6.110440e-01 1.336000e-03 3.876200e-01
481 6.108440e-01 1.284000e-03 3.878720e-01
482 6.106480e-01 1.196000e-03 3.881560e-01
483 6.104240e-01 1.240000e-03 3.883360e-01
484 6.102120e-01 1.224000e-03 3.885640e-01
485 6.099640e-01 1.248000e-03 3.887880e-01
486 6.097880e-01 1.188000e-03 3.890240e-01
487 6.095720e-01 1.172000e-03 3.892560e-01
488 6.093640e-01 1.172000e-03 3.894640e-01
489 6.091480e-01 1.196000e-03 3.896560e-01
490 6.089560e-01 1.148000e-03 3.898960e-01
491 6.087600e-01 1.192000e-03 3.900480e-01
492 6.085720e-01 1.192000e-03 3.902360e-01
493 6.083720e-01 1.180000e-03 3.904480e-01
494 6.081480e-01 1.176000e-03 3.906760e-01
495 6.079640e-01 1.176000e-03 3.908600e-01
496 6.077920e-01 1.120000e-03 3.910880e-01
497 6.076480e-01 1.116000e-03 3.912360e-01
498 6.074800e-01 1.076000e-03 3.914440e-01
499 6.073240e-01 1.056000e-03 3.916200e-01
500 6.071600e-01 1.048000e-03 3.917920e-01
