1 9.992800e-01 6.120000e-04 1.080000e-04
2 9.987840e-01 9.880000e-04 2.280000e-04
3 9.982360e-01 1.320000e-03 4.440000e-04
4 9.974720e-01 1.852000e-03 6.760000e-04
5 9.967120e-01 2.316000e-03 9.720000e-04
6 9.958640e-01 2.748000e-03 1.388000e-03
7 9.949800e-01 3.100000e-03 1.920000e-03
8 9.941000e-01 3.388000e-03 2.512000e-03
9 9.931760e-01 3.692000e-03 3.132000e-03
10 9.922760e-01 3.892000e-03 3.832000e-03
11 9.913400e-01 4.060000e-03 4.600000e-03
12 9.904480e-01 4.296000e-03 5.256000e-03
13 9.894720e-01 4.540000e-03 5.988000e-03
14 9.884480e-01 4.760000e-03 6.792000e-03
15 9.874480e-01 4.936000e-03 7.616000e-03
16 9.864480e-01 5.164000e-03 8.388000e-03
17 9.854760e-01 5.300000e-03 9.224000e-03
18 9.844360e-01 5.376000e-03 1.018800e-02
19 9.832600e-01 5.612000e-03 1.112800e-02
20 9.821120e-01 5.804000e-03 1.208400e-02
21 9.810200e-01 5.768000e-03 1.321200e-02
22 9.798880e-01 5.880000e-03 1.423200e-02
23 9.787720e-01 6.012000e-03 1.521600e-02
24 9.775960e-01 6.184000e-03 1.622000e-02
25 9.765000e-01 6.156000e-03 1.734400e-02
26 9.754640e-01 6.212000e-03 1.832400e-02
27 9.741880e-01 6.416000e-03 1.939600e-02
28 9.728120e-01 6.576000e-03 2.061200e-02
29 9.713400e-01 6.916000e-03 2.174400e-02
30 9.699240e-01 7.172000e-03 2.290400e-02
31 9.686080e-01 7.224000e-03 2.416800e-02
32 9.672400e-01 7.312000e-03 2.544800e-02
33 9.659800e-01 7.284000e-03 2.673600e-02
34 9.646320e-01 7.288000e-03 2.808000e-02
35 9.632920e-01 7.444000e-03 2.926400e-02
36 9.619360e-01 7.492000e-03 3.057200e-02
37 9.605360e-01 7.612000e-03 3.185200e-02
38 9.590160e-01 7.756000e-03 3.322800e-02
39 9.575360e-01 7.792000e-03 3.467200e-02
40 9.561320e-01 7.788000e-03 3.608000e-02
41 9.546280e-01 7.996000e-03 3.737600e-02
42 9.529760e-01 8.180000e-03 3.884400e-02
43 9.514960e-01 8.244000e-03 4.026000e-02
44 9.500840e-01 8.184000e-03 4.173200e-02
45 9.485240e-01 8.332000e-03 4.314400e-02
46 9.470680e-01 8.320000e-03 4.461200e-02
47 9.456120e-01 8.324000e-03 4.606400e-02
48 9.440360e-01 8.396000e-03 4.756800e-02
49 9.425560e-01 8.580000e-03 4.886400e-02
50 9.410280e-01 8.628000e-03 5.034400e-02
51 9.395960e-01 8.452000e-03 5.195200e-02
52 9.382520e-01 8.324000e-03 5.342400e-02
53 9.367840e-01 8.168000e-03 5.504800e-02
54 9.353960e-01 8.168000e-03 5.643600e-02
55 9.339400e-01 8.104000e-03 5.795600e-02
56 9.323520e-01 8.300000e-03 5.934800e-02
57 9.309240e-01 8.396000e-03 6.068000e-02
58 9.292720e-01 8.508000e-03 6.222000e-02
59 9.277440e-01 8.420000e-03 6.383600e-02
60 9.261560e-01 8.492000e-03 6.535200e-02
61 9.244800e-01 8.628000e-03 6.689200e-02
62 9.230200e-01 8.656000e-03 6.832400e-02
63 9.214200e-01 8.708000e-03 6.987200e-02
64 9.198600e-01 8.748000e-03 7.139200e-02
65 9.181160e-01 8.792000e-03 7.309200e-02
66 9.164640e-01 8.768000e-03 7.476800e-02
67 9.148080e-01 9.020000e-03 7.617200e-02
68 9.131680e-01 9.176000e-03 7.765600e-02
69 9.115400e-01 9.216000e-03 7.924400e-02
70 9.100440e-01 9.068000e-03 8.088800e-02
71 9.084200e-01 9.228000e-03 8.235200e-02
72 9.067760e-01 9.340000e-03 8.388400e-02
73 9.051320e-01 9.248000e-03 8.562000e-02
74 9.034880e-01 9.304000e-03 8.720800e-02
75 9.019760e-01 9.144000e-03 8.888000e-02
76 9.004000e-01 9.108000e-03 9.049200e-02
77 8.988840e-01 8.964000e-03 9.215200e-02
78 8.973400e-01 8.940000e-03 9.372000e-02
79 8.958040e-01 9.044000e-03 9.515200e-02
80 8.941520e-01 9.120000e-03 9.672800e-02
81 8.923680e-01 9.244000e-03 9.838800e-02
82 8.906360e-01 9.212000e-03 1.001520e-01
83 8.890120e-01 9.252000e-03 1.017360e-01
84 8.872840e-01 9.440000e-03 1.032760e-01
85 8.857480e-01 9.364000e-03 1.048880e-01
86 8.841200e-01 9.372000e-03 1.065080e-01
87 8.825520e-01 9.376000e-03 1.080720e-01
88 8.809800e-01 9.420000e-03 1.096000e-01
89 8.793560e-01 9.380000e-03 1.112640e-01
90 8.776200e-01 9.400000e-03 1.129800e-01
91 8.760080e-01 9.408000e-03 1.145840e-01
92 8.744320e-01 9.292000e-03 1.162760e-01
93 8.727440e-01 9.284000e-03 1.179720e-01
94 8.710560e-01 9.496000e-03 1.194480e-01
95 8.692960e-01 9.644000e-03 1.210600e-01
96 8.676760e-01 9.616000e-03 1.227080e-01
97 8.659840e-01 9.528000e-03 1.244880e-01
98 8.643840e-01 9.484000e-03 1.261320e-01
99 8.626680e-01 9.576000e-03 1.277560e-01
100 8.610240e-01 9.596000e-03 1.293800e-01
101 8.594560e-01 9.364000e-03 1.311800e-01
102 8.579120e-01 9.132000e-03 1.329560e-01
103 8.565480e-01 8.880000e-03 1.345720e-01
104 8.551040e-01 8.696000e-03 1.362000e-01
105 8.537440e-01 8.492000e-03 1.377640e-01
106 8.524480e-01 8.260000e-03 1.392920e-01
107 8.511000e-01 8.308000e-03 1.405920e-01
108 8.495600e-01 8.224000e-03 1.422160e-01
109 8.481560e-01 8.240000e-03 1.436040e-01
110 8.468320e-01 8.088000e-03 1.450800e-01
111 8.455920e-01 7.920000e-03 1.464880e-01
112 8.442560e-01 7.952000e-03 1.477920e-01
113 8.430160e-01 7.848000e-03 1.491360e-01
114 8.417640e-01 7.860000e-03 1.503760e-01
115 8.403560e-01 7.756000e-03 1.518880e-01
116 8.388920e-01 7.800000e-03 1.533080e-01
117 8.375480e-01 7.760000e-03 1.546920e-01
118 8.362200e-01 7.876000e-03 1.559040e-01
119 8.347480e-01 7.896000e-03 1.573560e-01
120 8.332480e-01 8.080000e-03 1.586720e-01
121 8.318320e-01 8.164000e-03 1.600040e-01
122 8.304760e-01 8.176000e-03 1.613480e-01
123 8.290960e-01 8.176000e-03 1.627280e-01
124 8.276240e-01 8.196000e-03 1.641800e-01
125 8.263400e-01 8.000000e-03 1.656600e-01
126 8.250560e-01 7.952000e-03 1.669920e-01
127 8.238200e-01 7.880000e-03 1.683000e-01
128 8.226520e-01 7.712000e-03 1.696360e-01
129 8.214200e-01 7.596000e-03 1.709840e-01
130 8.201360e-01 7.532000e-03 1.723320e-01
131 8.188200e-01 7.488000e-03 1.736920e-01
132 8.175720e-01 7.548000e-03 1.748800e-01
133 8.163360e-01 7.516000e-03 1.761480e-01
134 8.152440e-01 7.260000e-03 1.774960e-01
135 8.139840e-01 7.116000e-03 1.789000e-01
136 8.128000e-01 7.076000e-03 1.801240e-01
137 8.115960e-01 7.020000e-03 1.813840e-01
138 8.104720e-01 6.896000e-03 1.826320e-01
139 8.094000e-01 6.780000e-03 1.838200e-01
140 8.083400e-01 6.560000e-03 1.851000e-01
141 8.072120e-01 6.540000e-03 1.862480e-01
142 8.061840e-01 6.380000e-03 1.874360e-01
143 8.050280e-01 6.412000e-03 1.885600e-01
144 8.039840e-01 6.284000e-03 1.897320e-01
145 8.029960e-01 6.300000e-03 1.907040e-01
146 8.020000e-01 6.204000e-03 1.917960e-01
147 8.009360e-01 6.268000e-03 1.927960e-01
148 7.999800e-01 6.080000e-03 1.939400e-01
149 7.989520e-01 6.116000e-03 1.949320e-01
150 7.979480e-01 6.092000e-03 1.959600e-01
151 7.970440e-01 5.908000e-03 1.970480e-01
152 7.960120e-01 5.852000e-03 1.981360e-01
153 7.950440e-01 5.780000e-03 1.991760e-01
154 7.941360e-01 5.740000e-03 2.001240e-01
155 7.933400e-01 5.508000e-03 2.011520e-01
156 7.925120e-01 5.436000e-03 2.020520e-01
157 7.917320e-01 5.312000e-03 2.029560e-01
158 7.910080e-01 5.064000e-03 2.039280e-01
159 7.901640e-01 5.008000e-03 2.048280e-01
160 7.894000e-01 4.920000e-03 2.056800e-01
161 7.885840e-01 4.884000e-03 2.065320e-01
162 7.877600e-01 4.908000e-03 2.073320e-01
163 7.867840e-01 5.028000e-03 2.081880e-01
164 7.859640e-01 4.956000e-03 2.090800e-01
165 7.851680e-01 4.916000e-03 2.099160e-01
166 7.842000e-01 4.956000e-03 2.108440e-01
167 7.833320e-01 4.896000e-03 2.117720e-01
168 7.824560e-01 4.948000e-03 2.125960e-01
169 7.815640e-01 4.940000e-03 2.134960e-01
170 7.806760e-01 4.952000e-03 2.143720e-01
171 7.797520e-01 5.056000e-03 2.151920e-01
172 7.787720e-01 5.156000e-03 2.160720e-01
173 7.778920e-01 5.080000e-03 2.170280e-01
174 7.769040e-01 5.244000e-03 2.178520e-01
175 7.760720e-01 5.244000e-03 2.186840e-01
176 7.750560e-01 5.336000e-03 2.196080e-01
177 7.741960e-01 5.112000e-03 2.206920e-01
178 7.734080e-01 5.036000e-03 2.215560e-01
179 7.726440e-01 5.016000e-03 2.223400e-01
180 7.717800e-01 4.948000e-03 2.232720e-01
181 7.709960e-01 4.900000e-03 2.241040e-01
182 7.701040e-01 5.008000e-03 2.248880e-01
183 7.693360e-01 4.964000e-03 2.257000e-01
184 7.684960e-01 4.924000e-03 2.265800e-01
185 7.676800e-01 4.896000e-03 2.274240e-01
186 7.668400e-01 4.972000e-03 2.281880e-01
187 7.659840e-01 5.004000e-03 2.290120e-01
188 7.651520e-01 4.904000e-03 2.299440e-01
189 7.644320e-01 4.800000e-03 2.307680e-01
190 7.636600e-01 4.740000e-03 2.316000e-01
191 7.628960e-01 4.660000e-03 2.324440e-01
192 7.622440e-01 4.456000e-03 2.333000e-01
193 7.615280e-01 4.392000e-03 2.340800e-01
194 7.607280e-01 4.416000e-03 2.348560e-01
195 7.600280e-01 4.412000e-03 2.355600e-01
196 7.591680e-01 4.564000e-03 2.362680e-01
197 7.583080e-01 4.700000e-03 2.369920e-01
198 7.574400e-01 4.760000e-03 2.378000e-01
199 7.566600e-01 4.676000e-03 2.386640e-01
200 7.557960e-01 4.776000e-03 2.394280e-01
201 7.549520e-01 4.860000e-03 2.401880e-01
202 7.540480e-01 4.932000e-03 2.410200e-01
203 7.531600e-01 4.916000e-03 2.419240e-01
204 7.524200e-01 4.832000e-03 2.427480e-01
205 7.516680e-01 4.644000e-03 2.436880e-01
206 7.509800e-01 4.548000e-03 2.444720e-01
207 7.502440e-01 4.580000e-03 2.451760e-01
208 7.495960e-01 4.408000e-03 2.459960e-01
209 7.490960e-01 4.204000e-03 2.467000e-01
210 7.483160e-01 4.296000e-03 2.473880e-01
211 7.475800e-01 4.272000e-03 2.481480e-01
212 7.468280e-01 4.308000e-03 2.488640e-01
213 7.460760e-01 4.324000e-03 2.496000e-01
214 7.452400e-01 4.384000e-03 2.503760e-01
215 7.445000e-01 4.440000e-03 2.510600e-01
216 7.437440e-01 4.320000e-03 2.519360e-01
217 7.430160e-01 4.288000e-03 2.526960e-01
218 7.423160e-01 4.240000e-03 2.534440e-01
219 7.416800e-01 4.164000e-03 2.541560e-01
220 7.408880e-01 4.216000e-03 2.548960e-01
221 7.402000e-01 4.184000e-03 2.556160e-01
222 7.395520e-01 4.036000e-03 2.564120e-01
223 7.388640e-01 3.996000e-03 2.571400e-01
224 7.382040e-01 3.948000e-03 2.578480e-01
225 7.376280e-01 3.844000e-03 2.585280e-01
226 7.371000e-01 3.696000e-03 2.592040e-01
227 7.365760e-01 3.568000e-03 2.598560e-01
228 7.358920e-01 3.544000e-03 2.605640e-01
229 7.353440e-01 3.484000e-03 2.611720e-01
230 7.348120e-01 3.384000e-03 2.618040e-01
231 7.342200e-01 3.324000e-03 2.624560e-01
232 7.335920e-01 3.348000e-03 2.630600e-01
233 7.329760e-01 3.476000e-03 2.635480e-01
234 7.323560e-01 3.464000e-03 2.641800e-01
235 7.317320e-01 3.524000e-03 2.647440e-01
236 7.311360e-01 3.476000e-03 2.653880e-01
237 7.304680e-01 3.468000e-03 2.660640e-01
238 7.298560e-01 3.460000e-03 2.666840e-01
239 7.292480e-01 3.400000e-03 2.673520e-01
240 7.287080e-01 3.336000e-03 2.679560e-01
241 7.281400e-01 3.324000e-03 2.685360e-01
242 7.275440e-01 3.256000e-03 2.692000e-01
243 7.269360e-01 3.284000e-03 2.697800e-01
244 7.263240e-01 3.288000e-03 2.703880e-01
245 7.257600e-01 3.284000e-03 2.709560e-01
246 7.252400e-01 3.248000e-03 2.715120e-01
247 7.246920e-01 3.244000e-03 2.720640e-01
248 7.241520e-01 3.168000e-03 2.726800e-01
249 7.236200e-01 3.128000e-03 2.732520e-01
250 7.231280e-01 3.028000e-03 2.738440e-01
251 7.226560e-01 2.932000e-03 2.744120e-01
252 7.222000e-01 2.852000e-03 2.749480e-01
253 7.217560e-01 2.836000e-03 2.754080e-01
254 7.213680e-01 2.736000e-03 2.758960e-01
255 7.209640e-01 2.700000e-03 2.763360e-01
256 7.205520e-01 2.668000e-03 2.767800e-01
257 7.201080e-01 2.596000e-03 2.772960e-01
258 7.196760e-01 2.552000e-03 2.777720e-01
259 7.192680e-01 2.424000e-03 2.783080e-01
260 7.188240e-01 2.460000e-03 2.787160e-01
261 7.184240e-01 2.464000e-03 2.791120e-01
262 7.179960e-01 2.432000e-03 2.795720e-01
263 7.176520e-01 2.384000e-03 2.799640e-01
264 7.172280e-01 2.432000e-03 2.803400e-01
265 7.168480e-01 2.396000e-03 2.807560e-01
266 7.165680e-01 2.256000e-03 2.811760e-01
267 7.162440e-01 2.160000e-03 2.815960e-01
268 7.158840e-01 2.160000e-03 2.819560e-01
269 7.155600e-01 2.116000e-03 2.823240e-01
270 7.152000e-01 2.092000e-03 2.827080e-01
271 7.148360e-01 2.128000e-03 2.830360e-01
272 7.144480e-01 2.188000e-03 2.833640e-01
273 7.140840e-01 2.180000e-03 2.837360e-01
274 7.136560e-01 2.220000e-03 2.841240e-01
275 7.132120e-01 2.304000e-03 2.844840e-01
276 7.128520e-01 2.252000e-03 2.848960e-01
277 7.125080e-01 2.212000e-03 2.852800e-01
278 7.121920e-01 2.156000e-03 2.856520e-01
279 7.118680e-01 2.092000e-03 2.860400e-01
280 7.114800e-01 2.104000e-03 2.864160e-01
281 7.111400e-01 2.056000e-03 2.868040e-01
282 7.107520e-01 2.076000e-03 2.871720e-01
283 7.104200e-01 2.060000e-03 2.875200e-01
284 7.101040e-01 2.052000e-03 2.878440e-01
285 7.097840e-01 1.964000e-03 2.882520e-01
286 7.094560e-01 1.896000e-03 2.886480e-01
287 7.091040e-01 1.948000e-03 2.889480e-01
288 7.087800e-01 1.956000e-03 2.892640e-01
289 7.085040e-01 1.864000e-03 2.896320e-01
290 7.082040e-01 1.788000e-03 2.900080e-01
291 7.079480e-01 1.744000e-03 2.903080e-01
292 7.076080e-01 1.804000e-03 2.905880e-01
293 7.072800e-01 1.844000e-03 2.908760e-01
294 7.068960e-01 1.948000e-03 2.911560e-01
295 7.066120e-01 1.832000e-03 2.915560e-01
296 7.062760e-01 1.828000e-03 2.918960e-01
297 7.059760e-01 1.844000e-03 2.921800e-01
298 7.056960e-01 1.776000e-03 2.925280e-01
299 7.053360e-01 1.816000e-03 2.928480e-01
300 7.050520e-01 1.764000e-03 2.931840e-01
301 7.047360e-01 1.808000e-03 2.934560e-01
302 7.044840e-01 1.760000e-03 2.937560e-01
303 7.041480e-01 1.812000e-03 2.940400e-01
304 7.037880e-01 1.892000e-03 2.943200e-01
305 7.034480e-01 1.888000e-03 2.946640e-01
306 7.031040e-01 1.936000e-03 2.949600e-01
307 7.028240e-01 1.880000e-03 2.952960e-01
308 7.025160e-01 1.924000e-03 2.955600e-01
309 7.021920e-01 1.956000e-03 2.958520e-01
310 7.018480e-01 1.992000e-03 2.961600e-01
311 7.016040e-01 1.776000e-03 2.966200e-01
312 7.012760e-01 1.820000e-03 2.969040e-01
313 7.009960e-01 1.820000e-03 2.971840e-01
314 7.007560e-01 1.736000e-03 2.975080e-01
315 7.004880e-01 1.720000e-03 2.977920e-01
316 7.001520e-01 1.748000e-03 2.981000e-01
317 6.998320e-01 1.780000e-03 2.983880e-01
318 6.995200e-01 1.812000e-03 2.986680e-01
319 6.991240e-01 1.896000e-03 2.989800e-01
320 6.987800e-01 1.980000e-03 2.992400e-01
321 6.984080e-01 1.968000e-03 2.996240e-01
322 6.980800e-01 1.952000e-03 2.999680e-01
323 6.977800e-01 1.896000e-03 3.003240e-01
324 6.974880e-01 1.848000e-03 3.006640e-01
325 6.971360e-01 1.912000e-03 3.009520e-01
326 6.968120e-01 1.888000e-03 3.013000e-01
327 6.964400e-01 1.936000e-03 3.016240e-01
328 6.960640e-01 1.988000e-03 3.019480e-01
329 6.957360e-01 2.020000e-03 3.022440e-01
330 6.954480e-01 2.004000e-03 3.025480e-01
331 6.950080e-01 2.088000e-03 3.029040e-01
332 6.946280e-01 2.088000e-03 3.032840e-01
333 6.942920e-01 2.104000e-03 3.036040e-01
334 6.939000e-01 2.188000e-03 3.039120e-01
335 6.935800e-01 2.164000e-03 3.042560e-01
336 6.932120e-01 2.164000e-03 3.046240e-01
337 6.929160e-01 2.136000e-03 3.049480e-01
338 6.925560e-01 2.160000e-03 3.052840e-01
339 6.921520e-01 2.232000e-03 3.056160e-01
340 6.918440e-01 2.152000e-03 3.060040e-01
341 6.915480e-01 2.024000e-03 3.064280e-01
342 6.912000e-01 2.020000e-03 3.067800e-01
343 6.908800e-01 1.936000e-03 3.071840e-01
344 6.906440e-01 1.852000e-03 3.075040e-01
345 6.903760e-01 1.748000e-03 3.078760e-01
346 6.900880e-01 1.764000e-03 3.081480e-01
347 6.898600e-01 1.664000e-03 3.084760e-01
348 6.896240e-01 1.572000e-03 3.088040e-01
349 6.893720e-01 1.556000e-03 3.090720e-01
350 6.890720e-01 1.616000e-03 3.093120e-01
351 6.888160e-01 1.600000e-03 3.095840e-01
352 6.886360e-01 1.540000e-03 3.098240e-01
353 6.884080e-01 1.476000e-03 3.101160e-01
354 6.881560e-01 1.444000e-03 3.104000e-01
355 6.879200e-01 1.416000e-03 3.106640e-01
356 6.876680e-01 1.420000e-03 3.109120e-01
357 6.875040e-01 1.384000e-03 3.111120e-01
358 6.873080e-01 1.352000e-03 3.113400e-01
359 6.870640e-01 1.336000e-03 3.116000e-01
360 6.868000e-01 1.356000e-03 3.118440e-01
361 6.864960e-01 1.404000e-03 3.121000e-01
362 6.862000e-01 1.480000e-03 3.123200e-01
363 6.859600e-01 1.460000e-03 3.125800e-01
364 6.857240e-01 1.420000e-03 3.128560e-01
365 6.854840e-01 1.416000e-03 3.131000e-01
366 6.852120e-01 1.492000e-03 3.132960e-01
367 6.849000e-01 1.504000e-03 3.135960e-01
368 6.845880e-01 1.540000e-03 3.138720e-01
369 6.843200e-01 1.480000e-03 3.142000e-01
370 6.841320e-01 1.404000e-03 3.144640e-01
371 6.838800e-01 1.408000e-03 3.147120e-01
372 6.836400e-01 1.404000e-03 3.149560e-01
373 6.833800e-01 1.440000e-03 3.151800e-01
374 6.831240e-01 1.484000e-03 3.153920e-01
375 6.828360e-01 1.572000e-03 3.155920e-01
376 6.826120e-01 1.520000e-03 3.158680e-01
377 6.823680e-01 1.528000e-03 3.161040e-01
378 6.822040e-01 1.480000e-03 3.163160e-01
379 6.819960e-01 1.448000e-03 3.165560e-01
380 6.818040e-01 1.368000e-03 3.168280e-01
381 6.815240e-01 1.420000e-03 3.170560e-01
382 6.812640e-01 1.436000e-03 3.173000e-01
383 6.809920e-01 1.472000e-03 3.175360e-01
384 6.806840e-01 1.464000e-03 3.178520e-01
385 6.804400e-01 1.452000e-03 3.181080e-01
386 6.802320e-01 1.448000e-03 3.183200e-01
387 6.799600e-01 1.496000e-03 3.185440e-01
388 6.796720e-01 1.484000e-03 3.188440e-01
389 6.794640e-01 1.428000e-03 3.191080e-01
390 6.792560e-01 1.404000e-03 3.193400e-01
391 6.790280e-01 1.420000e-03 3.195520e-01
392 6.787680e-01 1.448000e-03 3.197840e-01
393 6.785480e-01 1.416000e-03 3.200360e-01
394 6.782840e-01 1.448000e-03 3.202680e-01
395 6.780040e-01 1.484000e-03 3.205120e-01
396 6.777320e-01 1.516000e-03 3.207520e-01
397 6.775640e-01 1.432000e-03 3.210040e-01
398 6.773520e-01 1.416000e-03 3.212320e-01
399 6.771800e-01 1.364000e-03 3.214560e-01
400 6.770280e-01 1.300000e-03 3.216720e-01
401 6.768200e-01 1.292000e-03 3.218880e-01
402 6.765800e-01 1.248000e-03 3.221720e-01
403 6.763880e-01 1.252000e-03 3.223600e-01
404 6.761400e-01 1.272000e-03 3.225880e-01
405 6.759320e-01 1.272000e-03 3.227960e-01
406 6.757320e-01 1.260000e-03 3.230080e-01
407 6.755400e-01 1.208000e-03 3.232520e-01
408 6.754040e-01 1.132000e-03 3.234640e-01
409 6.752200e-01 1.124000e-03 3.236560e-01
410 6.750840e-01 1.044000e-03 3.238720e-01
411 6.748480e-01 1.096000e-03 3.240560e-01
412 6.746800e-01 1.068000e-03 3.242520e-01
413 6.744640e-01 1.100000e-03 3.244360e-01
414 6.743400e-01 9.840000e-04 3.246760e-01
415 6.741640e-01 1.000000e-03 3.248360e-01
416 6.740240e-01 9.880000e-04 3.249880e-01
417 6.738480e-01 9.840000e-04 3.251680e-01
418 6.737080e-01 9.640000e-04 3.253280e-01
419 6.735240e-01 1.012000e-03 3.254640e-01
420 6.732880e-01 1.088000e-03 3.256240e-01
421 6.730560e-01 1.108000e-03 3.258360e-01
422 6.728760e-01 1.112000e-03 3.260120e-01
423 6.726960e-01 1.092000e-03 3.262120e-01
424 6.725360e-01 1.048000e-03 3.264160e-01
425 6.723800e-01 1.048000e-03 3.265720e-01
426 6.721960e-01 1.052000e-03 3.267520e-01
427 6.720520e-01 1.040000e-03 3.269080e-01
428 6.718320e-01 1.056000e-03 3.271120e-01
429 6.716920e-01 1.000000e-03 3.273080e-01
430 6.715280e-01 9.920000e-04 3.274800e-01
431 6.713520e-01 9.960000e-04 3.276520e-01
432 6.711520e-01 1.012000e-03 3.278360e-01
433 6.710040e-01 9.720000e-04 3.280240e-01
434 6.707880e-01 1.040000e-03 3.281720e-01
435 6.705760e-01 1.036000e-03 3.283880e-01
436 6.704040e-01 1.056000e-03 3.285400e-01
437 6.702120e-01 1.096000e-03 3.286920e-01
438 6.700640e-01 1.072000e-03 3.288640e-01
439 6.698680e-01 1.048000e-03 3.290840e-01
440 6.696800e-01 1.068000e-03 3.292520e-01
441 6.694680e-01 1.112000e-03 3.294200e-01
442 6.693040e-01 1.080000e-03 3.296160e-01
443 6.691360e-01 1.028000e-03 3.298360e-01
444 6.689760e-01 1.020000e-03 3.300040e-01
445 6.688400e-01 9.840000e-04 3.301760e-01
446 6.686200e-01 1.040000e-03 3.303400e-01
447 6.684120e-01 1.040000e-03 3.305480e-01
448 6.682240e-01 1.044000e-03 3.307320e-01
449 6.680280e-01 1.076000e-03 3.308960e-01
450 6.678360e-01 1.080000e-03 3.310840e-01
451 6.676800e-01 1.048000e-03 3.312720e-01
452 6.675040e-01 1.036000e-03 3.314600e-01
453 6.673760e-01 9.920000e-04 3.316320e-01
454 6.672080e-01 1.004000e-03 3.317880e-01
455 6.670240e-01 1.012000e-03 3.319640e-01
456 6.669240e-01 8.600000e-04 3.322160e-01
457 6.667600e-01 8.600000e-04 3.323800e-01
458 6.666160e-01 8.600000e-04 3.325240e-01
459 6.664960e-01 8.200000e-04 3.326840e-01
460 6.663760e-01 7.920000e-04 3.328320e-01
461 6.662680e-01 7.720000e-04 3.329600e-01
462 6.661640e-01 7.840000e-04 3.330520e-01
463 6.660240e-01 7.400000e-04 3.332360e-01
464 6.659160e-01 7.280000e-04 3.333560e-01
465 6.658040e-01 7.320000e-04 3.334640e-01
466 6.656640e-01 7.400000e-04 3.335960e-01
467 6.655160e-01 7.760000e-04 3.337080e-01
468 6.653640e-01 7.680000e-04 3.338680e-01
469 6.652040e-01 7.800000e-04 3.340160e-01
470 6.650800e-01 7.760000e-04 3.341440e-01
471 6.649680e-01 7.800000e-04 3.342520e-01
472 6.648720e-01 7.040000e-04 3.344240e-01
473 6.647400e-01 7.440000e-04 3.345160e-01
474 6.646080e-01 7.400000e-04 3.346520e-01
475 6.644520e-01 7.480000e-04 3.348000e-01
476 6.643120e-01 7.600000e-04 3.349280e-01
477 6.641480e-01 7.720000e-04 3.350800e-01
478 6.639920e-01 8.120000e-04 3.351960e-01
479 6.638200e-01 8.480000e-04 3.353320e-01
480 6.636320e-01 9.000000e-04 3.354680e-01
481 6.634720e-01 8.920000e-04 3.356360e-01
482 6.633320e-01 9.200000e-04 3.357480e-01
483 6.631440e-01 9.480000e-04 3.359080e-01
484 6.629480e-01 9.560000e-04 3.360960e-01
485 6.628280e-01 9.240000e-04 3.362480e-01
486 6.627000e-01 9.200000e-04 3.363800e-01
487 6.625280e-01 9.320000e-04 3.365400e-01
488 6.623720e-01 9.240000e-04 3.367040e-01
489 6.621840e-01 9.640000e-04 3.368520e-01
490 6.620640e-01 8.760000e-04 3.370600e-01
491 6.619080e-01 8.560000e-04 3.372360e-01
492 6.617560e-01 8.720000e-04 3.373720e-01
493 6.616240e-01 8.480000e-04 3.375280e-01
494 6.614600e-01 8.520000e-04 3.376880e-01
495 6.613160e-01 8.560000e-04 3.378280e-01
496 6.611680e-01 8.520000e-04 3.379800e-01
497 6.610720e-01 7.880000e-04 3.381400e-01
498 6.609200e-01 7.920000e-04 3.382880e-01
499 6.608160e-01 7.480000e-04 3.384360e-01
500 6.606920e-01 7.880000e-04 3.385200e-01
