1 9.992040e-01 6.880000e-04 1.080000e-04
2 9.987080e-01 1.056000e-03 2.360000e-04
3 9.981000e-01 1.412000e-03 4.880000e-04
4 9.974600e-01 1.768000e-03 7.720000e-04
5 9.967160e-01 2.140000e-03 1.144000e-03
6 9.960160e-01 2.420000e-03 1.564000e-03
7 9.951880e-01 2.868000e-03 1.944000e-03
8 9.943880e-01 3.176000e-03 2.436000e-03
9 9.934760e-01 3.484000e-03 3.040000e-03
10 9.926120e-01 3.768000e-03 3.620000e-03
11 9.915720e-01 4.132000e-03 4.296000e-03
12 9.905400e-01 4.356000e-03 5.104000e-03
13 9.895560e-01 4.544000e-03 5.900000e-03
14 9.884360e-01 4.800000e-03 6.764000e-03
15 9.873520e-01 5.108000e-03 7.540000e-03
16 9.861760e-01 5.352000e-03 8.472000e-03
17 9.850560e-01 5.572000e-03 9.372000e-03
18 9.839480e-01 5.580000e-03 1.047200e-02
19 9.827160e-01 5.876000e-03 1.140800e-02
20 9.814360e-01 6.100000e-03 1.246400e-02
21 9.802240e-01 6.104000e-03 1.367200e-02
22 9.788920e-01 6.308000e-03 1.480000e-02
23 9.774600e-01 6.596000e-03 1.594400e-02
24 9.759880e-01 6.852000e-03 1.716000e-02
25 9.743920e-01 7.228000e-03 1.838000e-02
26 9.729400e-01 7.376000e-03 1.968400e-02
27 9.715480e-01 7.316000e-03 2.113600e-02
28 9.700360e-01 7.676000e-03 2.228800e-02
29 9.684400e-01 7.892000e-03 2.366800e-02
30 9.666240e-01 8.272000e-03 2.510400e-02
31 9.649160e-01 8.540000e-03 2.654400e-02
32 9.632320e-01 8.672000e-03 2.809600e-02
33 9.616560e-01 8.696000e-03 2.964800e-02
34 9.601600e-01 8.636000e-03 3.120400e-02
35 9.584800e-01 8.868000e-03 3.265200e-02
36 9.569440e-01 8.760000e-03 3.429600e-02
37 9.554000e-01 8.752000e-03 3.584800e-02
38 9.538640e-01 8.936000e-03 3.720000e-02
39 9.523840e-01 8.988000e-03 3.862800e-02
40 9.508240e-01 9.048000e-03 4.012800e-02
41 9.490320e-01 9.244000e-03 4.172400e-02
42 9.474560e-01 9.224000e-03 4.332000e-02
43 9.457760e-01 9.260000e-03 4.496400e-02
44 9.439360e-01 9.588000e-03 4.647600e-02
45 9.423080e-01 9.504000e-03 4.818800e-02
46 9.407840e-01 9.332000e-03 4.988400e-02
47 9.391280e-01 9.324000e-03 5.154800e-02
48 9.371920e-01 9.540000e-03 5.326800e-02
49 9.354720e-01 9.508000e-03 5.502000e-02
50 9.338480e-01 9.452000e-03 5.670000e-02
51 9.321800e-01 9.240000e-03 5.858000e-02
52 9.306720e-01 9.176000e-03 6.015200e-02
53 9.291280e-01 9.148000e-03 6.172400e-02
54 9.275920e-01 9.028000e-03 6.338000e-02
55 9.260800e-01 8.932000e-03 6.498800e-02
56 9.244840e-01 8.924000e-03 6.659200e-02
57 9.227120e-01 9.284000e-03 6.800400e-02
58 9.212560e-01 9.200000e-03 6.954400e-02
59 9.195880e-01 9.236000e-03 7.117600e-02
60 9.179360e-01 9.172000e-03 7.289200e-02
61 9.163600e-01 9.100000e-03 7.454000e-02
62 9.147520e-01 9.100000e-03 7.614800e-02
63 9.132600e-01 8.920000e-03 7.782000e-02
64 9.118560e-01 8.824000e-03 7.932000e-02
65 9.103320e-01 8.844000e-03 8.082400e-02
66 9.088320e-01 8.788000e-03 8.238000e-02
67 9.074360e-01 8.612000e-03 8.395200e-02
68 9.059240e-01 8.648000e-03 8.542800e-02
69 9.043400e-01 8.652000e-03 8.700800e-02
70 9.029280e-01 8.748000e-03 8.832400e-02
71 9.014520e-01 8.676000e-03 8.987200e-02
72 8.999200e-01 8.728000e-03 9.135200e-02
73 8.983840e-01 8.768000e-03 9.284800e-02
74 8.968760e-01 8.720000e-03 9.440400e-02
75 8.954080e-01 8.564000e-03 9.602800e-02
76 8.940080e-01 8.528000e-03 9.746400e-02
77 8.925000e-01 8.352000e-03 9.914800e-02
78 8.911840e-01 8.108000e-03 1.007080e-01
79 8.899960e-01 7.772000e-03 1.022320e-01
80 8.886560e-01 7.852000e-03 1.034920e-01
81 8.872920e-01 7.848000e-03 1.048600e-01
82 8.857720e-01 8.136000e-03 1.060920e-01
83 8.843760e-01 8.100000e-03 1.075240e-01
84 8.827960e-01 8.248000e-03 1.089560e-01
85 8.813880e-01 8.044000e-03 1.105680e-01
86 8.799760e-01 8.040000e-03 1.119840e-01
87 8.784560e-01 8.244000e-03 1.133000e-01
88 8.771120e-01 8.100000e-03 1.147880e-01
89 8.758400e-01 7.988000e-03 1.161720e-01
90 8.744720e-01 7.960000e-03 1.175680e-01
91 8.731280e-01 7.880000e-03 1.189920e-01
92 8.717440e-01 7.868000e-03 1.203880e-01
93 8.704400e-01 7.860000e-03 1.217000e-01
94 8.693360e-01 7.648000e-03 1.230160e-01
95 8.680200e-01 7.688000e-03 1.242920e-01
96 8.666960e-01 7.708000e-03 1.255960e-01
97 8.653640e-01 7.816000e-03 1.268200e-01
98 8.640760e-01 7.696000e-03 1.282280e-01
99 8.628120e-01 7.552000e-03 1.296360e-01
100 8.614920e-01 7.492000e-03 1.310160e-01
101 8.602400e-01 7.364000e-03 1.323960e-01
102 8.589920e-01 7.232000e-03 1.337760e-01
103 8.578560e-01 7.128000e-03 1.350160e-01
104 8.566720e-01 7.044000e-03 1.362840e-01
105 8.554360e-01 7.072000e-03 1.374920e-01
106 8.542000e-01 7.108000e-03 1.386920e-01
107 8.531080e-01 7.012000e-03 1.398800e-01
108 8.518200e-01 7.056000e-03 1.411240e-01
109 8.505720e-01 7.020000e-03 1.424080e-01
110 8.493280e-01 7.100000e-03 1.435720e-01
111 8.482360e-01 7.004000e-03 1.447600e-01
112 8.470840e-01 6.960000e-03 1.459560e-01
113 8.459280e-01 6.876000e-03 1.471960e-01
114 8.446840e-01 6.880000e-03 1.484360e-01
115 8.436120e-01 6.700000e-03 1.496880e-01
116 8.423720e-01 6.664000e-03 1.509640e-01
117 8.412160e-01 6.592000e-03 1.521920e-01
118 8.401320e-01 6.568000e-03 1.533000e-01
119 8.389680e-01 6.592000e-03 1.544400e-01
120 8.377040e-01 6.684000e-03 1.556120e-01
121 8.365480e-01 6.512000e-03 1.569400e-01
122 8.355240e-01 6.412000e-03 1.580640e-01
123 8.343520e-01 6.388000e-03 1.592600e-01
124 8.331120e-01 6.352000e-03 1.605360e-01
125 8.320160e-01 6.312000e-03 1.616720e-01
126 8.308480e-01 6.380000e-03 1.627720e-01
127 8.297160e-01 6.284000e-03 1.640000e-01
128 8.286560e-01 6.320000e-03 1.650240e-01
129 8.272720e-01 6.656000e-03 1.660720e-01
130 8.259600e-01 6.740000e-03 1.673000e-01
131 8.245320e-01 6.988000e-03 1.684800e-01
132 8.232840e-01 7.036000e-03 1.696800e-01
133 8.220680e-01 7.108000e-03 1.708240e-01
134 8.208560e-01 7.112000e-03 1.720320e-01
135 8.197880e-01 7.000000e-03 1.732120e-01
136 8.185920e-01 7.012000e-03 1.743960e-01
137 8.174640e-01 6.868000e-03 1.756680e-01
138 8.164360e-01 6.748000e-03 1.768160e-01
139 8.153040e-01 6.700000e-03 1.779960e-01
140 8.141200e-01 6.632000e-03 1.792480e-01
141 8.129640e-01 6.748000e-03 1.802880e-01
142 8.117640e-01 6.772000e-03 1.814640e-01
143 8.106960e-01 6.512000e-03 1.827920e-01
144 8.094920e-01 6.636000e-03 1.838720e-01
145 8.083080e-01 6.664000e-03 1.850280e-01
146 8.071360e-01 6.732000e-03 1.861320e-01
147 8.059080e-01 6.776000e-03 1.873160e-01
148 8.047040e-01 6.756000e-03 1.885400e-01
149 8.035000e-01 6.752000e-03 1.897480e-01
150 8.023440e-01 6.728000e-03 1.909280e-01
151 8.012600e-01 6.652000e-03 1.920880e-01
152 8.001280e-01 6.700000e-03 1.931720e-01
153 7.990640e-01 6.572000e-03 1.943640e-01
154 7.980600e-01 6.316000e-03 1.956240e-01
155 7.970080e-01 6.284000e-03 1.967080e-01
156 7.960160e-01 6.232000e-03 1.977520e-01
157 7.948760e-01 6.316000e-03 1.988080e-01
158 7.936360e-01 6.368000e-03 1.999960e-01
159 7.926320e-01 6.356000e-03 2.010120e-01
160 7.915080e-01 6.392000e-03 2.021000e-01
161 7.904240e-01 6.376000e-03 2.032000e-01
162 7.892400e-01 6.412000e-03 2.043480e-01
163 7.881960e-01 6.412000e-03 2.053920e-01
164 7.873520e-01 6.096000e-03 2.065520e-01
165 7.864160e-01 5.952000e-03 2.076320e-01
166 7.854160e-01 5.908000e-03 2.086760e-01
167 7.843960e-01 5.748000e-03 2.098560e-01
168 7.835040e-01 5.692000e-03 2.108040e-01
169 7.824680e-01 5.776000e-03 2.117560e-01
170 7.813920e-01 5.752000e-03 2.128560e-01
171 7.803920e-01 5.780000e-03 2.138280e-01
172 7.794480e-01 5.748000e-03 2.148040e-01
173 7.783840e-01 5.848000e-03 2.157680e-01
174 7.774360e-01 5.876000e-03 2.166880e-01
175 7.764480e-01 5.760000e-03 2.177920e-01
176 7.754160e-01 5.772000e-03 2.188120e-01
177 7.743960e-01 5.656000e-03 2.199480e-01
178 7.733640e-01 5.700000e-03 2.209360e-01
179 7.722960e-01 5.844000e-03 2.218600e-01
180 7.712680e-01 5.848000e-03 2.228840e-01
181 7.702720e-01 5.844000e-03 2.238840e-01
182 7.691920e-01 5.840000e-03 2.249680e-01
183 7.680960e-01 5.808000e-03 2.260960e-01
184 7.669680e-01 5.924000e-03 2.271080e-01
185 7.659400e-01 5.916000e-03 2.281440e-01
186 7.649640e-01 5.708000e-03 2.293280e-01
187 7.639400e-01 5.764000e-03 2.302960e-01
188 7.629360e-01 5.856000e-03 2.312080e-01
189 7.620080e-01 5.768000e-03 2.322240e-01
190 7.610040e-01 5.768000e-03 2.332280e-01
191 7.599600e-01 5.840000e-03 2.342000e-01
192 7.588040e-01 6.040000e-03 2.351560e-01
193 7.576920e-01 6.152000e-03 2.361560e-01
194 7.567240e-01 6.076000e-03 2.372000e-01
195 7.557680e-01 5.988000e-03 2.382440e-01
196 7.548600e-01 5.872000e-03 2.392680e-01
197 7.538960e-01 5.816000e-03 2.402880e-01
198 7.528760e-01 5.820000e-03 2.413040e-01
199 7.520440e-01 5.672000e-03 2.422840e-01
200 7.511720e-01 5.512000e-03 2.433160e-01
201 7.502560e-01 5.516000e-03 2.442280e-01
202 7.493840e-01 5.412000e-03 2.452040e-01
203 7.486000e-01 5.268000e-03 2.461320e-01
204 7.478000e-01 5.084000e-03 2.471160e-01
205 7.471360e-01 4.796000e-03 2.480680e-01
206 7.463480e-01 4.784000e-03 2.488680e-01
207 7.455040e-01 4.720000e-03 2.497760e-01
208 7.447040e-01 4.768000e-03 2.505280e-01
209 7.437640e-01 4.880000e-03 2.513560e-01
210 7.429920e-01 4.752000e-03 2.522560e-01
211 7.421680e-01 4.724000e-03 2.531080e-01
212 7.412960e-01 4.784000e-03 2.539200e-01
213 7.406040e-01 4.588000e-03 2.548080e-01
214 7.399720e-01 4.424000e-03 2.556040e-01
215 7.391680e-01 4.412000e-03 2.564200e-01
216 7.384680e-01 4.328000e-03 2.572040e-01
217 7.377040e-01 4.348000e-03 2.579480e-01
218 7.369840e-01 4.256000e-03 2.587600e-01
219 7.363000e-01 4.160000e-03 2.595400e-01
220 7.354480e-01 4.228000e-03 2.603240e-01
221 7.347120e-01 4.244000e-03 2.610440e-01
222 7.338920e-01 4.364000e-03 2.617440e-01
223 7.331600e-01 4.332000e-03 2.625080e-01
224 7.323880e-01 4.280000e-03 2.633320e-01
225 7.315240e-01 4.300000e-03 2.641760e-01
226 7.308720e-01 4.180000e-03 2.649480e-01
227 7.302840e-01 4.028000e-03 2.656880e-01
228 7.296640e-01 3.896000e-03 2.664400e-01
229 7.289680e-01 3.844000e-03 2.671880e-01
230 7.283800e-01 3.740000e-03 2.678800e-01
231 7.277440e-01 3.772000e-03 2.684840e-01
232 7.271920e-01 3.640000e-03 2.691680e-01
233 7.266840e-01 3.540000e-03 2.697760e-01
234 7.261600e-01 3.484000e-03 2.703560e-01
235 7.255280e-01 3.472000e-03 2.710000e-01
236 7.250360e-01 3.380000e-03 2.715840e-01
237 7.244000e-01 3.428000e-03 2.721720e-01
238 7.237600e-01 3.404000e-03 2.728360e-01
239 7.231320e-01 3.460000e-03 2.734080e-01
240 7.225440e-01 3.368000e-03 2.740880e-01
241 7.219760e-01 3.276000e-03 2.747480e-01
242 7.213200e-01 3.396000e-03 2.752840e-01
243 7.207920e-01 3.412000e-03 2.757960e-01
244 7.202000e-01 3.436000e-03 2.763640e-01
245 7.196600e-01 3.380000e-03 2.769600e-01
246 7.190720e-01 3.312000e-03 2.776160e-01
247 7.186040e-01 3.272000e-03 2.781240e-01
248 7.180920e-01 3.184000e-03 2.787240e-01
249 7.176400e-01 3.136000e-03 2.792240e-01
250 7.171640e-01 3.128000e-03 2.797080e-01
251 7.167000e-01 3.064000e-03 2.802360e-01
252 7.162960e-01 2.924000e-03 2.807800e-01
253 7.159160e-01 2.824000e-03 2.812600e-01
254 7.154040e-01 2.872000e-03 2.817240e-01
255 7.150360e-01 2.704000e-03 2.822600e-01
256 7.145400e-01 2.668000e-03 2.827920e-01
257 7.140240e-01 2.664000e-03 2.833120e-01
258 7.134800e-01 2.756000e-03 2.837640e-01
259 7.129720e-01 2.800000e-03 2.842280e-01
260 7.124960e-01 2.800000e-03 2.847040e-01
261 7.120560e-01 2.732000e-03 2.852120e-01
262 7.115440e-01 2.772000e-03 2.856840e-01
263 7.110520e-01 2.716000e-03 2.862320e-01
264 7.105080e-01 2.716000e-03 2.867760e-01
265 7.100080e-01 2.752000e-03 2.872400e-01
266 7.095480e-01 2.764000e-03 2.876880e-01
267 7.090920e-01 2.764000e-03 2.881440e-01
268 7.086720e-01 2.664000e-03 2.886640e-01
269 7.082080e-01 2.648000e-03 2.891440e-01
270 7.077840e-01 2.568000e-03 2.896480e-01
271 7.074200e-01 2.472000e-03 2.901080e-01
272 7.069600e-01 2.556000e-03 2.904840e-01
273 7.065920e-01 2.516000e-03 2.908920e-01
274 7.061560e-01 2.524000e-03 2.913200e-01
275 7.058200e-01 2.404000e-03 2.917760e-01
276 7.054600e-01 2.392000e-03 2.921480e-01
277 7.050600e-01 2.360000e-03 2.925800e-01
278 7.047200e-01 2.324000e-03 2.929560e-01
279 7.043280e-01 2.240000e-03 2.934320e-01
280 7.039320e-01 2.224000e-03 2.938440e-01
281 7.035240e-01 2.252000e-03 2.942240e-01
282 7.031360e-01 2.244000e-03 2.946200e-01
283 7.027760e-01 2.296000e-03 2.949280e-01
284 7.022760e-01 2.372000e-03 2.953520e-01
285 7.018800e-01 2.400000e-03 2.957200e-01
286 7.015000e-01 2.360000e-03 2.961400e-01
287 7.011080e-01 2.340000e-03 2.965520e-01
288 7.006520e-01 2.420000e-03 2.969280e-01
289 7.002200e-01 2.444000e-03 2.973360e-01
290 6.998040e-01 2.440000e-03 2.977560e-01
291 6.994120e-01 2.400000e-03 2.981880e-01
292 6.989720e-01 2.460000e-03 2.985680e-01
293 6.985840e-01 2.476000e-03 2.989400e-01
294 6.981720e-01 2.520000e-03 2.993080e-01
295 6.976840e-01 2.580000e-03 2.997360e-01
296 6.972200e-01 2.532000e-03 3.002480e-01
297 6.968360e-01 2.420000e-03 3.007440e-01
298 6.964240e-01 2.496000e-03 3.010800e-01
299 6.959680e-01 2.560000e-03 3.014720e-01
300 6.955040e-01 2.564000e-03 3.019320e-01
301 6.950480e-01 2.576000e-03 3.023760e-01
302 6.946400e-01 2.544000e-03 3.028160e-01
303 6.942800e-01 2.504000e-03 3.032160e-01
304 6.938240e-01 2.504000e-03 3.036720e-01
305 6.934040e-01 2.504000e-03 3.040920e-01
306 6.929760e-01 2.428000e-03 3.045960e-01
307 6.925280e-01 2.428000e-03 3.050440e-01
308 6.921200e-01 2.388000e-03 3.054920e-01
309 6.917440e-01 2.336000e-03 3.059200e-01
310 6.914360e-01 2.196000e-03 3.063680e-01
311 6.911440e-01 2.128000e-03 3.067280e-01
312 6.908360e-01 2.044000e-03 3.071200e-01
313 6.905440e-01 2.036000e-03 3.074200e-01
314 6.901600e-01 2.080000e-03 3.077600e-01
315 6.898560e-01 2.048000e-03 3.080960e-01
316 6.895120e-01 2.020000e-03 3.084680e-01
317 6.891480e-01 2.044000e-03 3.088080e-01
318 6.888000e-01 2.068000e-03 3.091320e-01
319 6.884960e-01 2.020000e-03 3.094840e-01
320 6.881560e-01 1.996000e-03 3.098480e-01
321 6.877880e-01 1.992000e-03 3.102200e-01
322 6.873920e-01 2.052000e-03 3.105560e-01
323 6.869920e-01 2.068000e-03 3.109400e-01
324 6.866240e-01 2.100000e-03 3.112760e-01
325 6.862440e-01 2.072000e-03 3.116840e-01
326 6.858320e-01 2.128000e-03 3.120400e-01
327 6.855480e-01 2.092000e-03 3.123600e-01
328 6.851840e-01 2.100000e-03 3.127160e-01
329 6.848360e-01 2.028000e-03 3.131360e-01
330 6.845480e-01 1.948000e-03 3.135040e-01
331 6.842960e-01 1.880000e-03 3.138240e-01
332 6.840800e-01 1.720000e-03 3.142000e-01
333 6.838200e-01 1.696000e-03 3.144840e-01
334 6.836080e-01 1.652000e-03 3.147400e-01
335 6.833680e-01 1.600000e-03 3.150320e-01
336 6.831440e-01 1.528000e-03 3.153280e-01
337 6.830160e-01 1.416000e-03 3.155680e-01
338 6.827800e-01 1.420000e-03 3.158000e-01
339 6.824920e-01 1.448000e-03 3.160600e-01
340 6.822520e-01 1.420000e-03 3.163280e-01
341 6.820480e-01 1.356000e-03 3.165960e-01
342 6.818800e-01 1.276000e-03 3.168440e-01
343 6.816360e-01 1.296000e-03 3.170680e-01
344 6.813600e-01 1.360000e-03 3.172800e-01
345 6.811280e-01 1.384000e-03 3.174880e-01
346 6.808800e-01 1.416000e-03 3.177040e-01
347 6.806920e-01 1.348000e-03 3.179600e-01
348 6.804520e-01 1.392000e-03 3.181560e-01
349 6.801360e-01 1.428000e-03 3.184360e-01
350 6.798400e-01 1.464000e-03 3.186960e-01
351 6.795880e-01 1.512000e-03 3.189000e-01
352 6.794000e-01 1.488000e-03 3.191120e-01
353 6.791800e-01 1.412000e-03 3.194080e-01
354 6.789280e-01 1.388000e-03 3.196840e-01
355 6.786520e-01 1.396000e-03 3.199520e-01
356 6.784160e-01 1.372000e-03 3.202120e-01
357 6.781240e-01 1.432000e-03 3.204440e-01
358 6.778480e-01 1.468000e-03 3.206840e-01
359 6.775920e-01 1.448000e-03 3.209600e-01
360 6.773040e-01 1.500000e-03 3.211960e-01
361 6.770200e-01 1.564000e-03 3.214160e-01
362 6.767360e-01 1.564000e-03 3.217000e-01
363 6.764480e-01 1.540000e-03 3.220120e-01
364 6.762080e-01 1.476000e-03 3.223160e-01
365 6.759160e-01 1.520000e-03 3.225640e-01
366 6.756440e-01 1.580000e-03 3.227760e-01
367 6.753880e-01 1.544000e-03 3.230680e-01
368 6.751360e-01 1.576000e-03 3.232880e-01
369 6.748640e-01 1.572000e-03 3.235640e-01
370 6.745840e-01 1.572000e-03 3.238440e-01
371 6.743840e-01 1.520000e-03 3.240960e-01
372 6.741520e-01 1.456000e-03 3.243920e-01
373 6.739560e-01 1.408000e-03 3.246360e-01
374 6.737640e-01 1.380000e-03 3.248560e-01
375 6.735280e-01 1.404000e-03 3.250680e-01
376 6.733760e-01 1.204000e-03 3.254200e-01
377 6.731760e-01 1.208000e-03 3.256160e-01
378 6.729600e-01 1.224000e-03 3.258160e-01
379 6.727920e-01 1.148000e-03 3.260600e-01
380 6.726120e-01 1.140000e-03 3.262480e-01
381 6.724200e-01 1.112000e-03 3.264680e-01
382 6.722720e-01 1.064000e-03 3.266640e-01
383 6.721120e-01 1.072000e-03 3.268160e-01
384 6.719640e-01 1.028000e-03 3.270080e-01
385 6.717680e-01 1.040000e-03 3.271920e-01
386 6.716280e-01 1.028000e-03 3.273440e-01
387 6.714280e-01 1.056000e-03 3.275160e-01
388 6.712080e-01 1.108000e-03 3.276840e-01
389 6.710000e-01 1.104000e-03 3.278960e-01
390 6.708320e-01 1.088000e-03 3.280800e-01
391 6.706800e-01 1.048000e-03 3.282720e-01
392 6.705280e-01 1.068000e-03 3.284040e-01
393 6.703600e-01 1.036000e-03 3.286040e-01
394 6.702200e-01 1.032000e-03 3.287480e-01
395 6.700200e-01 1.044000e-03 3.289360e-01
396 6.698480e-01 1.044000e-03 3.291080e-01
397 6.696640e-01 1.068000e-03 3.292680e-01
398 6.695120e-01 9.880000e-04 3.295000e-01
399 6.693560e-01 1.024000e-03 3.296200e-01
400 6.691800e-01 1.036000e-03 3.297840e-01
401 6.690120e-01 1.016000e-03 3.299720e-01
402 6.688080e-01 1.060000e-03 3.301320e-01
403 6.686400e-01 1.012000e-03 3.303480e-01
404 6.684720e-01 1.056000e-03 3.304720e-01
405 6.682720e-01 1.040000e-03 3.306880e-01
406 6.681320e-01 1.012000e-03 3.308560e-01
407 6.679720e-01 9.800000e-04 3.310480e-01
408 6.677840e-01 9.800000e-04 3.312360e-01
409 6.676120e-01 9.960000e-04 3.313920e-01
410 6.674520e-01 9.520000e-04 3.315960e-01
411 6.673200e-01 9.280000e-04 3.317520e-01
412 6.671840e-01 9.120000e-04 3.319040e-01
413 6.670600e-01 8.960000e-04 3.320440e-01
414 6.668760e-01 9.480000e-04 3.321760e-01
415 6.667040e-01 9.560000e-04 3.323400e-01
416 6.665600e-01 9.320000e-04 3.325080e-01
417 6.664200e-01 9.000000e-04 3.326800e-01
418 6.662680e-01 9.200000e-04 3.328120e-01
419 6.661360e-01 9.240000e-04 3.329400e-01
420 6.659920e-01 9.320000e-04 3.330760e-01
421 6.658720e-01 9.000000e-04 3.332280e-01
422 6.657240e-01 9.040000e-04 3.333720e-01
423 6.655520e-01 9.120000e-04 3.335360e-01
424 6.654160e-01 8.760000e-04 3.337080e-01
425 6.652640e-01 8.880000e-04 3.338480e-01
426 6.651040e-01 8.720000e-04 3.340240e-01
427 6.649960e-01 8.240000e-04 3.341800e-01
428 6.648640e-01 8.200000e-04 3.343160e-01
429 6.647280e-01 8.320000e-04 3.344400e-01
430 6.645640e-01 8.360000e-04 3.346000e-01
431 6.644880e-01 7.520000e-04 3.347600e-01
432 6.643600e-01 7.600000e-04 3.348800e-01
433 6.642360e-01 7.280000e-04 3.350360e-01
434 6.640920e-01 7.480000e-04 3.351600e-01
435 6.639480e-01 7.720000e-04 3.352800e-01
436 6.638160e-01 7.840000e-04 3.354000e-01
437 6.636800e-01 7.880000e-04 3.355320e-01
438 6.635960e-01 7.200000e-04 3.356840e-01
439 6.634880e-01 7.000000e-04 3.358120e-01
440 6.633600e-01 7.160000e-04 3.359240e-01
441 6.632800e-01 6.840000e-04 3.360360e-01
442 6.632080e-01 6.480000e-04 3.361440e-01
443 6.631160e-01 6.160000e-04 3.362680e-01
444 6.630360e-01 5.520000e-04 3.364120e-01
445 6.629880e-01 5.200000e-04 3.364920e-01
446 6.629240e-01 4.800000e-04 3.365960e-01
447 6.628640e-01 4.680000e-04 3.366680e-01
448 6.628240e-01 4.320000e-04 3.367440e-01
449 6.627840e-01 4.000000e-04 3.368160e-01
450 6.627280e-01 4.040000e-04 3.368680e-01
451 6.626640e-01 3.640000e-04 3.369720e-01
452 6.626080e-01 3.680000e-04 3.370240e-01
453 6.625160e-01 3.920000e-04 3.370920e-01
454 6.624240e-01 4.240000e-04 3.371520e-01
455 6.623200e-01 4.600000e-04 3.372200e-01
456 6.622280e-01 4.600000e-04 3.373120e-01
457 6.621160e-01 4.800000e-04 3.374040e-01
458 6.620640e-01 4.520000e-04 3.374840e-01
459 6.619960e-01 4.400000e-04 3.375640e-01
460 6.619040e-01 4.640000e-04 3.376320e-01
461 6.618120e-01 4.720000e-04 3.377160e-01
462 6.617040e-01 4.880000e-04 3.378080e-01
463 6.616280e-01 4.720000e-04 3.379000e-01
464 6.615480e-01 4.720000e-04 3.379800e-01
465 6.614520e-01 5.040000e-04 3.380440e-01
466 6.613760e-01 4.920000e-04 3.381320e-01
467 6.613320e-01 4.640000e-04 3.382040e-01
468 6.612280e-01 4.840000e-04 3.382880e-01
469 6.611160e-01 5.200000e-04 3.383640e-01
470 6.610360e-01 5.120000e-04 3.384520e-01
471 6.609600e-01 5.200000e-04 3.385200e-01
472 6.608800e-01 5.200000e-04 3.386000e-01
473 6.608240e-01 4.800000e-04 3.386960e-01
474 6.607280e-01 4.880000e-04 3.387840e-01
475 6.606360e-01 4.880000e-04 3.388760e-01
476 6.605520e-01 4.800000e-04 3.389680e-01
477 6.604600e-01 4.920000e-04 3.390480e-01
478 6.603600e-01 5.160000e-04 3.391240e-01
479 6.602560e-01 5.440000e-04 3.392000e-01
480 6.601520e-01 5.520000e-04 3.392960e-01
481 6.600680e-01 5.520000e-04 3.393800e-01
482 6.600080e-01 5.160000e-04 3.394760e-01
483 6.599400e-01 5.000000e-04 3.395600e-01
484 6.598680e-01 4.680000e-04 3.396640e-01
485 6.598080e-01 4.560000e-04 3.397360e-01
486 6.597360e-01 4.360000e-04 3.398280e-01
487 6.596920e-01 3.760000e-04 3.399320e-01
488 6.596400e-01 3.600000e-04 3.400000e-01
489 6.595680e-01 3.640000e-04 3.400680e-01
490 6.595120e-01 3.480000e-04 3.401400e-01
491 6.594480e-01 3.640000e-04 3.401880e-01
492 6.593880e-01 3.680000e-04 3.402440e-01
493 6.593120e-01 3.440000e-04 3.403440e-01
494 6.592600e-01 3.120000e-04 3.404280e-01
495 6.592160e-01 3.000000e-04 3.404840e-01
496 6.591760e-01 2.920000e-04 3.405320e-01
497 6.591240e-01 3.000000e-04 3.405760e-01
498 6.590600e-01 3.000000e-04 3.406400e-01
499 6.590160e-01 3.080000e-04 3.406760e-01
500 6.589680e-01 2.760000e-04 3.407560e-01
