1 9.991000e-01 7.600000e-04 1.400000e-04
2 9.985680e-01 1.084000e-03 3.480000e-04
3 9.978800e-01 1.544000e-03 5.760000e-04
4 9.972040e-01 1.944000e-03 8.520000e-04
5 9.965040e-01 2.288000e-03 1.208000e-03
6 9.957320e-01 2.616000e-03 1.652000e-03
7 9.949240e-01 2.980000e-03 2.096000e-03
8 9.939840e-01 3.284000e-03 2.732000e-03
9 9.931520e-01 3.496000e-03 3.352000e-03
10 9.920800e-01 3.980000e-03 3.940000e-03
11 9.910640e-01 4.308000e-03 4.628000e-03
12 9.899720e-01 4.548000e-03 5.480000e-03
13 9.889040e-01 4.808000e-03 6.288000e-03
14 9.878720e-01 4.988000e-03 7.140000e-03
15 9.867120e-01 5.240000e-03 8.048000e-03
16 9.854880e-01 5.548000e-03 8.964000e-03
17 9.842160e-01 5.852000e-03 9.932000e-03
18 9.828200e-01 6.152000e-03 1.102800e-02
19 9.816720e-01 6.260000e-03 1.206800e-02
20 9.803720e-01 6.512000e-03 1.311600e-02
21 9.791320e-01 6.532000e-03 1.433600e-02
22 9.778840e-01 6.472000e-03 1.564400e-02
23 9.766720e-01 6.500000e-03 1.682800e-02
24 9.753640e-01 6.784000e-03 1.785200e-02
25 9.738440e-01 6.920000e-03 1.923600e-02
26 9.723800e-01 7.240000e-03 2.038000e-02
27 9.708800e-01 7.404000e-03 2.171600e-02
28 9.694880e-01 7.564000e-03 2.294800e-02
29 9.682120e-01 7.484000e-03 2.430400e-02
30 9.669160e-01 7.512000e-03 2.557200e-02
31 9.655600e-01 7.604000e-03 2.683600e-02
32 9.641600e-01 7.836000e-03 2.800400e-02
33 9.629440e-01 7.624000e-03 2.943200e-02
34 9.615160e-01 7.632000e-03 3.085200e-02
35 9.600840e-01 7.596000e-03 3.232000e-02
36 9.587320e-01 7.652000e-03 3.361600e-02
37 9.573960e-01 7.580000e-03 3.502400e-02
38 9.559600e-01 7.672000e-03 3.636800e-02
39 9.545200e-01 7.780000e-03 3.770000e-02
40 9.530440e-01 7.848000e-03 3.910800e-02
41 9.516400e-01 7.880000e-03 4.048000e-02
42 9.502200e-01 7.904000e-03 4.187600e-02
43 9.488120e-01 8.000000e-03 4.318800e-02
44 9.475240e-01 7.932000e-03 4.454400e-02
45 9.462280e-01 7.964000e-03 4.580800e-02
46 9.449680e-01 7.828000e-03 4.720400e-02
47 9.435720e-01 7.920000e-03 4.850800e-02
48 9.421720e-01 8.000000e-03 4.982800e-02
49 9.407960e-01 7.876000e-03 5.132800e-02
50 9.393360e-01 7.928000e-03 5.273600e-02
51 9.380880e-01 7.740000e-03 5.417200e-02
52 9.367120e-01 7.840000e-03 5.544800e-02
53 9.353760e-01 7.764000e-03 5.686000e-02
54 9.340160e-01 7.808000e-03 5.817600e-02
55 9.327080e-01 7.696000e-03 5.959600e-02
56 9.313240e-01 7.728000e-03 6.094800e-02
57 9.299520e-01 7.688000e-03 6.236000e-02
58 9.287120e-01 7.452000e-03 6.383600e-02
59 9.272800e-01 7.512000e-03 6.520800e-02
60 9.261800e-01 7.264000e-03 6.655600e-02
61 9.249120e-01 7.236000e-03 6.785200e-02
62 9.236680e-01 7.252000e-03 6.908000e-02
63 9.222720e-01 7.308000e-03 7.042000e-02
64 9.209880e-01 7.296000e-03 7.171600e-02
65 9.196640e-01 7.412000e-03 7.292400e-02
66 9.183800e-01 7.416000e-03 7.420400e-02
67 9.171640e-01 7.340000e-03 7.549600e-02
68 9.160000e-01 7.324000e-03 7.667600e-02
69 9.147000e-01 7.304000e-03 7.799600e-02
70 9.133560e-01 7.340000e-03 7.930400e-02
71 9.121600e-01 7.216000e-03 8.062400e-02
72 9.109640e-01 7.072000e-03 8.196400e-02
73 9.097280e-01 7.100000e-03 8.317200e-02
74 9.083720e-01 7.088000e-03 8.454000e-02
75 9.071760e-01 7.012000e-03 8.581200e-02
76 9.059560e-01 7.000000e-03 8.704400e-02
77 9.044920e-01 7.292000e-03 8.821600e-02
78 9.032520e-01 7.240000e-03 8.950800e-02
79 9.018480e-01 7.424000e-03 9.072800e-02
80 9.004560e-01 7.488000e-03 9.205600e-02
81 8.991960e-01 7.480000e-03 9.332400e-02
82 8.977760e-01 7.628000e-03 9.459600e-02
83 8.964160e-01 7.704000e-03 9.588000e-02
84 8.950800e-01 7.616000e-03 9.730400e-02
85 8.937800e-01 7.644000e-03 9.857600e-02
86 8.924120e-01 7.712000e-03 9.987600e-02
87 8.911760e-01 7.556000e-03 1.012680e-01
88 8.898720e-01 7.512000e-03 1.026160e-01
89 8.884600e-01 7.596000e-03 1.039440e-01
90 8.872120e-01 7.540000e-03 1.052480e-01
91 8.858320e-01 7.648000e-03 1.065200e-01
92 8.844760e-01 7.736000e-03 1.077880e-01
93 8.830760e-01 7.728000e-03 1.091960e-01
94 8.818560e-01 7.532000e-03 1.106120e-01
95 8.805200e-01 7.556000e-03 1.119240e-01
96 8.792880e-01 7.408000e-03 1.133040e-01
97 8.778880e-01 7.676000e-03 1.144360e-01
98 8.765400e-01 7.676000e-03 1.157840e-01
99 8.750560e-01 7.756000e-03 1.171880e-01
100 8.735800e-01 7.824000e-03 1.185960e-01
101 8.720960e-01 7.956000e-03 1.199480e-01
102 8.707440e-01 7.952000e-03 1.213040e-01
103 8.694320e-01 7.924000e-03 1.226440e-01
104 8.680560e-01 7.972000e-03 1.239720e-01
105 8.668160e-01 7.956000e-03 1.252280e-01
106 8.657040e-01 7.808000e-03 1.264880e-01
107 8.644760e-01 7.704000e-03 1.278200e-01
108 8.633000e-01 7.504000e-03 1.291960e-01
109 8.620280e-01 7.428000e-03 1.305440e-01
110 8.608320e-01 7.284000e-03 1.318840e-01
111 8.595120e-01 7.344000e-03 1.331440e-01
112 8.582880e-01 7.164000e-03 1.345480e-01
113 8.569800e-01 7.316000e-03 1.357040e-01
114 8.555160e-01 7.492000e-03 1.369920e-01
115 8.541840e-01 7.544000e-03 1.382720e-01
116 8.528600e-01 7.484000e-03 1.396560e-01
117 8.516160e-01 7.508000e-03 1.408760e-01
118 8.503360e-01 7.460000e-03 1.422040e-01
119 8.490360e-01 7.232000e-03 1.437320e-01
120 8.479400e-01 7.132000e-03 1.449280e-01
121 8.467680e-01 7.168000e-03 1.460640e-01
122 8.457400e-01 6.900000e-03 1.473600e-01
123 8.447120e-01 6.588000e-03 1.487000e-01
124 8.435720e-01 6.612000e-03 1.498160e-01
125 8.424240e-01 6.524000e-03 1.510520e-01
126 8.412640e-01 6.500000e-03 1.522360e-01
127 8.402440e-01 6.420000e-03 1.533360e-01
128 8.392720e-01 6.260000e-03 1.544680e-01
129 8.383080e-01 6.124000e-03 1.555680e-01
130 8.373920e-01 5.988000e-03 1.566200e-01
131 8.364240e-01 5.944000e-03 1.576320e-01
132 8.355040e-01 5.852000e-03 1.586440e-01
133 8.345600e-01 5.804000e-03 1.596360e-01
134 8.335480e-01 5.800000e-03 1.606520e-01
135 8.325480e-01 5.776000e-03 1.616760e-01
136 8.314120e-01 5.916000e-03 1.626720e-01
137 8.303960e-01 5.856000e-03 1.637480e-01
138 8.294280e-01 5.764000e-03 1.648080e-01
139 8.283240e-01 5.784000e-03 1.658920e-01
140 8.272240e-01 5.816000e-03 1.669600e-01
141 8.261040e-01 5.964000e-03 1.679320e-01
142 8.250520e-01 5.888000e-03 1.690600e-01
143 8.240480e-01 5.964000e-03 1.699880e-01
144 8.230520e-01 5.968000e-03 1.709800e-01
145 8.221560e-01 5.804000e-03 1.720400e-01
146 8.212040e-01 5.776000e-03 1.730200e-01
147 8.202040e-01 5.664000e-03 1.741320e-01
148 8.193400e-01 5.556000e-03 1.751040e-01
149 8.183560e-01 5.568000e-03 1.760760e-01
150 8.173600e-01 5.632000e-03 1.770080e-01
151 8.163320e-01 5.660000e-03 1.780080e-01
152 8.153440e-01 5.624000e-03 1.790320e-01
153 8.142800e-01 5.688000e-03 1.800320e-01
154 8.132720e-01 5.704000e-03 1.810240e-01
155 8.122120e-01 5.808000e-03 1.819800e-01
156 8.111520e-01 5.684000e-03 1.831640e-01
157 8.101200e-01 5.592000e-03 1.842880e-01
158 8.090080e-01 5.772000e-03 1.852200e-01
159 8.079880e-01 5.748000e-03 1.862640e-01
160 8.069800e-01 5.796000e-03 1.872240e-01
161 8.059360e-01 5.820000e-03 1.882440e-01
162 8.049160e-01 5.776000e-03 1.893080e-01
163 8.039320e-01 5.708000e-03 1.903600e-01
164 8.029680e-01 5.632000e-03 1.914000e-01
165 8.020480e-01 5.556000e-03 1.923960e-01
166 8.010520e-01 5.588000e-03 1.933600e-01
167 8.001080e-01 5.536000e-03 1.943560e-01
168 7.992520e-01 5.360000e-03 1.953880e-01
169 7.984320e-01 5.312000e-03 1.962560e-01
170 7.975560e-01 5.320000e-03 1.971240e-01
171 7.967000e-01 5.240000e-03 1.980600e-01
172 7.958920e-01 5.208000e-03 1.989000e-01
173 7.950640e-01 5.188000e-03 1.997480e-01
174 7.942000e-01 5.112000e-03 2.006880e-01
175 7.933720e-01 4.996000e-03 2.016320e-01
176 7.925360e-01 4.952000e-03 2.025120e-01
177 7.916520e-01 5.040000e-03 2.033080e-01
178 7.907000e-01 5.152000e-03 2.041480e-01
179 7.897880e-01 5.156000e-03 2.050560e-01
180 7.888280e-01 5.160000e-03 2.060120e-01
181 7.878880e-01 5.124000e-03 2.069880e-01
182 7.870800e-01 5.068000e-03 2.078520e-01
183 7.863520e-01 4.832000e-03 2.088160e-01
184 7.856640e-01 4.680000e-03 2.096560e-01
185 7.848920e-01 4.680000e-03 2.104280e-01
186 7.841120e-01 4.728000e-03 2.111600e-01
187 7.832440e-01 4.808000e-03 2.119480e-01
188 7.824080e-01 4.772000e-03 2.128200e-01
189 7.817040e-01 4.684000e-03 2.136120e-01
190 7.808040e-01 4.716000e-03 2.144800e-01
191 7.800040e-01 4.676000e-03 2.153200e-01
192 7.791960e-01 4.688000e-03 2.161160e-01
193 7.783680e-01 4.604000e-03 2.170280e-01
194 7.776840e-01 4.432000e-03 2.178840e-01
195 7.769200e-01 4.428000e-03 2.186520e-01
196 7.762800e-01 4.320000e-03 2.194000e-01
197 7.756360e-01 4.332000e-03 2.200320e-01
198 7.748680e-01 4.340000e-03 2.207920e-01
199 7.741160e-01 4.328000e-03 2.215560e-01
200 7.733600e-01 4.216000e-03 2.224240e-01
201 7.725080e-01 4.304000e-03 2.231880e-01
202 7.717840e-01 4.284000e-03 2.239320e-01
203 7.709680e-01 4.396000e-03 2.246360e-01
204 7.702480e-01 4.320000e-03 2.254320e-01
205 7.694000e-01 4.284000e-03 2.263160e-01
206 7.686520e-01 4.248000e-03 2.271000e-01
207 7.678760e-01 4.256000e-03 2.278680e-01
208 7.671760e-01 4.288000e-03 2.285360e-01
209 7.665080e-01 4.192000e-03 2.293000e-01
210 7.657240e-01 4.268000e-03 2.300080e-01
211 7.649160e-01 4.364000e-03 2.307200e-01
212 7.639440e-01 4.548000e-03 2.315080e-01
213 7.631480e-01 4.624000e-03 2.322280e-01
214 7.622720e-01 4.784000e-03 2.329440e-01
215 7.613960e-01 4.840000e-03 2.337640e-01
216 7.605480e-01 4.760000e-03 2.346920e-01
217 7.597880e-01 4.628000e-03 2.355840e-01
218 7.590320e-01 4.544000e-03 2.364240e-01
219 7.583280e-01 4.484000e-03 2.371880e-01
220 7.575560e-01 4.460000e-03 2.379840e-01
221 7.568000e-01 4.440000e-03 2.387600e-01
222 7.559880e-01 4.544000e-03 2.394680e-01
223 7.552000e-01 4.436000e-03 2.403640e-01
224 7.545320e-01 4.332000e-03 2.411360e-01
225 7.539200e-01 4.136000e-03 2.419440e-01
226 7.533280e-01 4.032000e-03 2.426400e-01
227 7.526040e-01 4.084000e-03 2.433120e-01
228 7.519440e-01 3.976000e-03 2.440800e-01
229 7.513000e-01 3.928000e-03 2.447720e-01
230 7.506240e-01 3.880000e-03 2.454960e-01
231 7.499360e-01 3.840000e-03 2.462240e-01
232 7.491720e-01 3.964000e-03 2.468640e-01
233 7.485600e-01 3.980000e-03 2.474600e-01
234 7.479480e-01 3.860000e-03 2.481920e-01
235 7.473160e-01 3.772000e-03 2.489120e-01
236 7.466760e-01 3.704000e-03 2.496200e-01
237 7.459920e-01 3.748000e-03 2.502600e-01
238 7.454280e-01 3.632000e-03 2.509400e-01
239 7.448400e-01 3.612000e-03 2.515480e-01
240 7.442320e-01 3.556000e-03 2.522120e-01
241 7.437560e-01 3.424000e-03 2.528200e-01
242 7.431720e-01 3.492000e-03 2.533360e-01
243 7.426360e-01 3.416000e-03 2.539480e-01
244 7.419240e-01 3.556000e-03 2.545200e-01
245 7.413360e-01 3.508000e-03 2.551560e-01
246 7.407120e-01 3.528000e-03 2.557600e-01
247 7.399960e-01 3.632000e-03 2.563720e-01
248 7.392200e-01 3.784000e-03 2.569960e-01
249 7.386240e-01 3.692000e-03 2.576840e-01
250 7.378880e-01 3.752000e-03 2.583600e-01
251 7.373640e-01 3.716000e-03 2.589200e-01
252 7.368080e-01 3.648000e-03 2.595440e-01
253 7.361360e-01 3.696000e-03 2.601680e-01
254 7.355000e-01 3.644000e-03 2.608560e-01
255 7.348480e-01 3.684000e-03 2.614680e-01
256 7.342520e-01 3.560000e-03 2.621880e-01
257 7.337160e-01 3.424000e-03 2.628600e-01
258 7.330800e-01 3.420000e-03 2.635000e-01
259 7.324240e-01 3.516000e-03 2.640600e-01
260 7.317920e-01 3.624000e-03 2.645840e-01
261 7.311920e-01 3.552000e-03 2.652560e-01
262 7.305840e-01 3.488000e-03 2.659280e-01
263 7.298680e-01 3.668000e-03 2.664640e-01
264 7.292280e-01 3.728000e-03 2.670440e-01
265 7.286080e-01 3.704000e-03 2.676880e-01
266 7.279200e-01 3.640000e-03 2.684400e-01
267 7.273800e-01 3.572000e-03 2.690480e-01
268 7.267120e-01 3.576000e-03 2.697120e-01
269 7.261600e-01 3.512000e-03 2.703280e-01
270 7.256400e-01 3.408000e-03 2.709520e-01
271 7.251360e-01 3.204000e-03 2.716600e-01
272 7.245440e-01 3.272000e-03 2.721840e-01
273 7.240000e-01 3.272000e-03 2.727280e-01
274 7.235080e-01 3.220000e-03 2.732720e-01
275 7.229560e-01 3.228000e-03 2.738160e-01
276 7.225080e-01 3.120000e-03 2.743720e-01
277 7.219200e-01 3.116000e-03 2.749640e-01
278 7.214640e-01 3.004000e-03 2.755320e-01
279 7.209680e-01 3.064000e-03 2.759680e-01
280 7.204080e-01 3.124000e-03 2.764680e-01
281 7.198480e-01 3.176000e-03 2.769760e-01
282 7.193520e-01 3.084000e-03 2.775640e-01
283 7.188120e-01 3.072000e-03 2.781160e-01
284 7.183440e-01 2.996000e-03 2.786600e-01
285 7.177920e-01 3.060000e-03 2.791480e-01
286 7.173520e-01 2.972000e-03 2.796760e-01
287 7.168720e-01 3.004000e-03 2.801240e-01
288 7.163280e-01 3.044000e-03 2.806280e-01
289 7.157760e-01 3.024000e-03 2.812000e-01
290 7.152840e-01 3.036000e-03 2.816800e-01
291 7.147400e-01 3.004000e-03 2.822560e-01
292 7.142160e-01 3.088000e-03 2.826960e-01
293 7.137160e-01 3.072000e-03 2.832120e-01
294 7.131480e-01 3.096000e-03 2.837560e-01
295 7.126880e-01 3.096000e-03 2.842160e-01
296 7.122080e-01 3.060000e-03 2.847320e-01
297 7.118480e-01 2.880000e-03 2.852720e-01
298 7.114400e-01 2.752000e-03 2.858080e-01
299 7.110160e-01 2.684000e-03 2.863000e-01
300 7.106520e-01 2.576000e-03 2.867720e-01
301 7.102840e-01 2.500000e-03 2.872160e-01
302 7.098800e-01 2.432000e-03 2.876880e-01
303 7.094720e-01 2.436000e-03 2.880920e-01
304 7.090040e-01 2.496000e-03 2.885000e-01
305 7.085120e-01 2.508000e-03 2.889800e-01
306 7.080360e-01 2.604000e-03 2.893600e-01
307 7.075320e-01 2.676000e-03 2.897920e-01
308 7.070440e-01 2.700000e-03 2.902560e-01
309 7.065880e-01 2.692000e-03 2.907200e-01
310 7.061280e-01 2.768000e-03 2.911040e-01
311 7.056000e-01 2.808000e-03 2.915920e-01
312 7.051600e-01 2.756000e-03 2.920840e-01
313 7.046920e-01 2.768000e-03 2.925400e-01
314 7.043120e-01 2.660000e-03 2.930280e-01
315 7.039040e-01 2.576000e-03 2.935200e-01
316 7.035040e-01 2.568000e-03 2.939280e-01
317 7.031880e-01 2.448000e-03 2.943640e-01
318 7.028440e-01 2.356000e-03 2.948000e-01
319 7.024840e-01 2.372000e-03 2.951440e-01
320 7.021360e-01 2.316000e-03 2.955480e-01
321 7.017960e-01 2.204000e-03 2.960000e-01
322 7.015120e-01 2.136000e-03 2.963520e-01
323 7.011560e-01 2.120000e-03 2.967240e-01
324 7.007360e-01 2.124000e-03 2.971400e-01
325 7.004360e-01 2.056000e-03 2.975080e-01
326 7.001560e-01 1.992000e-03 2.978520e-01
327 6.998440e-01 1.988000e-03 2.981680e-01
328 6.995160e-01 2.000000e-03 2.984840e-01
329 6.991640e-01 1.976000e-03 2.988600e-01
330 6.988400e-01 2.000000e-03 2.991600e-01
331 6.985280e-01 2.000000e-03 2.994720e-01
332 6.981960e-01 1.988000e-03 2.998160e-01
333 6.979040e-01 2.012000e-03 3.000840e-01
334 6.976360e-01 1.912000e-03 3.004520e-01
335 6.973720e-01 1.856000e-03 3.007720e-01
336 6.971160e-01 1.776000e-03 3.011080e-01
337 6.968440e-01 1.748000e-03 3.014080e-01
338 6.964680e-01 1.760000e-03 3.017720e-01
339 6.961080e-01 1.796000e-03 3.020960e-01
340 6.958840e-01 1.700000e-03 3.024160e-01
341 6.956440e-01 1.672000e-03 3.026840e-01
342 6.954280e-01 1.656000e-03 3.029160e-01
343 6.951680e-01 1.616000e-03 3.032160e-01
344 6.949200e-01 1.612000e-03 3.034680e-01
345 6.946440e-01 1.552000e-03 3.038040e-01
346 6.944160e-01 1.488000e-03 3.040960e-01
347 6.941440e-01 1.468000e-03 3.043880e-01
348 6.938560e-01 1.468000e-03 3.046760e-01
349 6.936720e-01 1.400000e-03 3.049280e-01
350 6.933840e-01 1.416000e-03 3.052000e-01
351 6.931240e-01 1.412000e-03 3.054640e-01
352 6.929360e-01 1.344000e-03 3.057200e-01
353 6.927040e-01 1.368000e-03 3.059280e-01
354 6.924280e-01 1.420000e-03 3.061520e-01
355 6.921640e-01 1.464000e-03 3.063720e-01
356 6.918560e-01 1.568000e-03 3.065760e-01
357 6.915600e-01 1.584000e-03 3.068560e-01
358 6.912920e-01 1.552000e-03 3.071560e-01
359 6.911040e-01 1.484000e-03 3.074120e-01
360 6.908600e-01 1.496000e-03 3.076440e-01
361 6.906440e-01 1.472000e-03 3.078840e-01
362 6.903440e-01 1.504000e-03 3.081520e-01
363 6.900640e-01 1.484000e-03 3.084520e-01
364 6.898440e-01 1.448000e-03 3.087080e-01
365 6.895560e-01 1.508000e-03 3.089360e-01
366 6.892840e-01 1.508000e-03 3.092080e-01
367 6.891000e-01 1.452000e-03 3.094480e-01
368 6.888880e-01 1.424000e-03 3.096880e-01
369 6.886680e-01 1.448000e-03 3.098840e-01
370 6.884560e-01 1.400000e-03 3.101440e-01
371 6.882680e-01 1.376000e-03 3.103560e-01
372 6.880400e-01 1.340000e-03 3.106200e-01
373 6.877520e-01 1.400000e-03 3.108480e-01
374 6.874960e-01 1.368000e-03 3.111360e-01
375 6.873160e-01 1.332000e-03 3.113520e-01
376 6.870760e-01 1.288000e-03 3.116360e-01
377 6.869040e-01 1.208000e-03 3.118880e-01
378 6.867000e-01 1.224000e-03 3.120760e-01
379 6.864600e-01 1.240000e-03 3.123000e-01
380 6.862440e-01 1.212000e-03 3.125440e-01
381 6.860080e-01 1.172000e-03 3.128200e-01
382 6.858120e-01 1.156000e-03 3.130320e-01
383 6.856000e-01 1.188000e-03 3.132120e-01
384 6.854320e-01 1.184000e-03 3.133840e-01
385 6.852160e-01 1.212000e-03 3.135720e-01
386 6.849520e-01 1.264000e-03 3.137840e-01
387 6.847640e-01 1.228000e-03 3.140080e-01
388 6.844880e-01 1.236000e-03 3.142760e-01
389 6.842760e-01 1.244000e-03 3.144800e-01
390 6.840560e-01 1.284000e-03 3.146600e-01
391 6.838560e-01 1.240000e-03 3.149040e-01
392 6.836280e-01 1.268000e-03 3.151040e-01
393 6.834280e-01 1.236000e-03 3.153360e-01
394 6.832560e-01 1.208000e-03 3.155360e-01
395 6.830560e-01 1.188000e-03 3.157560e-01
396 6.829200e-01 1.108000e-03 3.159720e-01
397 6.827280e-01 1.124000e-03 3.161480e-01
398 6.825440e-01 1.084000e-03 3.163720e-01
399 6.823600e-01 1.056000e-03 3.165840e-01
400 6.821560e-01 1.092000e-03 3.167520e-01
401 6.819920e-01 1.104000e-03 3.169040e-01
402 6.817840e-01 1.096000e-03 3.171200e-01
403 6.815960e-01 1.152000e-03 3.172520e-01
404 6.813840e-01 1.160000e-03 3.174560e-01
405 6.811120e-01 1.216000e-03 3.176720e-01
406 6.808640e-01 1.252000e-03 3.178840e-01
407 6.806840e-01 1.184000e-03 3.181320e-01
408 6.804400e-01 1.240000e-03 3.183200e-01
409 6.802160e-01 1.236000e-03 3.185480e-01
410 6.800280e-01 1.232000e-03 3.187400e-01
411 6.798120e-01 1.256000e-03 3.189320e-01
412 6.795720e-01 1.296000e-03 3.191320e-01
413 6.792960e-01 1.344000e-03 3.193600e-01
414 6.790120e-01 1.380000e-03 3.196080e-01
415 6.787600e-01 1.348000e-03 3.198920e-01
416 6.785120e-01 1.412000e-03 3.200760e-01
417 6.782000e-01 1.496000e-03 3.203040e-01
418 6.779960e-01 1.472000e-03 3.205320e-01
419 6.777360e-01 1.416000e-03 3.208480e-01
420 6.775160e-01 1.324000e-03 3.211600e-01
421 6.773080e-01 1.336000e-03 3.213560e-01
422 6.770240e-01 1.404000e-03 3.215720e-01
423 6.768120e-01 1.392000e-03 3.217960e-01
424 6.765840e-01 1.352000e-03 3.220640e-01
425 6.763960e-01 1.328000e-03 3.222760e-01
426 6.761840e-01 1.336000e-03 3.224800e-01
427 6.759680e-01 1.288000e-03 3.227440e-01
428 6.757600e-01 1.244000e-03 3.229960e-01
429 6.755920e-01 1.208000e-03 3.232000e-01
430 6.753760e-01 1.192000e-03 3.234320e-01
431 6.751840e-01 1.184000e-03 3.236320e-01
432 6.749600e-01 1.176000e-03 3.238640e-01
433 6.747760e-01 1.140000e-03 3.240840e-01
434 6.745920e-01 1.128000e-03 3.242800e-01
435 6.744200e-01 1.092000e-03 3.244880e-01
436 6.742520e-01 1.044000e-03 3.247040e-01
437 6.740920e-01 1.060000e-03 3.248480e-01
438 6.739360e-01 1.048000e-03 3.250160e-01
439 6.737520e-01 1.080000e-03 3.251680e-01
440 6.735720e-01 1.068000e-03 3.253600e-01
441 6.734160e-01 1.056000e-03 3.255280e-01
442 6.732480e-01 1.056000e-03 3.256960e-01
443 6.730680e-01 1.084000e-03 3.258480e-01
444 6.728960e-01 1.028000e-03 3.260760e-01
445 6.727200e-01 1.032000e-03 3.262480e-01
446 6.725400e-01 1.004000e-03 3.264560e-01
447 6.724040e-01 9.400000e-04 3.266560e-01
448 6.723040e-01 8.440000e-04 3.268520e-01
449 6.721600e-01 8.640000e-04 3.269760e-01
450 6.719920e-01 8.600000e-04 3.271480e-01
451 6.718040e-01 9.000000e-04 3.272960e-01
452 6.716440e-01 8.920000e-04 3.274640e-01
453 6.714320e-01 9.240000e-04 3.276440e-01
454 6.712320e-01 9.720000e-04 3.277960e-01
455 6.710080e-01 9.920000e-04 3.280000e-01
456 6.707600e-01 1.000000e-03 3.282400e-01
457 6.705280e-01 1.092000e-03 3.283800e-01
458 6.703040e-01 1.112000e-03 3.285840e-01
459 6.700120e-01 1.220000e-03 3.287680e-01
460 6.698160e-01 1.212000e-03 3.289720e-01
461 6.696280e-01 1.152000e-03 3.292200e-01
462 6.694200e-01 1.168000e-03 3.294120e-01
463 6.692560e-01 1.176000e-03 3.295680e-01
464 6.690840e-01 1.132000e-03 3.297840e-01
465 6.689640e-01 1.044000e-03 3.299920e-01
466 6.687720e-01 1.060000e-03 3.301680e-01
467 6.686080e-01 1.044000e-03 3.303480e-01
468 6.684440e-01 1.048000e-03 3.305080e-01
469 6.683240e-01 9.760000e-04 3.307000e-01
470 6.682000e-01 9.440000e-04 3.308560e-01
471 6.680600e-01 9.160000e-04 3.310240e-01
472 6.679400e-01 8.960000e-04 3.311640e-01
473 6.677880e-01 8.680000e-04 3.313440e-01
474 6.676560e-01 8.040000e-04 3.315400e-01
475 6.675080e-01 7.800000e-04 3.317120e-01
476 6.673920e-01 7.480000e-04 3.318600e-01
477 6.673160e-01 6.960000e-04 3.319880e-01
478 6.672360e-01 6.560000e-04 3.321080e-01
479 6.671240e-01 6.960000e-04 3.321800e-01
480 6.669920e-01 7.040000e-04 3.323040e-01
481 6.669320e-01 6.240000e-04 3.324440e-01
482 6.668120e-01 6.280000e-04 3.325600e-01
483 6.666800e-01 6.520000e-04 3.326680e-01
484 6.665720e-01 6.760000e-04 3.327520e-01
485 6.664360e-01 6.840000e-04 3.328800e-01
486 6.663200e-01 6.960000e-04 3.329840e-01
487 6.661920e-01 7.160000e-04 3.330920e-01
488 6.660680e-01 7.400000e-04 3.331920e-01
489 6.659160e-01 7.680000e-04 3.333160e-01
490 6.657760e-01 7.840000e-04 3.334400e-01
491 6.656800e-01 7.320000e-04 3.335880e-01
492 6.655560e-01 7.840000e-04 3.336600e-01
493 6.654240e-01 8.080000e-04 3.337680e-01
494 6.652760e-01 8.160000e-04 3.339080e-01
495 6.651440e-01 7.840000e-04 3.340720e-01
496 6.650160e-01 7.960000e-04 3.341880e-01
497 6.648680e-01 8.240000e-04 3.343080e-01
498 6.646680e-01 8.640000e-04 3.344680e-01
499 6.645160e-01 8.640000e-04 3.346200e-01
500 6.643440e-01 9.200000e-04 3.347360e-01
