1 9.992080e-01 7.240000e-04 6.800000e-05
2 9.987040e-01 1.048000e-03 2.480000e-04
3 9.980160e-01 1.540000e-03 4.440000e-04
4 9.972600e-01 1.992000e-03 7.480000e-04
5 9.963080e-01 2.568000e-03 1.124000e-03
6 9.953000e-01 3.080000e-03 1.620000e-03
7 9.943240e-01 3.512000e-03 2.164000e-03
8 9.933360e-01 3.916000e-03 2.748000e-03
9 9.922480e-01 4.300000e-03 3.452000e-03
10 9.910960e-01 4.612000e-03 4.292000e-03
11 9.899080e-01 4.876000e-03 5.216000e-03
12 9.885840e-01 5.320000e-03 6.096000e-03
13 9.873280e-01 5.684000e-03 6.988000e-03
14 9.859760e-01 5.940000e-03 8.084000e-03
15 9.846040e-01 6.248000e-03 9.148000e-03
16 9.832200e-01 6.364000e-03 1.041600e-02
17 9.817800e-01 6.728000e-03 1.149200e-02
18 9.803200e-01 7.016000e-03 1.266400e-02
19 9.789120e-01 7.208000e-03 1.388000e-02
20 9.774760e-01 7.448000e-03 1.507600e-02
21 9.758960e-01 7.792000e-03 1.631200e-02
22 9.742640e-01 8.064000e-03 1.767200e-02
23 9.727560e-01 8.156000e-03 1.908800e-02
24 9.712680e-01 8.348000e-03 2.038400e-02
25 9.697600e-01 8.228000e-03 2.201200e-02
26 9.682160e-01 8.072000e-03 2.371200e-02
27 9.667280e-01 8.252000e-03 2.502000e-02
28 9.652960e-01 8.200000e-03 2.650400e-02
29 9.638480e-01 8.280000e-03 2.787200e-02
30 9.623360e-01 8.432000e-03 2.923200e-02
31 9.609200e-01 8.412000e-03 3.066800e-02
32 9.594720e-01 8.384000e-03 3.214400e-02
33 9.579600e-01 8.496000e-03 3.354400e-02
34 9.563920e-01 8.484000e-03 3.512400e-02
35 9.548680e-01 8.472000e-03 3.666000e-02
36 9.533560e-01 8.572000e-03 3.807200e-02
37 9.518560e-01 8.752000e-03 3.939200e-02
38 9.503440e-01 8.788000e-03 4.086800e-02
39 9.487960e-01 8.848000e-03 4.235600e-02
40 9.470320e-01 9.040000e-03 4.392800e-02
41 9.453760e-01 9.280000e-03 4.534400e-02
42 9.435760e-01 9.496000e-03 4.692800e-02
43 9.419400e-01 9.476000e-03 4.858400e-02
44 9.404240e-01 9.376000e-03 5.020000e-02
45 9.389000e-01 9.340000e-03 5.176000e-02
46 9.373440e-01 9.260000e-03 5.339600e-02
47 9.356040e-01 9.440000e-03 5.495600e-02
48 9.339680e-01 9.340000e-03 5.669200e-02
49 9.323960e-01 9.188000e-03 5.841600e-02
50 9.307760e-01 9.188000e-03 6.003600e-02
51 9.290080e-01 9.252000e-03 6.174000e-02
52 9.272920e-01 9.416000e-03 6.329200e-02
53 9.256880e-01 9.512000e-03 6.480000e-02
54 9.240880e-01 9.432000e-03 6.648000e-02
55 9.223960e-01 9.500000e-03 6.810400e-02
56 9.207240e-01 9.524000e-03 6.975200e-02
57 9.190320e-01 9.496000e-03 7.147200e-02
58 9.172720e-01 9.836000e-03 7.289200e-02
59 9.153520e-01 9.988000e-03 7.466000e-02
60 9.136560e-01 9.976000e-03 7.636800e-02
61 9.118000e-01 1.010400e-02 7.809600e-02
62 9.101160e-01 9.880000e-03 8.000400e-02
63 9.085080e-01 9.684000e-03 8.180800e-02
64 9.067680e-01 9.624000e-03 8.360800e-02
65 9.051600e-01 9.456000e-03 8.538400e-02
66 9.035000e-01 9.492000e-03 8.700800e-02
67 9.019320e-01 9.436000e-03 8.863200e-02
68 9.003560e-01 9.388000e-03 9.025600e-02
69 8.988080e-01 9.292000e-03 9.190000e-02
70 8.970120e-01 9.620000e-03 9.336800e-02
71 8.953240e-01 9.560000e-03 9.511600e-02
72 8.938320e-01 9.196000e-03 9.697200e-02
73 8.921760e-01 9.320000e-03 9.850400e-02
74 8.906600e-01 9.072000e-03 1.002680e-01
75 8.889840e-01 9.212000e-03 1.018040e-01
76 8.874080e-01 9.216000e-03 1.033760e-01
77 8.858200e-01 9.148000e-03 1.050320e-01
78 8.842520e-01 9.108000e-03 1.066400e-01
79 8.826200e-01 9.104000e-03 1.082760e-01
80 8.809000e-01 9.044000e-03 1.100560e-01
81 8.792760e-01 9.024000e-03 1.117000e-01
82 8.776800e-01 8.984000e-03 1.133360e-01
83 8.761520e-01 8.840000e-03 1.150080e-01
84 8.746640e-01 8.764000e-03 1.165720e-01
85 8.731200e-01 8.788000e-03 1.180920e-01
86 8.716280e-01 8.820000e-03 1.195520e-01
87 8.701760e-01 8.656000e-03 1.211680e-01
88 8.685840e-01 8.856000e-03 1.225600e-01
89 8.669400e-01 8.916000e-03 1.241440e-01
90 8.654120e-01 8.988000e-03 1.256000e-01
91 8.639080e-01 8.924000e-03 1.271680e-01
92 8.622160e-01 9.044000e-03 1.287400e-01
93 8.608080e-01 8.748000e-03 1.304440e-01
94 8.593680e-01 8.688000e-03 1.319440e-01
95 8.578520e-01 8.536000e-03 1.336120e-01
96 8.564880e-01 8.392000e-03 1.351200e-01
97 8.552720e-01 8.152000e-03 1.365760e-01
98 8.538520e-01 8.116000e-03 1.380320e-01
99 8.523080e-01 8.268000e-03 1.394240e-01
100 8.506160e-01 8.540000e-03 1.408440e-01
101 8.491240e-01 8.544000e-03 1.423320e-01
102 8.477680e-01 8.464000e-03 1.437680e-01
103 8.463920e-01 8.320000e-03 1.452880e-01
104 8.449280e-01 8.364000e-03 1.467080e-01
105 8.434160e-01 8.408000e-03 1.481760e-01
106 8.419600e-01 8.400000e-03 1.496400e-01
107 8.404640e-01 8.492000e-03 1.510440e-01
108 8.391640e-01 8.324000e-03 1.525120e-01
109 8.376760e-01 8.396000e-03 1.539280e-01
110 8.363440e-01 8.284000e-03 1.553720e-01
111 8.347920e-01 8.492000e-03 1.567160e-01
112 8.333520e-01 8.404000e-03 1.582440e-01
113 8.320120e-01 8.196000e-03 1.597920e-01
114 8.305960e-01 8.160000e-03 1.612440e-01
115 8.292840e-01 8.028000e-03 1.626880e-01
116 8.279120e-01 7.904000e-03 1.641840e-01
117 8.264560e-01 8.076000e-03 1.654680e-01
118 8.249760e-01 8.080000e-03 1.669440e-01
119 8.235160e-01 8.024000e-03 1.684600e-01
120 8.220280e-01 8.064000e-03 1.699080e-01
121 8.204000e-01 8.244000e-03 1.713560e-01
122 8.188360e-01 8.364000e-03 1.728000e-01
123 8.173520e-01 8.448000e-03 1.742000e-01
124 8.158080e-01 8.564000e-03 1.756280e-01
125 8.143160e-01 8.512000e-03 1.771720e-01
126 8.128520e-01 8.512000e-03 1.786360e-01
127 8.115560e-01 8.280000e-03 1.801640e-01
128 8.101120e-01 8.308000e-03 1.815800e-01
129 8.086160e-01 8.240000e-03 1.831440e-01
130 8.072800e-01 8.228000e-03 1.844920e-01
131 8.059440e-01 8.104000e-03 1.859520e-01
132 8.046920e-01 7.972000e-03 1.873360e-01
133 8.034080e-01 7.788000e-03 1.888040e-01
134 8.020680e-01 7.716000e-03 1.902160e-01
135 8.008600e-01 7.564000e-03 1.915760e-01
136 7.996920e-01 7.464000e-03 1.928440e-01
137 7.983440e-01 7.428000e-03 1.942280e-01
138 7.969960e-01 7.520000e-03 1.954840e-01
139 7.958520e-01 7.312000e-03 1.968360e-01
140 7.946440e-01 7.236000e-03 1.981200e-01
141 7.934160e-01 7.308000e-03 1.992760e-01
142 7.923000e-01 7.124000e-03 2.005760e-01
143 7.911200e-01 6.944000e-03 2.019360e-01
144 7.898120e-01 6.916000e-03 2.032720e-01
145 7.886440e-01 6.936000e-03 2.044200e-01
146 7.874040e-01 6.968000e-03 2.056280e-01
147 7.861720e-01 7.040000e-03 2.067880e-01
148 7.848240e-01 7.172000e-03 2.080040e-01
149 7.835360e-01 7.212000e-03 2.092520e-01
150 7.822360e-01 7.132000e-03 2.106320e-01
151 7.810160e-01 7.120000e-03 2.118640e-01
152 7.797600e-01 7.176000e-03 2.130640e-01
153 7.784960e-01 7.172000e-03 2.143320e-01
154 7.771640e-01 7.224000e-03 2.156120e-01
155 7.760360e-01 7.096000e-03 2.168680e-01
156 7.748360e-01 7.076000e-03 2.180880e-01
157 7.736800e-01 6.968000e-03 2.193520e-01
158 7.724840e-01 6.996000e-03 2.205200e-01
159 7.713600e-01 6.964000e-03 2.216760e-01
160 7.702640e-01 6.904000e-03 2.228320e-01
161 7.689600e-01 6.908000e-03 2.241320e-01
162 7.676760e-01 6.984000e-03 2.253400e-01
163 7.665680e-01 6.872000e-03 2.265600e-01
164 7.652520e-01 6.968000e-03 2.277800e-01
165 7.640680e-01 6.856000e-03 2.290760e-01
166 7.629520e-01 6.764000e-03 2.302840e-01
167 7.617400e-01 6.684000e-03 2.315760e-01
168 7.607640e-01 6.420000e-03 2.328160e-01
169 7.596320e-01 6.316000e-03 2.340520e-01
170 7.583760e-01 6.512000e-03 2.351120e-01
171 7.571560e-01 6.624000e-03 2.362200e-01
172 7.559880e-01 6.648000e-03 2.373640e-01
173 7.547520e-01 6.676000e-03 2.385720e-01
174 7.536360e-01 6.700000e-03 2.396640e-01
175 7.523800e-01 6.736000e-03 2.408840e-01
176 7.511320e-01 6.764000e-03 2.421040e-01
177 7.499320e-01 6.764000e-03 2.433040e-01
178 7.488600e-01 6.680000e-03 2.444600e-01
179 7.476680e-01 6.716000e-03 2.456160e-01
180 7.465200e-01 6.576000e-03 2.469040e-01
181 7.453640e-01 6.540000e-03 2.480960e-01
182 7.441880e-01 6.484000e-03 2.493280e-01
183 7.431520e-01 6.488000e-03 2.503600e-01
184 7.421480e-01 6.348000e-03 2.515040e-01
185 7.412840e-01 6.192000e-03 2.525240e-01
186 7.403320e-01 6.084000e-03 2.535840e-01
187 7.393200e-01 6.080000e-03 2.546000e-01
188 7.382240e-01 6.124000e-03 2.556520e-01
189 7.372160e-01 6.056000e-03 2.567280e-01
190 7.361560e-01 6.096000e-03 2.577480e-01
191 7.352040e-01 6.004000e-03 2.587920e-01
192 7.341480e-01 6.096000e-03 2.597560e-01
193 7.331440e-01 6.048000e-03 2.608080e-01
194 7.321200e-01 5.976000e-03 2.619040e-01
195 7.309400e-01 6.040000e-03 2.630200e-01
196 7.299400e-01 6.008000e-03 2.640520e-01
197 7.288720e-01 6.064000e-03 2.650640e-01
198 7.278920e-01 6.092000e-03 2.660160e-01
199 7.267840e-01 6.024000e-03 2.671920e-01
200 7.257760e-01 6.052000e-03 2.681720e-01
201 7.246920e-01 6.044000e-03 2.692640e-01
202 7.236760e-01 5.996000e-03 2.703280e-01
203 7.225640e-01 6.160000e-03 2.712760e-01
204 7.215760e-01 6.064000e-03 2.723600e-01
205 7.206720e-01 5.932000e-03 2.733960e-01
206 7.197040e-01 5.792000e-03 2.745040e-01
207 7.186520e-01 5.720000e-03 2.756280e-01
208 7.176360e-01 5.708000e-03 2.766560e-01
209 7.166760e-01 5.596000e-03 2.777280e-01
210 7.156240e-01 5.664000e-03 2.787120e-01
211 7.146560e-01 5.628000e-03 2.797160e-01
212 7.135880e-01 5.732000e-03 2.806800e-01
213 7.126040e-01 5.704000e-03 2.816920e-01
214 7.116520e-01 5.696000e-03 2.826520e-01
215 7.106800e-01 5.720000e-03 2.836000e-01
216 7.096520e-01 5.724000e-03 2.846240e-01
217 7.088040e-01 5.640000e-03 2.855560e-01
218 7.077480e-01 5.732000e-03 2.865200e-01
219 7.066560e-01 5.788000e-03 2.875560e-01
220 7.057560e-01 5.592000e-03 2.886520e-01
221 7.048960e-01 5.464000e-03 2.896400e-01
222 7.040440e-01 5.444000e-03 2.905120e-01
223 7.030080e-01 5.524000e-03 2.914680e-01
224 7.019680e-01 5.640000e-03 2.923920e-01
225 7.010600e-01 5.528000e-03 2.934120e-01
226 7.001280e-01 5.408000e-03 2.944640e-01
227 6.992160e-01 5.476000e-03 2.953080e-01
228 6.983360e-01 5.324000e-03 2.963400e-01
229 6.976160e-01 5.148000e-03 2.972360e-01
230 6.969280e-01 4.924000e-03 2.981480e-01
231 6.961320e-01 4.848000e-03 2.990200e-01
232 6.953480e-01 4.848000e-03 2.998040e-01
233 6.945240e-01 4.896000e-03 3.005800e-01
234 6.937640e-01 4.864000e-03 3.013720e-01
235 6.929120e-01 4.952000e-03 3.021360e-01
236 6.921040e-01 4.900000e-03 3.029960e-01
237 6.912840e-01 4.752000e-03 3.039640e-01
238 6.905160e-01 4.624000e-03 3.048600e-01
239 6.897160e-01 4.652000e-03 3.056320e-01
240 6.888560e-01 4.740000e-03 3.064040e-01
241 6.880280e-01 4.644000e-03 3.073280e-01
242 6.871720e-01 4.640000e-03 3.081880e-01
243 6.863440e-01 4.636000e-03 3.090200e-01
244 6.856200e-01 4.628000e-03 3.097520e-01
245 6.848440e-01 4.636000e-03 3.105200e-01
246 6.840560e-01 4.692000e-03 3.112520e-01
247 6.832080e-01 4.756000e-03 3.120360e-01
248 6.824600e-01 4.720000e-03 3.128200e-01
249 6.817360e-01 4.612000e-03 3.136520e-01
250 6.809800e-01 4.648000e-03 3.143720e-01
251 6.802320e-01 4.584000e-03 3.151840e-01
252 6.796760e-01 4.300000e-03 3.160240e-01
253 6.789720e-01 4.240000e-03 3.167880e-01
254 6.782880e-01 4.140000e-03 3.175720e-01
255 6.776320e-01 4.108000e-03 3.182600e-01
256 6.769120e-01 4.128000e-03 3.189600e-01
257 6.762400e-01 4.156000e-03 3.196040e-01
258 6.755320e-01 4.184000e-03 3.202840e-01
259 6.747880e-01 4.116000e-03 3.210960e-01
260 6.740240e-01 4.216000e-03 3.217600e-01
261 6.733360e-01 4.224000e-03 3.224400e-01
262 6.725160e-01 4.364000e-03 3.231200e-01
263 6.716440e-01 4.492000e-03 3.238640e-01
264 6.708480e-01 4.420000e-03 3.247320e-01
265 6.700400e-01 4.484000e-03 3.254760e-01
266 6.693440e-01 4.440000e-03 3.262160e-01
267 6.687440e-01 4.204000e-03 3.270520e-01
268 6.681800e-01 4.128000e-03 3.276920e-01
269 6.675000e-01 4.056000e-03 3.284440e-01
270 6.668520e-01 4.016000e-03 3.291320e-01
271 6.662160e-01 3.940000e-03 3.298440e-01
272 6.656120e-01 3.788000e-03 3.306000e-01
273 6.649120e-01 3.760000e-03 3.313280e-01
274 6.641320e-01 3.912000e-03 3.319560e-01
275 6.634720e-01 3.896000e-03 3.326320e-01
276 6.628040e-01 3.940000e-03 3.332560e-01
277 6.622280e-01 3.916000e-03 3.338560e-01
278 6.615560e-01 3.936000e-03 3.345080e-01
279 6.609400e-01 3.788000e-03 3.352720e-01
280 6.602880e-01 3.864000e-03 3.358480e-01
281 6.596600e-01 3.824000e-03 3.365160e-01
282 6.590200e-01 3.828000e-03 3.371520e-01
283 6.582520e-01 3.900000e-03 3.378480e-01
284 6.576240e-01 3.832000e-03 3.385440e-01
285 6.568720e-01 3.980000e-03 3.391480e-01
286 6.561120e-01 4.092000e-03 3.397960e-01
287 6.553800e-01 4.140000e-03 3.404800e-01
288 6.547000e-01 4.128000e-03 3.411720e-01
289 6.540960e-01 4.036000e-03 3.418680e-01
290 6.533960e-01 4.096000e-03 3.425080e-01
291 6.526320e-01 4.140000e-03 3.432280e-01
292 6.518840e-01 4.192000e-03 3.439240e-01
293 6.512360e-01 4.128000e-03 3.446360e-01
294 6.505160e-01 4.108000e-03 3.453760e-01
295 6.498400e-01 4.072000e-03 3.460880e-01
296 6.490720e-01 4.132000e-03 3.467960e-01
297 6.483680e-01 4.140000e-03 3.474920e-01
298 6.476480e-01 4.096000e-03 3.482560e-01
299 6.468840e-01 4.088000e-03 3.490280e-01
300 6.462680e-01 4.060000e-03 3.496720e-01
301 6.454800e-01 4.156000e-03 3.503640e-01
302 6.446560e-01 4.192000e-03 3.511520e-01
303 6.438440e-01 4.280000e-03 3.518760e-01
304 6.431560e-01 4.160000e-03 3.526840e-01
305 6.424000e-01 4.252000e-03 3.533480e-01
306 6.416560e-01 4.264000e-03 3.540800e-01
307 6.409720e-01 4.112000e-03 3.549160e-01
308 6.402760e-01 4.020000e-03 3.557040e-01
309 6.396600e-01 3.944000e-03 3.563960e-01
310 6.390800e-01 3.920000e-03 3.570000e-01
311 6.383520e-01 4.016000e-03 3.576320e-01
312 6.376600e-01 4.084000e-03 3.582560e-01
313 6.369840e-01 4.104000e-03 3.589120e-01
314 6.362560e-01 4.072000e-03 3.596720e-01
315 6.355360e-01 4.040000e-03 3.604240e-01
316 6.348840e-01 3.964000e-03 3.611520e-01
317 6.342640e-01 3.916000e-03 3.618200e-01
318 6.336080e-01 3.836000e-03 3.625560e-01
319 6.329720e-01 3.812000e-03 3.632160e-01
320 6.323680e-01 3.704000e-03 3.639280e-01
321 6.317200e-01 3.672000e-03 3.646080e-01
322 6.312080e-01 3.604000e-03 3.651880e-01
323 6.307200e-01 3.536000e-03 3.657440e-01
324 6.301440e-01 3.456000e-03 3.664000e-01
325 6.296280e-01 3.352000e-03 3.670200e-01
326 6.290840e-01 3.300000e-03 3.676160e-01
327 6.285720e-01 3.220000e-03 3.682080e-01
328 6.281600e-01 3.008000e-03 3.688320e-01
329 6.277440e-01 2.940000e-03 3.693160e-01
330 6.272560e-01 2.912000e-03 3.698320e-01
331 6.267920e-01 2.896000e-03 3.703120e-01
332 6.263560e-01 2.800000e-03 3.708440e-01
333 6.259720e-01 2.684000e-03 3.713440e-01
334 6.255840e-01 2.560000e-03 3.718560e-01
335 6.251280e-01 2.624000e-03 3.722480e-01
336 6.247160e-01 2.540000e-03 3.727440e-01
337 6.243160e-01 2.488000e-03 3.731960e-01
338 6.238240e-01 2.580000e-03 3.735960e-01
339 6.234280e-01 2.544000e-03 3.740280e-01
340 6.229440e-01 2.628000e-03 3.744280e-01
341 6.225520e-01 2.524000e-03 3.749240e-01
342 6.221720e-01 2.488000e-03 3.753400e-01
343 6.217720e-01 2.440000e-03 3.757880e-01
344 6.212880e-01 2.528000e-03 3.761840e-01
345 6.207800e-01 2.580000e-03 3.766400e-01
346 6.203760e-01 2.544000e-03 3.770800e-01
347 6.198960e-01 2.628000e-03 3.774760e-01
348 6.193040e-01 2.776000e-03 3.779200e-01
349 6.187360e-01 2.828000e-03 3.784360e-01
350 6.182560e-01 2.828000e-03 3.789160e-01
351 6.177720e-01 2.772000e-03 3.794560e-01
352 6.173640e-01 2.588000e-03 3.800480e-01
353 6.170040e-01 2.484000e-03 3.805120e-01
354 6.166600e-01 2.424000e-03 3.809160e-01
355 6.162240e-01 2.468000e-03 3.813080e-01
356 6.157720e-01 2.460000e-03 3.817680e-01
357 6.152480e-01 2.496000e-03 3.822560e-01
358 6.148640e-01 2.432000e-03 3.827040e-01
359 6.144520e-01 2.364000e-03 3.831840e-01
360 6.140800e-01 2.332000e-03 3.835880e-01
361 6.137240e-01 2.216000e-03 3.840600e-01
362 6.134160e-01 2.108000e-03 3.844760e-01
363 6.131000e-01 2.060000e-03 3.848400e-01
364 6.127680e-01 2.044000e-03 3.851880e-01
365 6.123920e-01 2.068000e-03 3.855400e-01
366 6.121280e-01 1.928000e-03 3.859440e-01
367 6.117520e-01 2.008000e-03 3.862400e-01
368 6.113280e-01 2.084000e-03 3.865880e-01
369 6.109400e-01 2.100000e-03 3.869600e-01
370 6.105280e-01 2.108000e-03 3.873640e-01
371 6.100760e-01 2.264000e-03 3.876600e-01
372 6.096920e-01 2.240000e-03 3.880680e-01
373 6.093240e-01 2.192000e-03 3.884840e-01
374 6.089640e-01 2.164000e-03 3.888720e-01
375 6.086200e-01 2.132000e-03 3.892480e-01
376 6.083200e-01 2.128000e-03 3.895520e-01
377 6.079640e-01 2.080000e-03 3.899560e-01
378 6.076320e-01 2.132000e-03 3.902360e-01
379 6.073400e-01 2.080000e-03 3.905800e-01
380 6.069480e-01 2.120000e-03 3.909320e-01
381 6.065880e-01 2.072000e-03 3.913400e-01
382 6.062200e-01 2.132000e-03 3.916480e-01
383 6.058600e-01 2.104000e-03 3.920360e-01
384 6.054640e-01 2.132000e-03 3.924040e-01
385 6.051240e-01 2.052000e-03 3.928240e-01
386 6.047440e-01 2.112000e-03 3.931440e-01
387 6.044080e-01 2.088000e-03 3.935040e-01
388 6.040760e-01 2.040000e-03 3.938840e-01
389 6.037440e-01 2.036000e-03 3.942200e-01
390 6.033200e-01 2.120000e-03 3.945600e-01
391 6.029400e-01 2.156000e-03 3.949040e-01
392 6.024680e-01 2.308000e-03 3.952240e-01
393 6.019960e-01 2.436000e-03 3.955680e-01
394 6.015520e-01 2.392000e-03 3.960560e-01
395 6.011040e-01 2.404000e-03 3.964920e-01
396 6.006520e-01 2.440000e-03 3.969080e-01
397 6.002560e-01 2.484000e-03 3.972600e-01
398 5.997440e-01 2.620000e-03 3.976360e-01
399 5.992440e-01 2.608000e-03 3.981480e-01
400 5.988120e-01 2.592000e-03 3.985960e-01
401 5.984000e-01 2.480000e-03 3.991200e-01
402 5.979280e-01 2.532000e-03 3.995400e-01
403 5.973280e-01 2.652000e-03 4.000200e-01
404 5.969360e-01 2.592000e-03 4.004720e-01
405 5.964600e-01 2.576000e-03 4.009640e-01
406 5.960320e-01 2.592000e-03 4.013760e-01
407 5.955760e-01 2.600000e-03 4.018240e-01
408 5.950840e-01 2.604000e-03 4.023120e-01
409 5.946360e-01 2.612000e-03 4.027520e-01
410 5.942200e-01 2.568000e-03 4.032120e-01
411 5.937320e-01 2.580000e-03 4.036880e-01
412 5.933120e-01 2.592000e-03 4.040960e-01
413 5.929240e-01 2.512000e-03 4.045640e-01
414 5.925440e-01 2.472000e-03 4.049840e-01
415 5.921200e-01 2.524000e-03 4.053560e-01
416 5.917800e-01 2.420000e-03 4.058000e-01
417 5.914120e-01 2.280000e-03 4.063080e-01
418 5.910120e-01 2.260000e-03 4.067280e-01
419 5.906560e-01 2.168000e-03 4.071760e-01
420 5.902760e-01 2.112000e-03 4.076120e-01
421 5.898080e-01 2.176000e-03 4.080160e-01
422 5.894600e-01 2.196000e-03 4.083440e-01
423 5.890560e-01 2.224000e-03 4.087200e-01
424 5.886320e-01 2.264000e-03 4.091040e-01
425 5.882560e-01 2.256000e-03 4.094880e-01
426 5.878600e-01 2.260000e-03 4.098800e-01
427 5.874720e-01 2.284000e-03 4.102440e-01
428 5.870480e-01 2.340000e-03 4.106120e-01
429 5.866720e-01 2.284000e-03 4.110440e-01
430 5.863680e-01 2.188000e-03 4.114440e-01
431 5.859360e-01 2.224000e-03 4.118400e-01
432 5.856360e-01 2.096000e-03 4.122680e-01
433 5.852800e-01 2.136000e-03 4.125840e-01
434 5.848960e-01 2.140000e-03 4.129640e-01
435 5.845040e-01 2.156000e-03 4.133400e-01
436 5.842120e-01 2.112000e-03 4.136760e-01
437 5.839080e-01 2.112000e-03 4.139800e-01
438 5.835320e-01 2.172000e-03 4.142960e-01
439 5.831600e-01 2.124000e-03 4.147160e-01
440 5.827880e-01 2.160000e-03 4.150520e-01
441 5.824040e-01 2.228000e-03 4.153680e-01
442 5.820840e-01 2.232000e-03 4.156840e-01
443 5.817840e-01 2.152000e-03 4.160640e-01
444 5.815200e-01 2.040000e-03 4.164400e-01
445 5.811920e-01 1.976000e-03 4.168320e-01
446 5.809080e-01 1.924000e-03 4.171680e-01
447 5.805520e-01 1.880000e-03 4.175680e-01
448 5.802680e-01 1.888000e-03 4.178440e-01
449 5.799120e-01 1.964000e-03 4.181240e-01
450 5.795240e-01 1.992000e-03 4.184840e-01
451 5.791800e-01 1.972000e-03 4.188480e-01
452 5.789000e-01 1.924000e-03 4.191760e-01
453 5.785400e-01 1.952000e-03 4.195080e-01
454 5.782120e-01 1.872000e-03 4.199160e-01
455 5.778920e-01 1.856000e-03 4.202520e-01
456 5.775360e-01 1.924000e-03 4.205400e-01
457 5.772000e-01 1.932000e-03 4.208680e-01
458 5.769280e-01 1.860000e-03 4.212120e-01
459 5.766280e-01 1.828000e-03 4.215440e-01
460 5.762960e-01 1.792000e-03 4.219120e-01
461 5.760600e-01 1.732000e-03 4.222080e-01
462 5.756920e-01 1.828000e-03 4.224800e-01
463 5.754360e-01 1.780000e-03 4.227840e-01
464 5.751480e-01 1.736000e-03 4.231160e-01
465 5.748560e-01 1.756000e-03 4.233880e-01
466 5.745880e-01 1.776000e-03 4.236360e-01
467 5.743200e-01 1.724000e-03 4.239560e-01
468 5.740960e-01 1.596000e-03 4.243080e-01
469 5.738720e-01 1.500000e-03 4.246280e-01
470 5.736320e-01 1.536000e-03 4.248320e-01
471 5.734000e-01 1.488000e-03 4.251120e-01
472 5.731480e-01 1.460000e-03 4.253920e-01
473 5.729160e-01 1.520000e-03 4.255640e-01
474 5.725920e-01 1.592000e-03 4.258160e-01
475 5.723160e-01 1.576000e-03 4.261080e-01
476 5.720480e-01 1.600000e-03 4.263520e-01
477 5.718600e-01 1.512000e-03 4.266280e-01
478 5.715880e-01 1.520000e-03 4.268920e-01
479 5.713960e-01 1.436000e-03 4.271680e-01
480 5.711160e-01 1.464000e-03 4.274200e-01
481 5.709240e-01 1.376000e-03 4.277000e-01
482 5.707160e-01 1.356000e-03 4.279280e-01
483 5.705040e-01 1.348000e-03 4.281480e-01
484 5.702600e-01 1.360000e-03 4.283800e-01
485 5.700440e-01 1.368000e-03 4.285880e-01
486 5.698160e-01 1.352000e-03 4.288320e-01
487 5.695920e-01 1.316000e-03 4.290920e-01
488 5.693320e-01 1.336000e-03 4.293320e-01
489 5.691320e-01 1.316000e-03 4.295520e-01
490 5.689280e-01 1.268000e-03 4.298040e-01
491 5.686560e-01 1.348000e-03 4.299960e-01
492 5.684680e-01 1.304000e-03 4.302280e-01
493 5.682440e-01 1.332000e-03 4.304240e-01
494 5.681320e-01 1.204000e-03 4.306640e-01
495 5.679320e-01 1.180000e-03 4.308880e-01
496 5.677880e-01 1.108000e-03 4.311040e-01
497 5.676440e-01 1.116000e-03 4.312400e-01
498 5.674720e-01 1.116000e-03 4.314120e-01
499 5.673480e-01 1.032000e-03 4.316200e-01
500 5.671280e-01 1.048000e-03 4.318240e-01
