1 9.992120e-01 7.200000e-04 6.800000e-05
2 9.987240e-01 1.088000e-03 1.880000e-04
3 9.981320e-01 1.484000e-03 3.840000e-04
4 9.973800e-01 1.948000e-03 6.720000e-04
5 9.965800e-01 2.376000e-03 1.044000e-03
6 9.957800e-01 2.648000e-03 1.572000e-03
7 9.948840e-01 3.024000e-03 2.092000e-03
8 9.939160e-01 3.448000e-03 2.636000e-03
9 9.929480e-01 3.784000e-03 3.268000e-03
10 9.918040e-01 4.216000e-03 3.980000e-03
11 9.907240e-01 4.608000e-03 4.668000e-03
12 9.896520e-01 4.800000e-03 5.548000e-03
13 9.884520e-01 5.072000e-03 6.476000e-03
14 9.871600e-01 5.456000e-03 7.384000e-03
15 9.859400e-01 5.720000e-03 8.340000e-03
16 9.847160e-01 5.964000e-03 9.320000e-03
17 9.833960e-01 6.180000e-03 1.042400e-02
18 9.820280e-01 6.412000e-03 1.156000e-02
19 9.808200e-01 6.372000e-03 1.280800e-02
20 9.796520e-01 6.432000e-03 1.391600e-02
21 9.784560e-01 6.500000e-03 1.504400e-02
22 9.771600e-01 6.592000e-03 1.624800e-02
23 9.758400e-01 6.772000e-03 1.738800e-02
24 9.745400e-01 6.900000e-03 1.856000e-02
25 9.732480e-01 7.080000e-03 1.967200e-02
26 9.718520e-01 7.052000e-03 2.109600e-02
27 9.703400e-01 7.220000e-03 2.244000e-02
28 9.690040e-01 7.364000e-03 2.363200e-02
29 9.677040e-01 7.212000e-03 2.508400e-02
30 9.662520e-01 7.368000e-03 2.638000e-02
31 9.647760e-01 7.492000e-03 2.773200e-02
32 9.632680e-01 7.704000e-03 2.902800e-02
33 9.618080e-01 7.844000e-03 3.034800e-02
34 9.602400e-01 8.120000e-03 3.164000e-02
35 9.585720e-01 8.292000e-03 3.313600e-02
36 9.569520e-01 8.556000e-03 3.449200e-02
37 9.553240e-01 8.716000e-03 3.596000e-02
38 9.537160e-01 8.756000e-03 3.752800e-02
39 9.521120e-01 8.804000e-03 3.908400e-02
40 9.504440e-01 8.996000e-03 4.056000e-02
41 9.488320e-01 9.036000e-03 4.213200e-02
42 9.471040e-01 9.056000e-03 4.384000e-02
43 9.453960e-01 9.272000e-03 4.533200e-02
44 9.435280e-01 9.464000e-03 4.700800e-02
45 9.418560e-01 9.384000e-03 4.876000e-02
46 9.400920e-01 9.516000e-03 5.039200e-02
47 9.383240e-01 9.780000e-03 5.189600e-02
48 9.366760e-01 9.844000e-03 5.348000e-02
49 9.349120e-01 9.916000e-03 5.517200e-02
50 9.331240e-01 9.964000e-03 5.691200e-02
51 9.314520e-01 9.900000e-03 5.864800e-02
52 9.297840e-01 9.776000e-03 6.044000e-02
53 9.281800e-01 9.520000e-03 6.230000e-02
54 9.264920e-01 9.620000e-03 6.388800e-02
55 9.248560e-01 9.596000e-03 6.554800e-02
56 9.232080e-01 9.524000e-03 6.726800e-02
57 9.216400e-01 9.324000e-03 6.903600e-02
58 9.200440e-01 9.384000e-03 7.057200e-02
59 9.183320e-01 9.556000e-03 7.211200e-02
60 9.169000e-01 9.444000e-03 7.365600e-02
61 9.155080e-01 9.224000e-03 7.526800e-02
62 9.138360e-01 9.244000e-03 7.692000e-02
63 9.122800e-01 8.996000e-03 7.872400e-02
64 9.107600e-01 8.904000e-03 8.033600e-02
65 9.092520e-01 8.868000e-03 8.188000e-02
66 9.077880e-01 8.824000e-03 8.338800e-02
67 9.062200e-01 8.892000e-03 8.488800e-02
68 9.045840e-01 8.888000e-03 8.652800e-02
69 9.030560e-01 8.944000e-03 8.800000e-02
70 9.014000e-01 9.032000e-03 8.956800e-02
71 8.998200e-01 9.080000e-03 9.110000e-02
72 8.983600e-01 9.152000e-03 9.248800e-02
73 8.967440e-01 9.280000e-03 9.397600e-02
74 8.952000e-01 9.188000e-03 9.561200e-02
75 8.936600e-01 9.200000e-03 9.714000e-02
76 8.920520e-01 9.244000e-03 9.870400e-02
77 8.904440e-01 9.164000e-03 1.003920e-01
78 8.888120e-01 9.240000e-03 1.019480e-01
79 8.871800e-01 9.264000e-03 1.035560e-01
80 8.854840e-01 9.424000e-03 1.050920e-01
81 8.837600e-01 9.428000e-03 1.068120e-01
82 8.820680e-01 9.524000e-03 1.084080e-01
83 8.805720e-01 9.456000e-03 1.099720e-01
84 8.789560e-01 9.452000e-03 1.115920e-01
85 8.774600e-01 9.308000e-03 1.132320e-01
86 8.759040e-01 9.160000e-03 1.149360e-01
87 8.743480e-01 9.024000e-03 1.166280e-01
88 8.727560e-01 9.148000e-03 1.180960e-01
89 8.711640e-01 9.128000e-03 1.197080e-01
90 8.696560e-01 9.028000e-03 1.213160e-01
91 8.680560e-01 8.988000e-03 1.229560e-01
92 8.665120e-01 8.860000e-03 1.246280e-01
93 8.650280e-01 8.884000e-03 1.260880e-01
94 8.635880e-01 8.760000e-03 1.276520e-01
95 8.618880e-01 8.964000e-03 1.291480e-01
96 8.602280e-01 9.056000e-03 1.307160e-01
97 8.586600e-01 8.940000e-03 1.324000e-01
98 8.570880e-01 8.752000e-03 1.341600e-01
99 8.553960e-01 8.840000e-03 1.357640e-01
100 8.538040e-01 8.952000e-03 1.372440e-01
101 8.520680e-01 9.244000e-03 1.386880e-01
102 8.507560e-01 8.948000e-03 1.402960e-01
103 8.491280e-01 9.044000e-03 1.418280e-01
104 8.477640e-01 8.912000e-03 1.433240e-01
105 8.465400e-01 8.424000e-03 1.450360e-01
106 8.451520e-01 8.400000e-03 1.464480e-01
107 8.438920e-01 8.136000e-03 1.479720e-01
108 8.426960e-01 7.912000e-03 1.493920e-01
109 8.413280e-01 7.992000e-03 1.506800e-01
110 8.401120e-01 7.788000e-03 1.521000e-01
111 8.388600e-01 7.684000e-03 1.534560e-01
112 8.374880e-01 7.680000e-03 1.548320e-01
113 8.361160e-01 7.804000e-03 1.560800e-01
114 8.347680e-01 7.876000e-03 1.573560e-01
115 8.332760e-01 7.916000e-03 1.588080e-01
116 8.319400e-01 7.828000e-03 1.602320e-01
117 8.306320e-01 7.756000e-03 1.616120e-01
118 8.293120e-01 7.712000e-03 1.629760e-01
119 8.280200e-01 7.748000e-03 1.642320e-01
120 8.266920e-01 7.660000e-03 1.656480e-01
121 8.253840e-01 7.668000e-03 1.669480e-01
122 8.241400e-01 7.548000e-03 1.683120e-01
123 8.227720e-01 7.728000e-03 1.695000e-01
124 8.213520e-01 7.764000e-03 1.708840e-01
125 8.200600e-01 7.720000e-03 1.722200e-01
126 8.188560e-01 7.536000e-03 1.736080e-01
127 8.174800e-01 7.684000e-03 1.748360e-01
128 8.163280e-01 7.548000e-03 1.761240e-01
129 8.151240e-01 7.400000e-03 1.774760e-01
130 8.137600e-01 7.452000e-03 1.787880e-01
131 8.125880e-01 7.352000e-03 1.800600e-01
132 8.112640e-01 7.464000e-03 1.812720e-01
133 8.099480e-01 7.516000e-03 1.825360e-01
134 8.085720e-01 7.604000e-03 1.838240e-01
135 8.071440e-01 7.712000e-03 1.851440e-01
136 8.057640e-01 7.856000e-03 1.863800e-01
137 8.044520e-01 7.740000e-03 1.878080e-01
138 8.032520e-01 7.688000e-03 1.890600e-01
139 8.018560e-01 7.760000e-03 1.903840e-01
140 8.004280e-01 7.708000e-03 1.918640e-01
141 7.991160e-01 7.624000e-03 1.932600e-01
142 7.978320e-01 7.464000e-03 1.947040e-01
143 7.966360e-01 7.392000e-03 1.959720e-01
144 7.953960e-01 7.396000e-03 1.972080e-01
145 7.941680e-01 7.420000e-03 1.984120e-01
146 7.929920e-01 7.352000e-03 1.996560e-01
147 7.918000e-01 7.200000e-03 2.010000e-01
148 7.905960e-01 7.048000e-03 2.023560e-01
149 7.894560e-01 6.920000e-03 2.036240e-01
150 7.883280e-01 6.788000e-03 2.048840e-01
151 7.872240e-01 6.668000e-03 2.061080e-01
152 7.861720e-01 6.476000e-03 2.073520e-01
153 7.852400e-01 6.296000e-03 2.084640e-01
154 7.841160e-01 6.288000e-03 2.095960e-01
155 7.829360e-01 6.320000e-03 2.107440e-01
156 7.818480e-01 6.372000e-03 2.117800e-01
157 7.806680e-01 6.400000e-03 2.129320e-01
158 7.795960e-01 6.352000e-03 2.140520e-01
159 7.784280e-01 6.420000e-03 2.151520e-01
160 7.772440e-01 6.564000e-03 2.161920e-01
161 7.761880e-01 6.368000e-03 2.174440e-01
162 7.749800e-01 6.560000e-03 2.184600e-01
163 7.738720e-01 6.624000e-03 2.195040e-01
164 7.728000e-01 6.552000e-03 2.206480e-01
165 7.717400e-01 6.492000e-03 2.217680e-01
166 7.706360e-01 6.448000e-03 2.229160e-01
167 7.694040e-01 6.524000e-03 2.240720e-01
168 7.683280e-01 6.424000e-03 2.252480e-01
169 7.671560e-01 6.496000e-03 2.263480e-01
170 7.661000e-01 6.412000e-03 2.274880e-01
171 7.650000e-01 6.468000e-03 2.285320e-01
172 7.639520e-01 6.444000e-03 2.296040e-01
173 7.628800e-01 6.460000e-03 2.306600e-01
174 7.617640e-01 6.376000e-03 2.318600e-01
175 7.607200e-01 6.372000e-03 2.329080e-01
176 7.596040e-01 6.320000e-03 2.340760e-01
177 7.586080e-01 6.212000e-03 2.351800e-01
178 7.575520e-01 6.208000e-03 2.362400e-01
179 7.564400e-01 6.212000e-03 2.373480e-01
180 7.555040e-01 5.952000e-03 2.385440e-01
181 7.545840e-01 5.780000e-03 2.396360e-01
182 7.536640e-01 5.688000e-03 2.406480e-01
183 7.527080e-01 5.672000e-03 2.416200e-01
184 7.516760e-01 5.660000e-03 2.426640e-01
185 7.507120e-01 5.532000e-03 2.437560e-01
186 7.497480e-01 5.528000e-03 2.447240e-01
187 7.485640e-01 5.752000e-03 2.456840e-01
188 7.475120e-01 5.788000e-03 2.467000e-01
189 7.466360e-01 5.748000e-03 2.476160e-01
190 7.455840e-01 5.736000e-03 2.486800e-01
191 7.445720e-01 5.784000e-03 2.496440e-01
192 7.435320e-01 5.880000e-03 2.505880e-01
193 7.425840e-01 5.720000e-03 2.516960e-01
194 7.415400e-01 5.728000e-03 2.527320e-01
195 7.406760e-01 5.712000e-03 2.536120e-01
196 7.397800e-01 5.568000e-03 2.546520e-01
197 7.387880e-01 5.612000e-03 2.556000e-01
198 7.378120e-01 5.592000e-03 2.565960e-01
199 7.368120e-01 5.676000e-03 2.575120e-01
200 7.357920e-01 5.748000e-03 2.584600e-01
201 7.347720e-01 5.724000e-03 2.595040e-01
202 7.338040e-01 5.800000e-03 2.603960e-01
203 7.326440e-01 5.940000e-03 2.614160e-01
204 7.316520e-01 5.832000e-03 2.625160e-01
205 7.306000e-01 5.920000e-03 2.634800e-01
206 7.297560e-01 5.704000e-03 2.645400e-01
207 7.288080e-01 5.696000e-03 2.654960e-01
208 7.280120e-01 5.468000e-03 2.665200e-01
209 7.270800e-01 5.452000e-03 2.674680e-01
210 7.261800e-01 5.408000e-03 2.684120e-01
211 7.253200e-01 5.272000e-03 2.694080e-01
212 7.244800e-01 5.116000e-03 2.704040e-01
213 7.235240e-01 5.264000e-03 2.712120e-01
214 7.227320e-01 5.088000e-03 2.721800e-01
215 7.219120e-01 5.044000e-03 2.730440e-01
216 7.211280e-01 5.028000e-03 2.738440e-01
217 7.202920e-01 5.040000e-03 2.746680e-01
218 7.194680e-01 5.000000e-03 2.755320e-01
219 7.185080e-01 5.104000e-03 2.763880e-01
220 7.175720e-01 5.132000e-03 2.772960e-01
221 7.167560e-01 4.948000e-03 2.782960e-01
222 7.159640e-01 4.844000e-03 2.791920e-01
223 7.152720e-01 4.612000e-03 2.801160e-01
224 7.144960e-01 4.500000e-03 2.810040e-01
225 7.137440e-01 4.548000e-03 2.817080e-01
226 7.129520e-01 4.480000e-03 2.825680e-01
227 7.121240e-01 4.576000e-03 2.833000e-01
228 7.114120e-01 4.508000e-03 2.840800e-01
229 7.106120e-01 4.584000e-03 2.848040e-01
230 7.098000e-01 4.536000e-03 2.856640e-01
231 7.089040e-01 4.580000e-03 2.865160e-01
232 7.080320e-01 4.700000e-03 2.872680e-01
233 7.071880e-01 4.820000e-03 2.879920e-01
234 7.064400e-01 4.664000e-03 2.888960e-01
235 7.057040e-01 4.604000e-03 2.896920e-01
236 7.049000e-01 4.592000e-03 2.905080e-01
237 7.040920e-01 4.664000e-03 2.912440e-01
238 7.033080e-01 4.584000e-03 2.921080e-01
239 7.024280e-01 4.752000e-03 2.928200e-01
240 7.017080e-01 4.568000e-03 2.937240e-01
241 7.009800e-01 4.388000e-03 2.946320e-01
242 7.002360e-01 4.316000e-03 2.954480e-01
243 6.994560e-01 4.376000e-03 2.961680e-01
244 6.986400e-01 4.456000e-03 2.969040e-01
245 6.978240e-01 4.496000e-03 2.976800e-01
246 6.970200e-01 4.528000e-03 2.984520e-01
247 6.962280e-01 4.508000e-03 2.992640e-01
248 6.954360e-01 4.548000e-03 3.000160e-01
249 6.945880e-01 4.616000e-03 3.007960e-01
250 6.938320e-01 4.628000e-03 3.015400e-01
251 6.930160e-01 4.604000e-03 3.023800e-01
252 6.922080e-01 4.640000e-03 3.031520e-01
253 6.913320e-01 4.732000e-03 3.039360e-01
254 6.903960e-01 4.868000e-03 3.047360e-01
255 6.897280e-01 4.580000e-03 3.056920e-01
256 6.888920e-01 4.652000e-03 3.064560e-01
257 6.880040e-01 4.724000e-03 3.072720e-01
258 6.871520e-01 4.800000e-03 3.080480e-01
259 6.862720e-01 4.864000e-03 3.088640e-01
260 6.854240e-01 4.860000e-03 3.097160e-01
261 6.846440e-01 4.780000e-03 3.105760e-01
262 6.838680e-01 4.704000e-03 3.114280e-01
263 6.832320e-01 4.636000e-03 3.121320e-01
264 6.824240e-01 4.752000e-03 3.128240e-01
265 6.817600e-01 4.544000e-03 3.136960e-01
266 6.810600e-01 4.388000e-03 3.145520e-01
267 6.803840e-01 4.296000e-03 3.153200e-01
268 6.797240e-01 4.252000e-03 3.160240e-01
269 6.791200e-01 3.996000e-03 3.168840e-01
270 6.784800e-01 3.952000e-03 3.175680e-01
271 6.778840e-01 3.864000e-03 3.182520e-01
272 6.772800e-01 3.764000e-03 3.189560e-01
273 6.767000e-01 3.716000e-03 3.195840e-01
274 6.761400e-01 3.616000e-03 3.202440e-01
275 6.755360e-01 3.524000e-03 3.209400e-01
276 6.750840e-01 3.352000e-03 3.215640e-01
277 6.745520e-01 3.300000e-03 3.221480e-01
278 6.740160e-01 3.344000e-03 3.226400e-01
279 6.733800e-01 3.432000e-03 3.231880e-01
280 6.728280e-01 3.412000e-03 3.237600e-01
281 6.722480e-01 3.396000e-03 3.243560e-01
282 6.716560e-01 3.424000e-03 3.249200e-01
283 6.711120e-01 3.392000e-03 3.254960e-01
284 6.706360e-01 3.348000e-03 3.260160e-01
285 6.701680e-01 3.224000e-03 3.266080e-01
286 6.696760e-01 3.152000e-03 3.271720e-01
287 6.691720e-01 3.156000e-03 3.276720e-01
288 6.687560e-01 3.032000e-03 3.282120e-01
289 6.683080e-01 2.932000e-03 3.287600e-01
290 6.678120e-01 3.020000e-03 3.291680e-01
291 6.674280e-01 2.924000e-03 3.296480e-01
292 6.669280e-01 2.996000e-03 3.300760e-01
293 6.664840e-01 2.924000e-03 3.305920e-01
294 6.661160e-01 2.792000e-03 3.310920e-01
295 6.657120e-01 2.696000e-03 3.315920e-01
296 6.653000e-01 2.664000e-03 3.320360e-01
297 6.649480e-01 2.572000e-03 3.324800e-01
298 6.646360e-01 2.372000e-03 3.329920e-01
299 6.642800e-01 2.352000e-03 3.333680e-01
300 6.639040e-01 2.280000e-03 3.338160e-01
301 6.635360e-01 2.272000e-03 3.341920e-01
302 6.631720e-01 2.220000e-03 3.346080e-01
303 6.628200e-01 2.184000e-03 3.349960e-01
304 6.624680e-01 2.120000e-03 3.354120e-01
305 6.621000e-01 2.128000e-03 3.357720e-01
306 6.616640e-01 2.212000e-03 3.361240e-01
307 6.612680e-01 2.216000e-03 3.365160e-01
308 6.609080e-01 2.168000e-03 3.369240e-01
309 6.604560e-01 2.280000e-03 3.372640e-01
310 6.600800e-01 2.320000e-03 3.376000e-01
311 6.596680e-01 2.316000e-03 3.380160e-01
312 6.591520e-01 2.468000e-03 3.383800e-01
313 6.586040e-01 2.572000e-03 3.388240e-01
314 6.581680e-01 2.528000e-03 3.393040e-01
315 6.576600e-01 2.636000e-03 3.397040e-01
316 6.571800e-01 2.688000e-03 3.401320e-01
317 6.566960e-01 2.668000e-03 3.406360e-01
318 6.561760e-01 2.732000e-03 3.410920e-01
319 6.556120e-01 2.812000e-03 3.415760e-01
320 6.551480e-01 2.820000e-03 3.420320e-01
321 6.547520e-01 2.720000e-03 3.425280e-01
322 6.543160e-01 2.652000e-03 3.430320e-01
323 6.538880e-01 2.692000e-03 3.434200e-01
324 6.535120e-01 2.524000e-03 3.439640e-01
325 6.531640e-01 2.396000e-03 3.444400e-01
326 6.527400e-01 2.412000e-03 3.448480e-01
327 6.523080e-01 2.396000e-03 3.452960e-01
328 6.519200e-01 2.364000e-03 3.457160e-01
329 6.514760e-01 2.380000e-03 3.461440e-01
330 6.510760e-01 2.344000e-03 3.465800e-01
331 6.506720e-01 2.348000e-03 3.469800e-01
332 6.501920e-01 2.408000e-03 3.474000e-01
333 6.497880e-01 2.408000e-03 3.478040e-01
334 6.493800e-01 2.404000e-03 3.482160e-01
335 6.490840e-01 2.268000e-03 3.486480e-01
336 6.487480e-01 2.272000e-03 3.489800e-01
337 6.483560e-01 2.260000e-03 3.493840e-01
338 6.479720e-01 2.252000e-03 3.497760e-01
339 6.476360e-01 2.224000e-03 3.501400e-01
340 6.472880e-01 2.192000e-03 3.505200e-01
341 6.469320e-01 2.124000e-03 3.509440e-01
342 6.466160e-01 2.080000e-03 3.513040e-01
343 6.462200e-01 2.192000e-03 3.515880e-01
344 6.458640e-01 2.096000e-03 3.520400e-01
345 6.454840e-01 2.104000e-03 3.524120e-01
346 6.451160e-01 2.132000e-03 3.527520e-01
347 6.447560e-01 2.148000e-03 3.530960e-01
348 6.444320e-01 2.104000e-03 3.534640e-01
349 6.440480e-01 2.104000e-03 3.538480e-01
350 6.437360e-01 2.072000e-03 3.541920e-01
351 6.433320e-01 2.124000e-03 3.545440e-01
352 6.429360e-01 2.128000e-03 3.549360e-01
353 6.425240e-01 2.168000e-03 3.553080e-01
354 6.421120e-01 2.224000e-03 3.556640e-01
355 6.417120e-01 2.228000e-03 3.560600e-01
356 6.412960e-01 2.264000e-03 3.564400e-01
357 6.408480e-01 2.224000e-03 3.569280e-01
358 6.405080e-01 2.204000e-03 3.572880e-01
359 6.400560e-01 2.236000e-03 3.577080e-01
360 6.396720e-01 2.268000e-03 3.580600e-01
361 6.393520e-01 2.208000e-03 3.584400e-01
362 6.390280e-01 2.144000e-03 3.588280e-01
363 6.386120e-01 2.200000e-03 3.591880e-01
364 6.382920e-01 2.056000e-03 3.596520e-01
365 6.379280e-01 2.108000e-03 3.599640e-01
366 6.376120e-01 2.048000e-03 3.603400e-01
367 6.372840e-01 2.024000e-03 3.606920e-01
368 6.369280e-01 2.012000e-03 3.610600e-01
369 6.366760e-01 1.912000e-03 3.614120e-01
370 6.363560e-01 1.908000e-03 3.617360e-01
371 6.360360e-01 1.848000e-03 3.621160e-01
372 6.357160e-01 1.816000e-03 3.624680e-01
373 6.354320e-01 1.728000e-03 3.628400e-01
374 6.351640e-01 1.664000e-03 3.631720e-01
375 6.348360e-01 1.696000e-03 3.634680e-01
376 6.345720e-01 1.704000e-03 3.637240e-01
377 6.342560e-01 1.712000e-03 3.640320e-01
378 6.339560e-01 1.696000e-03 3.643480e-01
379 6.336760e-01 1.736000e-03 3.645880e-01
380 6.332880e-01 1.824000e-03 3.648880e-01
381 6.329080e-01 1.868000e-03 3.652240e-01
382 6.325640e-01 1.872000e-03 3.655640e-01
383 6.322720e-01 1.792000e-03 3.659360e-01
384 6.320040e-01 1.732000e-03 3.662640e-01
385 6.317040e-01 1.648000e-03 3.666480e-01
386 6.314520e-01 1.672000e-03 3.668760e-01
387 6.312400e-01 1.576000e-03 3.671840e-01
388 6.309800e-01 1.604000e-03 3.674160e-01
389 6.307080e-01 1.628000e-03 3.676640e-01
390 6.304280e-01 1.612000e-03 3.679600e-01
391 6.301120e-01 1.644000e-03 3.682440e-01
392 6.298200e-01 1.624000e-03 3.685560e-01
393 6.296280e-01 1.528000e-03 3.688440e-01
394 6.294120e-01 1.536000e-03 3.690520e-01
395 6.291760e-01 1.468000e-03 3.693560e-01
396 6.289280e-01 1.400000e-03 3.696720e-01
397 6.287520e-01 1.356000e-03 3.698920e-01
398 6.285520e-01 1.312000e-03 3.701360e-01
399 6.282960e-01 1.324000e-03 3.703800e-01
400 6.281200e-01 1.224000e-03 3.706560e-01
401 6.279360e-01 1.192000e-03 3.708720e-01
402 6.277280e-01 1.184000e-03 3.710880e-01
403 6.275000e-01 1.212000e-03 3.712880e-01
404 6.273240e-01 1.212000e-03 3.714640e-01
405 6.271920e-01 1.128000e-03 3.716800e-01
406 6.270680e-01 1.068000e-03 3.718640e-01
407 6.268840e-01 1.044000e-03 3.720720e-01
408 6.266960e-01 1.008000e-03 3.722960e-01
409 6.265600e-01 9.800000e-04 3.724600e-01
410 6.264080e-01 9.880000e-04 3.726040e-01
411 6.262000e-01 1.012000e-03 3.727880e-01
412 6.260480e-01 9.880000e-04 3.729640e-01
413 6.258720e-01 9.800000e-04 3.731480e-01
414 6.257200e-01 9.800000e-04 3.733000e-01
415 6.255560e-01 1.000000e-03 3.734440e-01
416 6.254400e-01 9.040000e-04 3.736560e-01
417 6.253480e-01 8.520000e-04 3.738000e-01
418 6.252360e-01 8.240000e-04 3.739400e-01
419 6.251040e-01 8.160000e-04 3.740800e-01
420 6.249720e-01 7.880000e-04 3.742400e-01
421 6.248160e-01 8.160000e-04 3.743680e-01
422 6.246880e-01 7.920000e-04 3.745200e-01
423 6.245560e-01 7.920000e-04 3.746520e-01
424 6.244480e-01 7.560000e-04 3.747960e-01
425 6.243240e-01 7.560000e-04 3.749200e-01
426 6.241360e-01 8.320000e-04 3.750320e-01
427 6.239640e-01 8.720000e-04 3.751640e-01
428 6.237800e-01 9.320000e-04 3.752880e-01
429 6.236480e-01 8.720000e-04 3.754800e-01
430 6.235440e-01 8.200000e-04 3.756360e-01
431 6.234400e-01 7.240000e-04 3.758360e-01
432 6.233360e-01 6.960000e-04 3.759680e-01
433 6.232280e-01 6.920000e-04 3.760800e-01
434 6.231560e-01 6.440000e-04 3.762000e-01
435 6.230320e-01 6.400000e-04 3.763280e-01
436 6.229120e-01 6.480000e-04 3.764400e-01
437 6.227920e-01 6.560000e-04 3.765520e-01
438 6.227080e-01 6.200000e-04 3.766720e-01
439 6.225800e-01 6.280000e-04 3.767920e-01
440 6.224720e-01 6.320000e-04 3.768960e-01
441 6.223640e-01 6.600000e-04 3.769760e-01
442 6.222880e-01 6.320000e-04 3.770800e-01
443 6.221800e-01 6.480000e-04 3.771720e-01
444 6.220800e-01 6.360000e-04 3.772840e-01
445 6.219960e-01 6.320000e-04 3.773720e-01
446 6.218960e-01 6.240000e-04 3.774800e-01
447 6.218040e-01 6.120000e-04 3.775840e-01
448 6.217080e-01 6.200000e-04 3.776720e-01
449 6.215800e-01 6.200000e-04 3.778000e-01
450 6.214920e-01 6.320000e-04 3.778760e-01
451 6.214280e-01 6.000000e-04 3.779720e-01
452 6.213000e-01 6.160000e-04 3.780840e-01
453 6.211760e-01 6.400000e-04 3.781840e-01
454 6.211040e-01 6.080000e-04 3.782880e-01
455 6.210200e-01 5.840000e-04 3.783960e-01
456 6.209160e-01 5.880000e-04 3.784960e-01
457 6.207920e-01 5.880000e-04 3.786200e-01
458 6.207120e-01 5.640000e-04 3.787240e-01
459 6.205920e-01 5.600000e-04 3.788480e-01
460 6.205200e-01 5.320000e-04 3.789480e-01
461 6.204520e-01 5.000000e-04 3.790480e-01
462 6.203720e-01 4.760000e-04 3.791520e-01
463 6.203040e-01 4.480000e-04 3.792480e-01
464 6.202160e-01 4.720000e-04 3.793120e-01
465 6.201360e-01 4.640000e-04 3.794000e-01
466 6.200680e-01 4.720000e-04 3.794600e-01
467 6.199800e-01 4.720000e-04 3.795480e-01
468 6.199240e-01 4.480000e-04 3.796280e-01
469 6.198680e-01 4.240000e-04 3.797080e-01
470 6.198400e-01 3.760000e-04 3.797840e-01
471 6.197560e-01 4.200000e-04 3.798240e-01
472 6.196800e-01 4.240000e-04 3.798960e-01
473 6.196080e-01 4.240000e-04 3.799680e-01
474 6.195120e-01 4.800000e-04 3.800080e-01
475 6.194160e-01 4.880000e-04 3.800960e-01
476 6.193280e-01 5.040000e-04 3.801680e-01
477 6.192160e-01 5.080000e-04 3.802760e-01
478 6.191400e-01 5.080000e-04 3.803520e-01
479 6.190440e-01 5.280000e-04 3.804280e-01
480 6.189560e-01 5.400000e-04 3.805040e-01
481 6.188800e-01 4.880000e-04 3.806320e-01
482 6.187680e-01 5.320000e-04 3.807000e-01
483 6.186640e-01 5.200000e-04 3.808160e-01
484 6.185280e-01 5.400000e-04 3.809320e-01
485 6.184280e-01 5.280000e-04 3.810440e-01
486 6.183400e-01 5.240000e-04 3.811360e-01
487 6.182800e-01 5.120000e-04 3.812080e-01
488 6.182120e-01 5.160000e-04 3.812720e-01
489 6.181440e-01 4.680000e-04 3.813880e-01
490 6.180840e-01 4.320000e-04 3.814840e-01
491 6.180440e-01 4.120000e-04 3.815440e-01
492 6.180000e-01 3.920000e-04 3.816080e-01
493 6.179680e-01 3.440000e-04 3.816880e-01
494 6.178880e-01 3.520000e-04 3.817600e-01
495 6.178160e-01 3.840000e-04 3.818000e-01
496 6.177320e-01 4.160000e-04 3.818520e-01
497 6.176240e-01 4.560000e-04 3.819200e-01
498 6.175200e-01 4.720000e-04 3.820080e-01
499 6.174120e-01 5.000000e-04 3.820880e-01
500 6.173200e-01 5.040000e-04 3.821760e-01
