1 9.991640e-01 7.360000e-04 1.000000e-04
2 9.985560e-01 1.180000e-03 2.640000e-04
3 9.978320e-01 1.676000e-03 4.920000e-04
4 9.971120e-01 2.120000e-03 7.680000e-04
5 9.962240e-01 2.560000e-03 1.216000e-03
6 9.954040e-01 2.900000e-03 1.696000e-03
7 9.944000e-01 3.360000e-03 2.240000e-03
8 9.934320e-01 3.712000e-03 2.856000e-03
9 9.924360e-01 4.028000e-03 3.536000e-03
10 9.912560e-01 4.376000e-03 4.368000e-03
11 9.902360e-01 4.588000e-03 5.176000e-03
12 9.891480e-01 4.868000e-03 5.984000e-03
13 9.879480e-01 5.196000e-03 6.856000e-03
14 9.865600e-01 5.568000e-03 7.872000e-03
15 9.853080e-01 5.848000e-03 8.844000e-03
16 9.838920e-01 6.172000e-03 9.936000e-03
17 9.824000e-01 6.624000e-03 1.097600e-02
18 9.808120e-01 6.952000e-03 1.223600e-02
19 9.792960e-01 7.276000e-03 1.342800e-02
20 9.776720e-01 7.484000e-03 1.484400e-02
21 9.761800e-01 7.604000e-03 1.621600e-02
22 9.746760e-01 7.712000e-03 1.761200e-02
23 9.730960e-01 7.908000e-03 1.899600e-02
24 9.714920e-01 8.204000e-03 2.030400e-02
25 9.699800e-01 8.236000e-03 2.178400e-02
26 9.684640e-01 8.280000e-03 2.325600e-02
27 9.669400e-01 8.360000e-03 2.470000e-02
28 9.654520e-01 8.364000e-03 2.618400e-02
29 9.640520e-01 8.244000e-03 2.770400e-02
30 9.626440e-01 8.184000e-03 2.917200e-02
31 9.612680e-01 8.220000e-03 3.051200e-02
32 9.596800e-01 8.316000e-03 3.200400e-02
33 9.581440e-01 8.380000e-03 3.347600e-02
34 9.565400e-01 8.424000e-03 3.503600e-02
35 9.548720e-01 8.636000e-03 3.649200e-02
36 9.531840e-01 8.744000e-03 3.807200e-02
37 9.514200e-01 8.764000e-03 3.981600e-02
38 9.498880e-01 8.764000e-03 4.134800e-02
39 9.482440e-01 8.904000e-03 4.285200e-02
40 9.464880e-01 9.024000e-03 4.448800e-02
41 9.448360e-01 9.080000e-03 4.608400e-02
42 9.431920e-01 9.044000e-03 4.776400e-02
43 9.415880e-01 9.012000e-03 4.940000e-02
44 9.397480e-01 9.352000e-03 5.090000e-02
45 9.380040e-01 9.604000e-03 5.239200e-02
46 9.361520e-01 9.824000e-03 5.402400e-02
47 9.344160e-01 9.784000e-03 5.580000e-02
48 9.325640e-01 1.000400e-02 5.743200e-02
49 9.308160e-01 9.936000e-03 5.924800e-02
50 9.290640e-01 1.011600e-02 6.082000e-02
51 9.271080e-01 1.021600e-02 6.267600e-02
52 9.250480e-01 1.043200e-02 6.452000e-02
53 9.232000e-01 1.048400e-02 6.631600e-02
54 9.213480e-01 1.051200e-02 6.814000e-02
55 9.194280e-01 1.058000e-02 6.999200e-02
56 9.174720e-01 1.073200e-02 7.179600e-02
57 9.156880e-01 1.057200e-02 7.374000e-02
58 9.138560e-01 1.055200e-02 7.559200e-02
59 9.120040e-01 1.051600e-02 7.748000e-02
60 9.099640e-01 1.060400e-02 7.943200e-02
61 9.080120e-01 1.057200e-02 8.141600e-02
62 9.061560e-01 1.058800e-02 8.325600e-02
63 9.043760e-01 1.063200e-02 8.499200e-02
64 9.025720e-01 1.056400e-02 8.686400e-02
65 9.007720e-01 1.063200e-02 8.859600e-02
66 8.989800e-01 1.066000e-02 9.036000e-02
67 8.972520e-01 1.057600e-02 9.217200e-02
68 8.956040e-01 1.042400e-02 9.397200e-02
69 8.940320e-01 1.016800e-02 9.580000e-02
70 8.922320e-01 1.025200e-02 9.751600e-02
71 8.905600e-01 9.980000e-03 9.946000e-02
72 8.888240e-01 9.952000e-03 1.012240e-01
73 8.871760e-01 9.940000e-03 1.028840e-01
74 8.854640e-01 9.968000e-03 1.045680e-01
75 8.836440e-01 1.011600e-02 1.062400e-01
76 8.818160e-01 1.019600e-02 1.079880e-01
77 8.803400e-01 9.892000e-03 1.097680e-01
78 8.788040e-01 9.736000e-03 1.114600e-01
79 8.773040e-01 9.548000e-03 1.131480e-01
80 8.756640e-01 9.560000e-03 1.147760e-01
81 8.738840e-01 9.612000e-03 1.165040e-01
82 8.719880e-01 9.728000e-03 1.182840e-01
83 8.701120e-01 9.920000e-03 1.199680e-01
84 8.681720e-01 1.005200e-02 1.217760e-01
85 8.664080e-01 1.008000e-02 1.235120e-01
86 8.646640e-01 9.976000e-03 1.253600e-01
87 8.629760e-01 1.000400e-02 1.270200e-01
88 8.612840e-01 9.944000e-03 1.287720e-01
89 8.597240e-01 9.896000e-03 1.303800e-01
90 8.581920e-01 9.680000e-03 1.321280e-01
91 8.565800e-01 9.644000e-03 1.337760e-01
92 8.550120e-01 9.572000e-03 1.354160e-01
93 8.532920e-01 9.584000e-03 1.371240e-01
94 8.517440e-01 9.452000e-03 1.388040e-01
95 8.499600e-01 9.552000e-03 1.404880e-01
96 8.482000e-01 9.648000e-03 1.421520e-01
97 8.464960e-01 9.604000e-03 1.439000e-01
98 8.447000e-01 9.656000e-03 1.456440e-01
99 8.430240e-01 9.648000e-03 1.473280e-01
100 8.413880e-01 9.696000e-03 1.489160e-01
101 8.396040e-01 9.724000e-03 1.506720e-01
102 8.377200e-01 9.888000e-03 1.523920e-01
103 8.359560e-01 9.948000e-03 1.540960e-01
104 8.340920e-01 9.952000e-03 1.559560e-01
105 8.324720e-01 9.728000e-03 1.578000e-01
106 8.308120e-01 9.592000e-03 1.595960e-01
107 8.293040e-01 9.392000e-03 1.613040e-01
108 8.276160e-01 9.412000e-03 1.629720e-01
109 8.259120e-01 9.528000e-03 1.645600e-01
110 8.240680e-01 9.772000e-03 1.661600e-01
111 8.223560e-01 9.800000e-03 1.678440e-01
112 8.207520e-01 9.688000e-03 1.695600e-01
113 8.190880e-01 9.792000e-03 1.711200e-01
114 8.174400e-01 9.716000e-03 1.728440e-01
115 8.157120e-01 9.764000e-03 1.745240e-01
116 8.142160e-01 9.624000e-03 1.761600e-01
117 8.127440e-01 9.336000e-03 1.779200e-01
118 8.111520e-01 9.384000e-03 1.794640e-01
119 8.095680e-01 9.448000e-03 1.809840e-01
120 8.078760e-01 9.580000e-03 1.825440e-01
121 8.061200e-01 9.760000e-03 1.841200e-01
122 8.044880e-01 9.812000e-03 1.857000e-01
123 8.029640e-01 9.652000e-03 1.873840e-01
124 8.012760e-01 9.648000e-03 1.890760e-01
125 7.996080e-01 9.660000e-03 1.907320e-01
126 7.980680e-01 9.532000e-03 1.924000e-01
127 7.966040e-01 9.384000e-03 1.940120e-01
128 7.949920e-01 9.380000e-03 1.956280e-01
129 7.932160e-01 9.480000e-03 1.973040e-01
130 7.916840e-01 9.320000e-03 1.989960e-01
131 7.900320e-01 9.296000e-03 2.006720e-01
132 7.885120e-01 9.220000e-03 2.022680e-01
133 7.868640e-01 9.168000e-03 2.039680e-01
134 7.852440e-01 9.108000e-03 2.056480e-01
135 7.837080e-01 9.168000e-03 2.071240e-01
136 7.822120e-01 9.048000e-03 2.087400e-01
137 7.807360e-01 8.996000e-03 2.102680e-01
138 7.792520e-01 8.956000e-03 2.117920e-01
139 7.778760e-01 8.740000e-03 2.133840e-01
140 7.764520e-01 8.636000e-03 2.149120e-01
141 7.750240e-01 8.536000e-03 2.164400e-01
142 7.734880e-01 8.620000e-03 2.178920e-01
143 7.721080e-01 8.460000e-03 2.194320e-01
144 7.707960e-01 8.272000e-03 2.209320e-01
145 7.693480e-01 8.272000e-03 2.223800e-01
146 7.679400e-01 8.104000e-03 2.239560e-01
147 7.666520e-01 7.928000e-03 2.254200e-01
148 7.653920e-01 7.816000e-03 2.267920e-01
149 7.639640e-01 7.892000e-03 2.281440e-01
150 7.626960e-01 7.836000e-03 2.294680e-01
151 7.615120e-01 7.664000e-03 2.308240e-01
152 7.602760e-01 7.684000e-03 2.320400e-01
153 7.589920e-01 7.644000e-03 2.333640e-01
154 7.577480e-01 7.464000e-03 2.347880e-01
155 7.565720e-01 7.260000e-03 2.361680e-01
156 7.552840e-01 7.280000e-03 2.374360e-01
157 7.539640e-01 7.284000e-03 2.387520e-01
158 7.526200e-01 7.352000e-03 2.400280e-01
159 7.513120e-01 7.228000e-03 2.414600e-01
160 7.499640e-01 7.364000e-03 2.426720e-01
161 7.486200e-01 7.456000e-03 2.439240e-01
162 7.472640e-01 7.416000e-03 2.453200e-01
163 7.458240e-01 7.560000e-03 2.466160e-01
164 7.444720e-01 7.600000e-03 2.479280e-01
165 7.430680e-01 7.708000e-03 2.492240e-01
166 7.418200e-01 7.664000e-03 2.505160e-01
167 7.406240e-01 7.544000e-03 2.518320e-01
168 7.394440e-01 7.348000e-03 2.532080e-01
169 7.382360e-01 7.268000e-03 2.544960e-01
170 7.370120e-01 7.288000e-03 2.557000e-01
171 7.357760e-01 7.196000e-03 2.570280e-01
172 7.345080e-01 7.160000e-03 2.583320e-01
173 7.332680e-01 7.180000e-03 2.595520e-01
174 7.319040e-01 7.276000e-03 2.608200e-01
175 7.308520e-01 7.124000e-03 2.620240e-01
176 7.297000e-01 7.092000e-03 2.632080e-01
177 7.285240e-01 7.120000e-03 2.643560e-01
178 7.274080e-01 6.960000e-03 2.656320e-01
179 7.262240e-01 6.932000e-03 2.668440e-01
180 7.250880e-01 6.872000e-03 2.680400e-01
181 7.238120e-01 6.956000e-03 2.692320e-01
182 7.226960e-01 6.896000e-03 2.704080e-01
183 7.215920e-01 6.808000e-03 2.716000e-01
184 7.205840e-01 6.644000e-03 2.727720e-01
185 7.194840e-01 6.548000e-03 2.739680e-01
186 7.184880e-01 6.476000e-03 2.750360e-01
187 7.173960e-01 6.456000e-03 2.761480e-01
188 7.162360e-01 6.576000e-03 2.771880e-01
189 7.152480e-01 6.476000e-03 2.782760e-01
190 7.142080e-01 6.400000e-03 2.793920e-01
191 7.131480e-01 6.428000e-03 2.804240e-01
192 7.120080e-01 6.528000e-03 2.814640e-01
193 7.108160e-01 6.684000e-03 2.825000e-01
194 7.096520e-01 6.760000e-03 2.835880e-01
195 7.085280e-01 6.648000e-03 2.848240e-01
196 7.074760e-01 6.592000e-03 2.859320e-01
197 7.065440e-01 6.360000e-03 2.870960e-01
198 7.055960e-01 6.196000e-03 2.882080e-01
199 7.046280e-01 6.072000e-03 2.893000e-01
200 7.036800e-01 5.944000e-03 2.903760e-01
201 7.026840e-01 5.816000e-03 2.915000e-01
202 7.017480e-01 5.740000e-03 2.925120e-01
203 7.008840e-01 5.600000e-03 2.935160e-01
204 7.000560e-01 5.500000e-03 2.944440e-01
205 6.992400e-01 5.492000e-03 2.952680e-01
206 6.983480e-01 5.436000e-03 2.962160e-01
207 6.974800e-01 5.364000e-03 2.971560e-01
208 6.966280e-01 5.136000e-03 2.982360e-01
209 6.957880e-01 5.124000e-03 2.990880e-01
210 6.948960e-01 5.032000e-03 3.000720e-01
211 6.941640e-01 4.892000e-03 3.009440e-01
212 6.934400e-01 4.804000e-03 3.017560e-01
213 6.926880e-01 4.692000e-03 3.026200e-01
214 6.918480e-01 4.768000e-03 3.033840e-01
215 6.910840e-01 4.812000e-03 3.041040e-01
216 6.903240e-01 4.680000e-03 3.049960e-01
217 6.896200e-01 4.536000e-03 3.058440e-01
218 6.887600e-01 4.604000e-03 3.066360e-01
219 6.878600e-01 4.820000e-03 3.073200e-01
220 6.871120e-01 4.756000e-03 3.081320e-01
221 6.864280e-01 4.504000e-03 3.090680e-01
222 6.857280e-01 4.444000e-03 3.098280e-01
223 6.851040e-01 4.360000e-03 3.105360e-01
224 6.844360e-01 4.316000e-03 3.112480e-01
225 6.837480e-01 4.316000e-03 3.119360e-01
226 6.829720e-01 4.356000e-03 3.126720e-01
227 6.822720e-01 4.248000e-03 3.134800e-01
228 6.816240e-01 4.112000e-03 3.142640e-01
229 6.809720e-01 4.088000e-03 3.149400e-01
230 6.803000e-01 4.072000e-03 3.156280e-01
231 6.797120e-01 3.960000e-03 3.163280e-01
232 6.791200e-01 3.836000e-03 3.170440e-01
233 6.785560e-01 3.780000e-03 3.176640e-01
234 6.779680e-01 3.748000e-03 3.182840e-01
235 6.773240e-01 3.672000e-03 3.190040e-01
236 6.767280e-01 3.592000e-03 3.196800e-01
237 6.761600e-01 3.552000e-03 3.202880e-01
238 6.755760e-01 3.440000e-03 3.209840e-01
239 6.750320e-01 3.380000e-03 3.215880e-01
240 6.744280e-01 3.376000e-03 3.221960e-01
241 6.738080e-01 3.396000e-03 3.227960e-01
242 6.732040e-01 3.480000e-03 3.233160e-01
243 6.727040e-01 3.296000e-03 3.240000e-01
244 6.721720e-01 3.220000e-03 3.246080e-01
245 6.715320e-01 3.268000e-03 3.252000e-01
246 6.709600e-01 3.364000e-03 3.256760e-01
247 6.702560e-01 3.512000e-03 3.262320e-01
248 6.696520e-01 3.516000e-03 3.268320e-01
249 6.689800e-01 3.600000e-03 3.274200e-01
250 6.683160e-01 3.684000e-03 3.280000e-01
251 6.676600e-01 3.648000e-03 3.286920e-01
252 6.671440e-01 3.548000e-03 3.293080e-01
253 6.665240e-01 3.576000e-03 3.299000e-01
254 6.658760e-01 3.644000e-03 3.304800e-01
255 6.652840e-01 3.528000e-03 3.311880e-01
256 6.647480e-01 3.400000e-03 3.318520e-01
257 6.641280e-01 3.488000e-03 3.323840e-01
258 6.635240e-01 3.512000e-03 3.329640e-01
259 6.629480e-01 3.500000e-03 3.335520e-01
260 6.623760e-01 3.484000e-03 3.341400e-01
261 6.616280e-01 3.672000e-03 3.347000e-01
262 6.610120e-01 3.704000e-03 3.352840e-01
263 6.604600e-01 3.700000e-03 3.358400e-01
264 6.599520e-01 3.520000e-03 3.365280e-01
265 6.594600e-01 3.448000e-03 3.370920e-01
266 6.590520e-01 3.260000e-03 3.376880e-01
267 6.584880e-01 3.192000e-03 3.383200e-01
268 6.580000e-01 3.116000e-03 3.388840e-01
269 6.574680e-01 3.100000e-03 3.394320e-01
270 6.569200e-01 3.092000e-03 3.399880e-01
271 6.564760e-01 3.076000e-03 3.404480e-01
272 6.559600e-01 3.068000e-03 3.409720e-01
273 6.553800e-01 3.176000e-03 3.414440e-01
274 6.548800e-01 3.076000e-03 3.420440e-01
275 6.543680e-01 3.012000e-03 3.426200e-01
276 6.539400e-01 2.956000e-03 3.431040e-01
277 6.534920e-01 2.912000e-03 3.435960e-01
278 6.530040e-01 2.892000e-03 3.441040e-01
279 6.526000e-01 2.792000e-03 3.446080e-01
280 6.520960e-01 2.880000e-03 3.450240e-01
281 6.516520e-01 2.840000e-03 3.455080e-01
282 6.511480e-01 2.840000e-03 3.460120e-01
283 6.506880e-01 2.832000e-03 3.464800e-01
284 6.501800e-01 2.772000e-03 3.470480e-01
285 6.496400e-01 2.800000e-03 3.475600e-01
286 6.492360e-01 2.700000e-03 3.480640e-01
287 6.487200e-01 2.820000e-03 3.484600e-01
288 6.482680e-01 2.788000e-03 3.489440e-01
289 6.478520e-01 2.752000e-03 3.493960e-01
290 6.473800e-01 2.652000e-03 3.499680e-01
291 6.469040e-01 2.644000e-03 3.504520e-01
292 6.464160e-01 2.748000e-03 3.508360e-01
293 6.459400e-01 2.704000e-03 3.513560e-01
294 6.454960e-01 2.620000e-03 3.518840e-01
295 6.450200e-01 2.616000e-03 3.523640e-01
296 6.445600e-01 2.636000e-03 3.528040e-01
297 6.441240e-01 2.520000e-03 3.533560e-01
298 6.436920e-01 2.488000e-03 3.538200e-01
299 6.433160e-01 2.428000e-03 3.542560e-01
300 6.429680e-01 2.368000e-03 3.546640e-01
301 6.425920e-01 2.328000e-03 3.550800e-01
302 6.422840e-01 2.208000e-03 3.555080e-01
303 6.420400e-01 2.004000e-03 3.559560e-01
304 6.416560e-01 2.028000e-03 3.563160e-01
305 6.412960e-01 2.032000e-03 3.566720e-01
306 6.409800e-01 2.012000e-03 3.570080e-01
307 6.406640e-01 2.024000e-03 3.573120e-01
308 6.403640e-01 1.948000e-03 3.576880e-01
309 6.400800e-01 1.872000e-03 3.580480e-01
310 6.397000e-01 1.892000e-03 3.584080e-01
311 6.394720e-01 1.740000e-03 3.587880e-01
312 6.391920e-01 1.692000e-03 3.591160e-01
313 6.389000e-01 1.664000e-03 3.594360e-01
314 6.385720e-01 1.712000e-03 3.597160e-01
315 6.382920e-01 1.728000e-03 3.599800e-01
316 6.380160e-01 1.664000e-03 3.603200e-01
317 6.376800e-01 1.660000e-03 3.606600e-01
318 6.374040e-01 1.628000e-03 3.609680e-01
319 6.370840e-01 1.704000e-03 3.612120e-01
320 6.368680e-01 1.596000e-03 3.615360e-01
321 6.365640e-01 1.580000e-03 3.618560e-01
322 6.362960e-01 1.552000e-03 3.621520e-01
323 6.360000e-01 1.504000e-03 3.624960e-01
324 6.356920e-01 1.588000e-03 3.627200e-01
325 6.354640e-01 1.564000e-03 3.629720e-01
326 6.351800e-01 1.528000e-03 3.632920e-01
327 6.348800e-01 1.572000e-03 3.635480e-01
328 6.346920e-01 1.424000e-03 3.638840e-01
329 6.344200e-01 1.452000e-03 3.641280e-01
330 6.342280e-01 1.424000e-03 3.643480e-01
331 6.340040e-01 1.424000e-03 3.645720e-01
332 6.338360e-01 1.348000e-03 3.648160e-01
333 6.337040e-01 1.208000e-03 3.650880e-01
334 6.335440e-01 1.184000e-03 3.652720e-01
335 6.333440e-01 1.192000e-03 3.654640e-01
336 6.331520e-01 1.120000e-03 3.657280e-01
337 6.329840e-01 1.116000e-03 3.659000e-01
338 6.328000e-01 1.116000e-03 3.660840e-01
339 6.325680e-01 1.160000e-03 3.662720e-01
340 6.323600e-01 1.188000e-03 3.664520e-01
341 6.321240e-01 1.208000e-03 3.666680e-01
342 6.318560e-01 1.252000e-03 3.668920e-01
343 6.316400e-01 1.248000e-03 3.671120e-01
344 6.313640e-01 1.324000e-03 3.673120e-01
345 6.310840e-01 1.364000e-03 3.675520e-01
346 6.308320e-01 1.400000e-03 3.677680e-01
347 6.305800e-01 1.464000e-03 3.679560e-01
348 6.303680e-01 1.408000e-03 3.682240e-01
349 6.300960e-01 1.456000e-03 3.684480e-01
350 6.298200e-01 1.452000e-03 3.687280e-01
351 6.295640e-01 1.484000e-03 3.689520e-01
352 6.292120e-01 1.580000e-03 3.692080e-01
353 6.289840e-01 1.532000e-03 3.694840e-01
354 6.287280e-01 1.504000e-03 3.697680e-01
355 6.284800e-01 1.472000e-03 3.700480e-01
356 6.282600e-01 1.416000e-03 3.703240e-01
357 6.280560e-01 1.388000e-03 3.705560e-01
358 6.278400e-01 1.376000e-03 3.707840e-01
359 6.276200e-01 1.384000e-03 3.709960e-01
360 6.274280e-01 1.364000e-03 3.712080e-01
361 6.272240e-01 1.344000e-03 3.714320e-01
362 6.270280e-01 1.316000e-03 3.716560e-01
363 6.268120e-01 1.288000e-03 3.719000e-01
364 6.265800e-01 1.260000e-03 3.721600e-01
365 6.263920e-01 1.228000e-03 3.723800e-01
366 6.261920e-01 1.212000e-03 3.725960e-01
367 6.260360e-01 1.160000e-03 3.728040e-01
368 6.258120e-01 1.244000e-03 3.729440e-01
369 6.255480e-01 1.280000e-03 3.731720e-01
370 6.252280e-01 1.376000e-03 3.733960e-01
371 6.250120e-01 1.356000e-03 3.736320e-01
372 6.247840e-01 1.336000e-03 3.738800e-01
373 6.245960e-01 1.304000e-03 3.741000e-01
374 6.243800e-01 1.272000e-03 3.743480e-01
375 6.241720e-01 1.284000e-03 3.745440e-01
376 6.238880e-01 1.328000e-03 3.747840e-01
377 6.235920e-01 1.392000e-03 3.750160e-01
378 6.233840e-01 1.360000e-03 3.752560e-01
379 6.231560e-01 1.284000e-03 3.755600e-01
380 6.229280e-01 1.324000e-03 3.757480e-01
381 6.226880e-01 1.356000e-03 3.759560e-01
382 6.224320e-01 1.356000e-03 3.762120e-01
383 6.221320e-01 1.456000e-03 3.764120e-01
384 6.218680e-01 1.472000e-03 3.766600e-01
385 6.215720e-01 1.504000e-03 3.769240e-01
386 6.213920e-01 1.344000e-03 3.772640e-01
387 6.211760e-01 1.352000e-03 3.774720e-01
388 6.209440e-01 1.356000e-03 3.777000e-01
389 6.207000e-01 1.400000e-03 3.779000e-01
390 6.204840e-01 1.364000e-03 3.781520e-01
391 6.202720e-01 1.328000e-03 3.784000e-01
392 6.200280e-01 1.324000e-03 3.786480e-01
393 6.198080e-01 1.312000e-03 3.788800e-01
394 6.195640e-01 1.280000e-03 3.791560e-01
395 6.193760e-01 1.244000e-03 3.793800e-01
396 6.191960e-01 1.204000e-03 3.796000e-01
397 6.189040e-01 1.288000e-03 3.798080e-01
398 6.187360e-01 1.252000e-03 3.800120e-01
399 6.185680e-01 1.208000e-03 3.802240e-01
400 6.183800e-01 1.180000e-03 3.804400e-01
401 6.182200e-01 1.152000e-03 3.806280e-01
402 6.180640e-01 1.108000e-03 3.808280e-01
403 6.178680e-01 1.132000e-03 3.810000e-01
404 6.176640e-01 1.144000e-03 3.811920e-01
405 6.174800e-01 1.156000e-03 3.813640e-01
406 6.172920e-01 1.160000e-03 3.815480e-01
407 6.171080e-01 1.112000e-03 3.817800e-01
408 6.168960e-01 1.104000e-03 3.820000e-01
409 6.167000e-01 1.104000e-03 3.821960e-01
410 6.165120e-01 1.064000e-03 3.824240e-01
411 6.163680e-01 1.032000e-03 3.826000e-01
412 6.162000e-01 9.920000e-04 3.828080e-01
413 6.160760e-01 9.440000e-04 3.829800e-01
414 6.159320e-01 8.920000e-04 3.831760e-01
415 6.157640e-01 8.680000e-04 3.833680e-01
416 6.156200e-01 8.840000e-04 3.834960e-01
417 6.154560e-01 8.760000e-04 3.836680e-01
418 6.153400e-01 8.240000e-04 3.838360e-01
419 6.152400e-01 7.680000e-04 3.839920e-01
420 6.150880e-01 8.240000e-04 3.840880e-01
421 6.149040e-01 8.440000e-04 3.842520e-01
422 6.147720e-01 8.040000e-04 3.844240e-01
423 6.146360e-01 8.120000e-04 3.845520e-01
424 6.144760e-01 8.360000e-04 3.846880e-01
425 6.143640e-01 8.280000e-04 3.848080e-01
426 6.142680e-01 7.920000e-04 3.849400e-01
427 6.141600e-01 8.040000e-04 3.850360e-01
428 6.140800e-01 7.960000e-04 3.851240e-01
429 6.139600e-01 8.080000e-04 3.852320e-01
430 6.138600e-01 8.000000e-04 3.853400e-01
431 6.137400e-01 7.760000e-04 3.854840e-01
432 6.136240e-01 7.480000e-04 3.856280e-01
433 6.135120e-01 7.320000e-04 3.857560e-01
434 6.133960e-01 7.440000e-04 3.858600e-01
435 6.133160e-01 6.920000e-04 3.859920e-01
436 6.132040e-01 6.720000e-04 3.861240e-01
437 6.131560e-01 6.320000e-04 3.862120e-01
438 6.130880e-01 6.000000e-04 3.863120e-01
439 6.129920e-01 6.200000e-04 3.863880e-01
440 6.129040e-01 6.080000e-04 3.864880e-01
441 6.127960e-01 6.000000e-04 3.866040e-01
442 6.126760e-01 5.880000e-04 3.867360e-01
443 6.125240e-01 6.120000e-04 3.868640e-01
444 6.124320e-01 6.040000e-04 3.869640e-01
445 6.122840e-01 6.640000e-04 3.870520e-01
446 6.121520e-01 6.760000e-04 3.871720e-01
447 6.120160e-01 6.680000e-04 3.873160e-01
448 6.118960e-01 6.640000e-04 3.874400e-01
449 6.117600e-01 6.640000e-04 3.875760e-01
450 6.116680e-01 6.280000e-04 3.877040e-01
451 6.115360e-01 6.560000e-04 3.878080e-01
452 6.114400e-01 6.120000e-04 3.879480e-01
453 6.113360e-01 6.040000e-04 3.880600e-01
454 6.112240e-01 6.240000e-04 3.881520e-01
455 6.111000e-01 6.520000e-04 3.882480e-01
456 6.109800e-01 6.280000e-04 3.883920e-01
457 6.108720e-01 6.240000e-04 3.885040e-01
458 6.107680e-01 6.160000e-04 3.886160e-01
459 6.106200e-01 6.520000e-04 3.887280e-01
460 6.105360e-01 6.520000e-04 3.888120e-01
461 6.104400e-01 6.160000e-04 3.889440e-01
462 6.103800e-01 5.600000e-04 3.890600e-01
463 6.102840e-01 5.920000e-04 3.891240e-01
464 6.102240e-01 5.400000e-04 3.892360e-01
465 6.101480e-01 5.480000e-04 3.893040e-01
466 6.100600e-01 5.440000e-04 3.893960e-01
467 6.099920e-01 5.120000e-04 3.894960e-01
468 6.099440e-01 4.720000e-04 3.895840e-01
469 6.098800e-01 4.520000e-04 3.896680e-01
470 6.098360e-01 4.040000e-04 3.897600e-01
471 6.097920e-01 3.840000e-04 3.898240e-01
472 6.097280e-01 3.480000e-04 3.899240e-01
473 6.096120e-01 4.280000e-04 3.899600e-01
474 6.095120e-01 4.640000e-04 3.900240e-01
475 6.094200e-01 4.960000e-04 3.900840e-01
476 6.093160e-01 5.040000e-04 3.901800e-01
477 6.092680e-01 4.640000e-04 3.902680e-01
478 6.092200e-01 4.040000e-04 3.903760e-01
479 6.091760e-01 3.680000e-04 3.904560e-01
480 6.091600e-01 3.360000e-04 3.905040e-01
481 6.091000e-01 3.480000e-04 3.905520e-01
482 6.090520e-01 3.440000e-04 3.906040e-01
483 6.089960e-01 3.360000e-04 3.906680e-01
484 6.089680e-01 3.000000e-04 3.907320e-01
485 6.089440e-01 2.720000e-04 3.907840e-01
486 6.089280e-01 2.480000e-04 3.908240e-01
487 6.089080e-01 2.240000e-04 3.908680e-01
488 6.088800e-01 2.320000e-04 3.908880e-01
489 6.088560e-01 2.320000e-04 3.909120e-01
490 6.087960e-01 2.400000e-04 3.909640e-01
491 6.087640e-01 2.240000e-04 3.910120e-01
492 6.087200e-01 2.120000e-04 3.910680e-01
493 6.086760e-01 2.160000e-04 3.911080e-01
494 6.086200e-01 2.440000e-04 3.911360e-01
495 6.085600e-01 2.560000e-04 3.911840e-01
496 6.085120e-01 2.640000e-04 3.912240e-01
497 6.084640e-01 2.560000e-04 3.912800e-01
498 6.084360e-01 2.520000e-04 3.913120e-01
499 6.084080e-01 2.320000e-04 3.913600e-01
500 6.083760e-01 2.240000e-04 3.914000e-01
