1 9.992120e-01 7.040000e-04 8.400000e-05
2 9.987160e-01 1.064000e-03 2.200000e-04
3 9.981720e-01 1.384000e-03 4.440000e-04
4 9.975240e-01 1.772000e-03 7.040000e-04
5 9.968200e-01 2.088000e-03 1.092000e-03
6 9.960680e-01 2.424000e-03 1.508000e-03
7 9.951920e-01 2.816000e-03 1.992000e-03
8 9.941400e-01 3.320000e-03 2.540000e-03
9 9.930040e-01 3.876000e-03 3.120000e-03
10 9.919200e-01 4.208000e-03 3.872000e-03
11 9.908520e-01 4.468000e-03 4.680000e-03
12 9.896920e-01 4.888000e-03 5.420000e-03
13 9.885400e-01 5.196000e-03 6.264000e-03
14 9.873760e-01 5.488000e-03 7.136000e-03
15 9.860040e-01 5.908000e-03 8.088000e-03
16 9.846720e-01 6.244000e-03 9.084000e-03
17 9.832400e-01 6.608000e-03 1.015200e-02
18 9.819000e-01 6.792000e-03 1.130800e-02
19 9.805240e-01 6.908000e-03 1.256800e-02
20 9.791920e-01 7.012000e-03 1.379600e-02
21 9.777320e-01 7.172000e-03 1.509600e-02
22 9.762000e-01 7.352000e-03 1.644800e-02
23 9.746800e-01 7.616000e-03 1.770400e-02
24 9.732760e-01 7.648000e-03 1.907600e-02
25 9.718000e-01 7.872000e-03 2.032800e-02
26 9.702360e-01 7.872000e-03 2.189200e-02
27 9.688000e-01 7.920000e-03 2.328000e-02
28 9.672600e-01 8.072000e-03 2.466800e-02
29 9.658120e-01 8.048000e-03 2.614000e-02
30 9.643280e-01 8.048000e-03 2.762400e-02
31 9.629360e-01 7.868000e-03 2.919600e-02
32 9.615080e-01 7.932000e-03 3.056000e-02
33 9.599680e-01 8.104000e-03 3.192800e-02
34 9.586000e-01 8.112000e-03 3.328800e-02
35 9.572280e-01 8.148000e-03 3.462400e-02
36 9.558800e-01 8.024000e-03 3.609600e-02
37 9.545240e-01 7.960000e-03 3.751600e-02
38 9.531720e-01 7.908000e-03 3.892000e-02
39 9.516560e-01 8.012000e-03 4.033200e-02
40 9.500960e-01 8.044000e-03 4.186000e-02
41 9.485960e-01 8.076000e-03 4.332800e-02
42 9.470560e-01 8.204000e-03 4.474000e-02
43 9.454840e-01 8.320000e-03 4.619600e-02
44 9.439120e-01 8.408000e-03 4.768000e-02
45 9.424560e-01 8.344000e-03 4.920000e-02
46 9.409720e-01 8.348000e-03 5.068000e-02
47 9.393720e-01 8.508000e-03 5.212000e-02
48 9.378280e-01 8.548000e-03 5.362400e-02
49 9.362280e-01 8.556000e-03 5.521600e-02
50 9.347040e-01 8.608000e-03 5.668800e-02
51 9.333360e-01 8.528000e-03 5.813600e-02
52 9.319600e-01 8.408000e-03 5.963200e-02
53 9.303600e-01 8.644000e-03 6.099600e-02
54 9.287040e-01 8.728000e-03 6.256800e-02
55 9.271360e-01 8.692000e-03 6.417200e-02
56 9.255480e-01 8.692000e-03 6.576000e-02
57 9.240240e-01 8.700000e-03 6.727600e-02
58 9.224200e-01 8.712000e-03 6.886800e-02
59 9.210160e-01 8.604000e-03 7.038000e-02
60 9.193080e-01 8.980000e-03 7.171200e-02
61 9.177760e-01 8.920000e-03 7.330400e-02
62 9.161800e-01 8.992000e-03 7.482800e-02
63 9.145640e-01 9.020000e-03 7.641600e-02
64 9.129080e-01 9.128000e-03 7.796400e-02
65 9.112600e-01 9.136000e-03 7.960400e-02
66 9.097600e-01 9.096000e-03 8.114400e-02
67 9.079960e-01 9.372000e-03 8.263200e-02
68 9.062160e-01 9.440000e-03 8.434400e-02
69 9.045040e-01 9.468000e-03 8.602800e-02
70 9.028560e-01 9.468000e-03 8.767600e-02
71 9.011960e-01 9.392000e-03 8.941200e-02
72 8.995320e-01 9.452000e-03 9.101600e-02
73 8.977440e-01 9.528000e-03 9.272800e-02
74 8.960400e-01 9.516000e-03 9.444400e-02
75 8.944480e-01 9.520000e-03 9.603200e-02
76 8.926800e-01 9.464000e-03 9.785600e-02
77 8.909600e-01 9.440000e-03 9.960000e-02
78 8.891840e-01 9.460000e-03 1.013560e-01
79 8.874360e-01 9.708000e-03 1.028560e-01
80 8.857520e-01 9.692000e-03 1.045560e-01
81 8.840200e-01 9.708000e-03 1.062720e-01
82 8.823320e-01 9.596000e-03 1.080720e-01
83 8.808160e-01 9.360000e-03 1.098240e-01
84 8.793160e-01 9.228000e-03 1.114560e-01
85 8.776360e-01 9.240000e-03 1.131240e-01
86 8.759920e-01 9.384000e-03 1.146240e-01
87 8.742480e-01 9.352000e-03 1.164000e-01
88 8.725320e-01 9.356000e-03 1.181120e-01
89 8.709400e-01 9.320000e-03 1.197400e-01
90 8.691680e-01 9.432000e-03 1.214000e-01
91 8.672440e-01 9.572000e-03 1.231840e-01
92 8.654920e-01 9.636000e-03 1.248720e-01
93 8.637520e-01 9.672000e-03 1.265760e-01
94 8.620080e-01 9.636000e-03 1.283560e-01
95 8.602520e-01 9.628000e-03 1.301200e-01
96 8.586040e-01 9.544000e-03 1.318520e-01
97 8.569920e-01 9.396000e-03 1.336120e-01
98 8.554720e-01 9.312000e-03 1.352160e-01
99 8.538680e-01 9.296000e-03 1.368360e-01
100 8.520520e-01 9.432000e-03 1.385160e-01
101 8.503840e-01 9.340000e-03 1.402760e-01
102 8.488560e-01 9.264000e-03 1.418800e-01
103 8.472320e-01 9.188000e-03 1.435800e-01
104 8.455320e-01 9.288000e-03 1.451800e-01
105 8.439040e-01 9.292000e-03 1.468040e-01
106 8.422280e-01 9.216000e-03 1.485560e-01
107 8.404400e-01 9.316000e-03 1.502440e-01
108 8.387600e-01 9.392000e-03 1.518480e-01
109 8.370360e-01 9.472000e-03 1.534920e-01
110 8.353240e-01 9.636000e-03 1.550400e-01
111 8.335960e-01 9.752000e-03 1.566520e-01
112 8.317200e-01 9.884000e-03 1.583960e-01
113 8.299640e-01 9.820000e-03 1.602160e-01
114 8.281840e-01 9.796000e-03 1.620200e-01
115 8.264400e-01 9.984000e-03 1.635760e-01
116 8.245840e-01 1.009600e-02 1.653200e-01
117 8.227240e-01 1.011200e-02 1.671640e-01
118 8.209040e-01 1.013600e-02 1.689600e-01
119 8.193040e-01 1.005200e-02 1.706440e-01
120 8.177280e-01 9.908000e-03 1.723640e-01
121 8.161880e-01 9.668000e-03 1.741440e-01
122 8.145000e-01 9.656000e-03 1.758440e-01
123 8.130120e-01 9.508000e-03 1.774800e-01
124 8.115440e-01 9.248000e-03 1.792080e-01
125 8.100160e-01 9.084000e-03 1.809000e-01
126 8.084400e-01 9.176000e-03 1.823840e-01
127 8.067960e-01 9.168000e-03 1.840360e-01
128 8.052160e-01 9.196000e-03 1.855880e-01
129 8.035040e-01 9.296000e-03 1.872000e-01
130 8.017440e-01 9.368000e-03 1.888880e-01
131 8.000400e-01 9.456000e-03 1.905040e-01
132 7.984480e-01 9.388000e-03 1.921640e-01
133 7.968320e-01 9.212000e-03 1.939560e-01
134 7.951880e-01 9.272000e-03 1.955400e-01
135 7.938240e-01 8.944000e-03 1.972320e-01
136 7.921520e-01 9.212000e-03 1.986360e-01
137 7.903720e-01 9.368000e-03 2.002600e-01
138 7.885920e-01 9.564000e-03 2.018440e-01
139 7.869560e-01 9.452000e-03 2.035920e-01
140 7.852240e-01 9.452000e-03 2.053240e-01
141 7.834000e-01 9.676000e-03 2.069240e-01
142 7.817880e-01 9.592000e-03 2.086200e-01
143 7.799720e-01 9.764000e-03 2.102640e-01
144 7.784280e-01 9.524000e-03 2.120480e-01
145 7.769280e-01 9.512000e-03 2.135600e-01
146 7.753160e-01 9.472000e-03 2.152120e-01
147 7.737480e-01 9.376000e-03 2.168760e-01
148 7.720560e-01 9.528000e-03 2.184160e-01
149 7.704240e-01 9.460000e-03 2.201160e-01
150 7.688960e-01 9.208000e-03 2.218960e-01
151 7.672720e-01 9.128000e-03 2.236000e-01
152 7.655720e-01 9.180000e-03 2.252480e-01
153 7.639280e-01 9.208000e-03 2.268640e-01
154 7.622600e-01 9.152000e-03 2.285880e-01
155 7.604840e-01 9.416000e-03 2.301000e-01
156 7.588240e-01 9.492000e-03 2.316840e-01
157 7.571320e-01 9.488000e-03 2.333800e-01
158 7.553520e-01 9.564000e-03 2.350840e-01
159 7.536800e-01 9.680000e-03 2.366400e-01
160 7.520240e-01 9.684000e-03 2.382920e-01
161 7.503480e-01 9.644000e-03 2.400080e-01
162 7.486960e-01 9.608000e-03 2.416960e-01
163 7.471760e-01 9.644000e-03 2.431800e-01
164 7.457480e-01 9.280000e-03 2.449720e-01
165 7.441520e-01 9.272000e-03 2.465760e-01
166 7.427040e-01 9.068000e-03 2.482280e-01
167 7.411560e-01 9.004000e-03 2.498400e-01
168 7.394760e-01 9.156000e-03 2.513680e-01
169 7.377080e-01 9.428000e-03 2.528640e-01
170 7.359320e-01 9.644000e-03 2.544240e-01
171 7.341200e-01 9.820000e-03 2.560600e-01
172 7.324680e-01 9.752000e-03 2.577800e-01
173 7.307640e-01 9.644000e-03 2.595920e-01
174 7.291880e-01 9.580000e-03 2.612320e-01
175 7.276560e-01 9.412000e-03 2.629320e-01
176 7.261560e-01 9.248000e-03 2.645960e-01
177 7.246240e-01 9.316000e-03 2.660600e-01
178 7.232920e-01 9.028000e-03 2.676800e-01
179 7.218600e-01 8.764000e-03 2.693760e-01
180 7.204240e-01 8.764000e-03 2.708120e-01
181 7.190080e-01 8.544000e-03 2.724480e-01
182 7.176280e-01 8.412000e-03 2.739600e-01
183 7.162440e-01 8.308000e-03 2.754480e-01
184 7.149520e-01 8.152000e-03 2.768960e-01
185 7.135880e-01 8.164000e-03 2.782480e-01
186 7.122600e-01 8.088000e-03 2.796520e-01
187 7.109160e-01 8.072000e-03 2.810120e-01
188 7.093440e-01 8.236000e-03 2.824200e-01
189 7.080200e-01 8.052000e-03 2.839280e-01
190 7.068000e-01 7.840000e-03 2.853600e-01
191 7.055600e-01 7.668000e-03 2.867720e-01
192 7.044160e-01 7.480000e-03 2.881040e-01
193 7.033040e-01 7.420000e-03 2.892760e-01
194 7.021120e-01 7.284000e-03 2.906040e-01
195 7.010240e-01 7.040000e-03 2.919360e-01
196 6.999360e-01 6.884000e-03 2.931800e-01
197 6.989720e-01 6.640000e-03 2.943880e-01
198 6.978520e-01 6.572000e-03 2.955760e-01
199 6.969760e-01 6.412000e-03 2.966120e-01
200 6.958360e-01 6.344000e-03 2.978200e-01
201 6.947840e-01 6.220000e-03 2.989960e-01
202 6.937920e-01 6.088000e-03 3.001200e-01
203 6.927720e-01 5.972000e-03 3.012560e-01
204 6.917040e-01 6.024000e-03 3.022720e-01
205 6.906280e-01 6.036000e-03 3.033360e-01
206 6.896920e-01 5.980000e-03 3.043280e-01
207 6.886680e-01 5.928000e-03 3.054040e-01
208 6.877080e-01 5.896000e-03 3.063960e-01
209 6.866760e-01 5.932000e-03 3.073920e-01
210 6.856240e-01 5.892000e-03 3.084840e-01
211 6.846280e-01 5.884000e-03 3.094880e-01
212 6.835680e-01 5.832000e-03 3.106000e-01
213 6.826080e-01 5.820000e-03 3.115720e-01
214 6.814840e-01 5.880000e-03 3.126360e-01
215 6.805240e-01 5.600000e-03 3.138760e-01
216 6.795720e-01 5.504000e-03 3.149240e-01
217 6.785840e-01 5.488000e-03 3.159280e-01
218 6.777440e-01 5.340000e-03 3.169160e-01
219 6.767920e-01 5.364000e-03 3.178440e-01
220 6.759240e-01 5.400000e-03 3.186760e-01
221 6.749640e-01 5.512000e-03 3.195240e-01
222 6.740880e-01 5.388000e-03 3.205240e-01
223 6.732080e-01 5.336000e-03 3.214560e-01
224 6.722440e-01 5.392000e-03 3.223640e-01
225 6.713120e-01 5.536000e-03 3.231520e-01
226 6.705360e-01 5.384000e-03 3.240800e-01
227 6.696520e-01 5.324000e-03 3.250240e-01
228 6.687720e-01 5.248000e-03 3.259800e-01
229 6.678800e-01 5.136000e-03 3.269840e-01
230 6.670920e-01 5.096000e-03 3.278120e-01
231 6.662920e-01 5.024000e-03 3.286840e-01
232 6.655640e-01 4.832000e-03 3.296040e-01
233 6.647800e-01 4.784000e-03 3.304360e-01
234 6.640960e-01 4.668000e-03 3.312360e-01
235 6.633320e-01 4.592000e-03 3.320760e-01
236 6.626040e-01 4.384000e-03 3.330120e-01
237 6.618680e-01 4.304000e-03 3.338280e-01
238 6.611680e-01 4.316000e-03 3.345160e-01
239 6.605080e-01 4.204000e-03 3.352880e-01
240 6.598440e-01 4.128000e-03 3.360280e-01
241 6.591960e-01 4.032000e-03 3.367720e-01
242 6.584840e-01 4.052000e-03 3.374640e-01
243 6.577520e-01 4.080000e-03 3.381680e-01
244 6.569840e-01 4.228000e-03 3.387880e-01
245 6.563320e-01 4.164000e-03 3.395040e-01
246 6.556640e-01 4.004000e-03 3.403320e-01
247 6.550920e-01 3.876000e-03 3.410320e-01
248 6.544440e-01 3.816000e-03 3.417400e-01
249 6.537400e-01 3.776000e-03 3.424840e-01
250 6.530400e-01 3.832000e-03 3.431280e-01
251 6.522880e-01 3.928000e-03 3.437840e-01
252 6.516200e-01 3.856000e-03 3.445240e-01
253 6.509960e-01 3.888000e-03 3.451160e-01
254 6.502200e-01 4.056000e-03 3.457240e-01
255 6.494760e-01 4.068000e-03 3.464560e-01
256 6.487240e-01 4.128000e-03 3.471480e-01
257 6.480200e-01 4.172000e-03 3.478080e-01
258 6.473080e-01 4.192000e-03 3.485000e-01
259 6.465920e-01 4.248000e-03 3.491600e-01
260 6.459280e-01 4.172000e-03 3.499000e-01
261 6.452720e-01 4.160000e-03 3.505680e-01
262 6.445120e-01 4.168000e-03 3.513200e-01
263 6.438200e-01 4.088000e-03 3.520920e-01
264 6.430160e-01 4.204000e-03 3.527800e-01
265 6.422720e-01 4.124000e-03 3.536040e-01
266 6.416320e-01 3.980000e-03 3.543880e-01
267 6.410440e-01 3.860000e-03 3.550960e-01
268 6.403600e-01 3.876000e-03 3.557640e-01
269 6.398080e-01 3.796000e-03 3.563960e-01
270 6.392360e-01 3.736000e-03 3.570280e-01
271 6.386320e-01 3.596000e-03 3.577720e-01
272 6.379480e-01 3.676000e-03 3.583760e-01
273 6.373880e-01 3.584000e-03 3.590280e-01
274 6.367240e-01 3.508000e-03 3.597680e-01
275 6.361200e-01 3.420000e-03 3.604600e-01
276 6.355800e-01 3.320000e-03 3.611000e-01
277 6.349360e-01 3.344000e-03 3.617200e-01
278 6.342840e-01 3.432000e-03 3.622840e-01
279 6.336800e-01 3.300000e-03 3.630200e-01
280 6.330640e-01 3.352000e-03 3.635840e-01
281 6.322640e-01 3.596000e-03 3.641400e-01
282 6.315880e-01 3.668000e-03 3.647440e-01
283 6.309200e-01 3.700000e-03 3.653800e-01
284 6.301800e-01 3.728000e-03 3.660920e-01
285 6.295160e-01 3.768000e-03 3.667160e-01
286 6.288400e-01 3.808000e-03 3.673520e-01
287 6.283400e-01 3.624000e-03 3.680360e-01
288 6.277720e-01 3.576000e-03 3.686520e-01
289 6.272560e-01 3.444000e-03 3.693000e-01
290 6.267400e-01 3.340000e-03 3.699200e-01
291 6.262600e-01 3.188000e-03 3.705520e-01
292 6.257800e-01 3.116000e-03 3.711040e-01
293 6.251920e-01 3.140000e-03 3.716680e-01
294 6.246920e-01 3.160000e-03 3.721480e-01
295 6.241760e-01 3.176000e-03 3.726480e-01
296 6.236920e-01 3.208000e-03 3.731000e-01
297 6.231760e-01 3.144000e-03 3.736800e-01
298 6.226360e-01 3.188000e-03 3.741760e-01
299 6.221080e-01 3.116000e-03 3.747760e-01
300 6.215560e-01 3.088000e-03 3.753560e-01
301 6.211160e-01 2.968000e-03 3.759160e-01
302 6.206880e-01 2.896000e-03 3.764160e-01
303 6.202040e-01 2.920000e-03 3.768760e-01
304 6.196440e-01 2.968000e-03 3.773880e-01
305 6.191320e-01 2.920000e-03 3.779480e-01
306 6.186000e-01 2.956000e-03 3.784440e-01
307 6.180400e-01 3.028000e-03 3.789320e-01
308 6.175000e-01 3.120000e-03 3.793800e-01
309 6.170760e-01 2.960000e-03 3.799640e-01
310 6.165560e-01 2.908000e-03 3.805360e-01
311 6.161520e-01 2.724000e-03 3.811240e-01
312 6.157120e-01 2.712000e-03 3.815760e-01
313 6.152280e-01 2.696000e-03 3.820760e-01
314 6.148320e-01 2.708000e-03 3.824600e-01
315 6.144200e-01 2.640000e-03 3.829400e-01
316 6.141240e-01 2.528000e-03 3.833480e-01
317 6.137160e-01 2.524000e-03 3.837600e-01
318 6.133160e-01 2.528000e-03 3.841560e-01
319 6.129320e-01 2.460000e-03 3.846080e-01
320 6.125200e-01 2.420000e-03 3.850600e-01
321 6.121840e-01 2.304000e-03 3.855120e-01
322 6.117720e-01 2.336000e-03 3.858920e-01
323 6.114760e-01 2.240000e-03 3.862840e-01
324 6.111320e-01 2.216000e-03 3.866520e-01
325 6.106800e-01 2.248000e-03 3.870720e-01
326 6.102560e-01 2.284000e-03 3.874600e-01
327 6.098640e-01 2.280000e-03 3.878560e-01
328 6.094520e-01 2.292000e-03 3.882560e-01
329 6.089960e-01 2.412000e-03 3.885920e-01
330 6.085400e-01 2.420000e-03 3.890400e-01
331 6.080680e-01 2.420000e-03 3.895120e-01
332 6.076280e-01 2.444000e-03 3.899280e-01
333 6.072120e-01 2.440000e-03 3.903480e-01
334 6.067120e-01 2.484000e-03 3.908040e-01
335 6.063320e-01 2.396000e-03 3.912720e-01
336 6.058960e-01 2.404000e-03 3.917000e-01
337 6.054440e-01 2.412000e-03 3.921440e-01
338 6.050040e-01 2.408000e-03 3.925880e-01
339 6.045640e-01 2.496000e-03 3.929400e-01
340 6.041680e-01 2.516000e-03 3.933160e-01
341 6.038080e-01 2.380000e-03 3.938120e-01
342 6.034600e-01 2.324000e-03 3.942160e-01
343 6.031360e-01 2.236000e-03 3.946280e-01
344 6.028320e-01 2.152000e-03 3.950160e-01
345 6.025440e-01 2.088000e-03 3.953680e-01
346 6.022320e-01 2.032000e-03 3.957360e-01
347 6.019880e-01 1.972000e-03 3.960400e-01
348 6.017560e-01 1.848000e-03 3.963960e-01
349 6.014920e-01 1.872000e-03 3.966360e-01
350 6.011560e-01 1.912000e-03 3.969320e-01
351 6.009120e-01 1.828000e-03 3.972600e-01
352 6.005760e-01 1.836000e-03 3.975880e-01
353 6.002760e-01 1.824000e-03 3.979000e-01
354 5.999760e-01 1.820000e-03 3.982040e-01
355 5.996720e-01 1.812000e-03 3.985160e-01
356 5.993680e-01 1.776000e-03 3.988560e-01
357 5.991080e-01 1.780000e-03 3.991120e-01
358 5.988680e-01 1.712000e-03 3.994200e-01
359 5.986000e-01 1.660000e-03 3.997400e-01
360 5.983560e-01 1.624000e-03 4.000200e-01
361 5.981240e-01 1.588000e-03 4.002880e-01
362 5.978320e-01 1.600000e-03 4.005680e-01
363 5.975440e-01 1.640000e-03 4.008160e-01
364 5.971400e-01 1.792000e-03 4.010680e-01
365 5.967920e-01 1.784000e-03 4.014240e-01
366 5.964480e-01 1.876000e-03 4.016760e-01
367 5.961600e-01 1.832000e-03 4.020080e-01
368 5.958800e-01 1.776000e-03 4.023440e-01
369 5.955840e-01 1.724000e-03 4.026920e-01
370 5.951840e-01 1.860000e-03 4.029560e-01
371 5.948520e-01 1.888000e-03 4.032600e-01
372 5.945880e-01 1.776000e-03 4.036360e-01
373 5.942560e-01 1.780000e-03 4.039640e-01
374 5.940120e-01 1.744000e-03 4.042440e-01
375 5.937560e-01 1.696000e-03 4.045480e-01
376 5.935200e-01 1.660000e-03 4.048200e-01
377 5.932400e-01 1.676000e-03 4.050840e-01
378 5.929920e-01 1.644000e-03 4.053640e-01
379 5.927320e-01 1.620000e-03 4.056480e-01
380 5.925080e-01 1.560000e-03 4.059320e-01
381 5.923000e-01 1.512000e-03 4.061880e-01
382 5.920600e-01 1.484000e-03 4.064560e-01
383 5.918120e-01 1.452000e-03 4.067360e-01
384 5.915840e-01 1.424000e-03 4.069920e-01
385 5.914080e-01 1.384000e-03 4.072080e-01
386 5.911360e-01 1.456000e-03 4.074080e-01
387 5.908560e-01 1.436000e-03 4.077080e-01
388 5.905960e-01 1.448000e-03 4.079560e-01
389 5.903120e-01 1.484000e-03 4.082040e-01
390 5.900080e-01 1.536000e-03 4.084560e-01
391 5.896960e-01 1.560000e-03 4.087440e-01
392 5.893800e-01 1.612000e-03 4.090080e-01
393 5.891000e-01 1.552000e-03 4.093480e-01
394 5.888440e-01 1.516000e-03 4.096400e-01
395 5.885840e-01 1.540000e-03 4.098760e-01
396 5.883080e-01 1.536000e-03 4.101560e-01
397 5.880120e-01 1.532000e-03 4.104560e-01
398 5.877840e-01 1.468000e-03 4.107480e-01
399 5.876080e-01 1.408000e-03 4.109840e-01
400 5.873840e-01 1.388000e-03 4.112280e-01
401 5.871280e-01 1.440000e-03 4.114320e-01
402 5.868920e-01 1.464000e-03 4.116440e-01
403 5.866720e-01 1.452000e-03 4.118760e-01
404 5.864640e-01 1.348000e-03 4.121880e-01
405 5.862600e-01 1.316000e-03 4.124240e-01
406 5.860240e-01 1.356000e-03 4.126200e-01
407 5.857760e-01 1.372000e-03 4.128520e-01
408 5.854720e-01 1.464000e-03 4.130640e-01
409 5.852280e-01 1.464000e-03 4.133080e-01
410 5.849720e-01 1.452000e-03 4.135760e-01
411 5.847640e-01 1.424000e-03 4.138120e-01
412 5.845120e-01 1.408000e-03 4.140800e-01
413 5.843080e-01 1.396000e-03 4.142960e-01
414 5.840720e-01 1.380000e-03 4.145480e-01
415 5.837640e-01 1.468000e-03 4.147680e-01
416 5.835120e-01 1.452000e-03 4.150360e-01
417 5.832640e-01 1.432000e-03 4.153040e-01
418 5.830040e-01 1.496000e-03 4.155000e-01
419 5.827640e-01 1.484000e-03 4.157520e-01
420 5.825400e-01 1.440000e-03 4.160200e-01
421 5.823240e-01 1.352000e-03 4.163240e-01
422 5.821560e-01 1.296000e-03 4.165480e-01
423 5.819280e-01 1.304000e-03 4.167680e-01
424 5.817560e-01 1.248000e-03 4.169960e-01
425 5.815680e-01 1.228000e-03 4.172040e-01
426 5.813800e-01 1.160000e-03 4.174600e-01
427 5.812400e-01 1.120000e-03 4.176400e-01
428 5.810560e-01 1.148000e-03 4.177960e-01
429 5.808760e-01 1.116000e-03 4.180080e-01
430 5.807000e-01 1.068000e-03 4.182320e-01
431 5.805400e-01 1.028000e-03 4.184320e-01
432 5.803640e-01 1.040000e-03 4.185960e-01
433 5.801920e-01 1.040000e-03 4.187680e-01
434 5.800440e-01 1.000000e-03 4.189560e-01
435 5.798880e-01 9.640000e-04 4.191480e-01
436 5.797640e-01 9.280000e-04 4.193080e-01
437 5.795960e-01 9.400000e-04 4.194640e-01
438 5.794960e-01 8.680000e-04 4.196360e-01
439 5.793720e-01 8.360000e-04 4.197920e-01
440 5.792520e-01 8.120000e-04 4.199360e-01
441 5.791040e-01 7.920000e-04 4.201040e-01
442 5.789160e-01 8.560000e-04 4.202280e-01
443 5.788080e-01 8.200000e-04 4.203720e-01
444 5.786400e-01 8.320000e-04 4.205280e-01
445 5.784600e-01 8.480000e-04 4.206920e-01
446 5.783160e-01 8.520000e-04 4.208320e-01
447 5.781800e-01 8.600000e-04 4.209600e-01
448 5.780120e-01 8.960000e-04 4.210920e-01
449 5.778440e-01 9.080000e-04 4.212480e-01
450 5.776840e-01 9.480000e-04 4.213680e-01
451 5.775040e-01 9.920000e-04 4.215040e-01
452 5.773040e-01 1.016000e-03 4.216800e-01
453 5.770600e-01 1.064000e-03 4.218760e-01
454 5.768400e-01 1.088000e-03 4.220720e-01
455 5.766360e-01 1.112000e-03 4.222520e-01
456 5.763880e-01 1.164000e-03 4.224480e-01
457 5.761680e-01 1.216000e-03 4.226160e-01
458 5.759760e-01 1.164000e-03 4.228600e-01
459 5.757480e-01 1.216000e-03 4.230360e-01
460 5.755560e-01 1.196000e-03 4.232480e-01
461 5.753680e-01 1.140000e-03 4.234920e-01
462 5.752240e-01 1.044000e-03 4.237320e-01
463 5.750880e-01 9.640000e-04 4.239480e-01
464 5.748920e-01 9.920000e-04 4.241160e-01
465 5.747280e-01 1.008000e-03 4.242640e-01
466 5.744760e-01 1.052000e-03 4.244720e-01
467 5.742520e-01 1.128000e-03 4.246200e-01
468 5.740280e-01 1.164000e-03 4.248080e-01
469 5.737360e-01 1.196000e-03 4.250680e-01
470 5.734960e-01 1.284000e-03 4.252200e-01
471 5.732600e-01 1.296000e-03 4.254440e-01
472 5.729720e-01 1.328000e-03 4.257000e-01
473 5.727520e-01 1.408000e-03 4.258400e-01
474 5.725280e-01 1.372000e-03 4.261000e-01
475 5.723280e-01 1.332000e-03 4.263400e-01
476 5.721200e-01 1.364000e-03 4.265160e-01
477 5.719040e-01 1.344000e-03 4.267520e-01
478 5.716520e-01 1.380000e-03 4.269680e-01
479 5.714400e-01 1.384000e-03 4.271760e-01
480 5.712000e-01 1.356000e-03 4.274440e-01
481 5.710160e-01 1.348000e-03 4.276360e-01
482 5.708480e-01 1.244000e-03 4.279080e-01
483 5.706240e-01 1.248000e-03 4.281280e-01
484 5.702800e-01 1.336000e-03 4.283840e-01
485 5.700200e-01 1.324000e-03 4.286560e-01
486 5.697520e-01 1.332000e-03 4.289160e-01
487 5.695240e-01 1.328000e-03 4.291480e-01
488 5.692880e-01 1.296000e-03 4.294160e-01
489 5.690040e-01 1.404000e-03 4.295920e-01
490 5.687440e-01 1.424000e-03 4.298320e-01
491 5.685440e-01 1.332000e-03 4.301240e-01
492 5.683160e-01 1.340000e-03 4.303440e-01
493 5.680600e-01 1.384000e-03 4.305560e-01
494 5.678800e-01 1.340000e-03 4.307800e-01
495 5.677160e-01 1.296000e-03 4.309880e-01
496 5.674920e-01 1.284000e-03 4.312240e-01
497 5.673120e-01 1.232000e-03 4.314560e-01
498 5.671080e-01 1.196000e-03 4.316960e-01
499 5.668680e-01 1.216000e-03 4.319160e-01
500 5.666680e-01 1.204000e-03 4.321280e-01
