1 9.991440e-01 7.720000e-04 8.400000e-05
2 9.986040e-01 1.164000e-03 2.320000e-04
3 9.979000e-01 1.616000e-03 4.840000e-04
4 9.971320e-01 2.100000e-03 7.680000e-04
5 9.963240e-01 2.504000e-03 1.172000e-03
6 9.953840e-01 2.936000e-03 1.680000e-03
7 9.944840e-01 3.308000e-03 2.208000e-03
8 9.934520e-01 3.752000e-03 2.796000e-03
9 9.924360e-01 4.012000e-03 3.552000e-03
10 9.913440e-01 4.344000e-03 4.312000e-03
11 9.901480e-01 4.644000e-03 5.208000e-03
12 9.887840e-01 5.148000e-03 6.068000e-03
13 9.874200e-01 5.636000e-03 6.944000e-03
14 9.860280e-01 6.136000e-03 7.836000e-03
15 9.845200e-01 6.576000e-03 8.904000e-03
16 9.830120e-01 6.888000e-03 1.010000e-02
17 9.815040e-01 7.104000e-03 1.139200e-02
18 9.799560e-01 7.368000e-03 1.267600e-02
19 9.784000e-01 7.676000e-03 1.392400e-02
20 9.769120e-01 7.848000e-03 1.524000e-02
21 9.755040e-01 7.896000e-03 1.660000e-02
22 9.738600e-01 8.044000e-03 1.809600e-02
23 9.722320e-01 8.216000e-03 1.955200e-02
24 9.706440e-01 8.240000e-03 2.111600e-02
25 9.689400e-01 8.572000e-03 2.248800e-02
26 9.670920e-01 8.968000e-03 2.394000e-02
27 9.654160e-01 9.152000e-03 2.543200e-02
28 9.636000e-01 9.356000e-03 2.704400e-02
29 9.618560e-01 9.408000e-03 2.873600e-02
30 9.601760e-01 9.464000e-03 3.036000e-02
31 9.584400e-01 9.488000e-03 3.207200e-02
32 9.564880e-01 9.792000e-03 3.372000e-02
33 9.545320e-01 9.964000e-03 3.550400e-02
34 9.526800e-01 1.004400e-02 3.727600e-02
35 9.509200e-01 1.000000e-02 3.908000e-02
36 9.491600e-01 1.009200e-02 4.074800e-02
37 9.473080e-01 1.022000e-02 4.247200e-02
38 9.454600e-01 1.024400e-02 4.429600e-02
39 9.433240e-01 1.062400e-02 4.605200e-02
40 9.414160e-01 1.053200e-02 4.805200e-02
41 9.394120e-01 1.078000e-02 4.980800e-02
42 9.374000e-01 1.083600e-02 5.176400e-02
43 9.354200e-01 1.083200e-02 5.374800e-02
44 9.336480e-01 1.059200e-02 5.576000e-02
45 9.317400e-01 1.079600e-02 5.746400e-02
46 9.297960e-01 1.084400e-02 5.936000e-02
47 9.278400e-01 1.089600e-02 6.126400e-02
48 9.258520e-01 1.091200e-02 6.323600e-02
49 9.238200e-01 1.108400e-02 6.509600e-02
50 9.218680e-01 1.118800e-02 6.694400e-02
51 9.198080e-01 1.124400e-02 6.894800e-02
52 9.178920e-01 1.117200e-02 7.093600e-02
53 9.159760e-01 1.116000e-02 7.286400e-02
54 9.138720e-01 1.132000e-02 7.480800e-02
55 9.118560e-01 1.133200e-02 7.681200e-02
56 9.099800e-01 1.127600e-02 7.874400e-02
57 9.080400e-01 1.128000e-02 8.068000e-02
58 9.061120e-01 1.125600e-02 8.263200e-02
59 9.040680e-01 1.123600e-02 8.469600e-02
60 9.020040e-01 1.136400e-02 8.663200e-02
61 9.001840e-01 1.108000e-02 8.873600e-02
62 8.982280e-01 1.097200e-02 9.080000e-02
63 8.963360e-01 1.104000e-02 9.262400e-02
64 8.944080e-01 1.100800e-02 9.458400e-02
65 8.923280e-01 1.108400e-02 9.658800e-02
66 8.904920e-01 1.100000e-02 9.850800e-02
67 8.884320e-01 1.106400e-02 1.005040e-01
68 8.864640e-01 1.112000e-02 1.024160e-01
69 8.844760e-01 1.122000e-02 1.043040e-01
70 8.825920e-01 1.111600e-02 1.062920e-01
71 8.804520e-01 1.133200e-02 1.082160e-01
72 8.785760e-01 1.122800e-02 1.101960e-01
73 8.767080e-01 1.127200e-02 1.120200e-01
74 8.747560e-01 1.115600e-02 1.140880e-01
75 8.727440e-01 1.115600e-02 1.161000e-01
76 8.706960e-01 1.118800e-02 1.181160e-01
77 8.686880e-01 1.124000e-02 1.200720e-01
78 8.667360e-01 1.111600e-02 1.221480e-01
79 8.647480e-01 1.112000e-02 1.241320e-01
80 8.627400e-01 1.118400e-02 1.260760e-01
81 8.608360e-01 1.117600e-02 1.279880e-01
82 8.588520e-01 1.105200e-02 1.300960e-01
83 8.567880e-01 1.116800e-02 1.320440e-01
84 8.547480e-01 1.113600e-02 1.341160e-01
85 8.527960e-01 1.122000e-02 1.359840e-01
86 8.507600e-01 1.128800e-02 1.379520e-01
87 8.488760e-01 1.126000e-02 1.398640e-01
88 8.471360e-01 1.094800e-02 1.419160e-01
89 8.453520e-01 1.075600e-02 1.438920e-01
90 8.435080e-01 1.079200e-02 1.457000e-01
91 8.419480e-01 1.045600e-02 1.475960e-01
92 8.402280e-01 1.042400e-02 1.493480e-01
93 8.385280e-01 1.031200e-02 1.511600e-01
94 8.368480e-01 1.018000e-02 1.529720e-01
95 8.353240e-01 1.002800e-02 1.546480e-01
96 8.336960e-01 9.852000e-03 1.564520e-01
97 8.320920e-01 9.868000e-03 1.580400e-01
98 8.303640e-01 9.896000e-03 1.597400e-01
99 8.285400e-01 9.996000e-03 1.614640e-01
100 8.268520e-01 1.001200e-02 1.631360e-01
101 8.251160e-01 9.992000e-03 1.648920e-01
102 8.233360e-01 9.904000e-03 1.667600e-01
103 8.217200e-01 9.820000e-03 1.684600e-01
104 8.200280e-01 9.748000e-03 1.702240e-01
105 8.185000e-01 9.516000e-03 1.719840e-01
106 8.168800e-01 9.516000e-03 1.736040e-01
107 8.152600e-01 9.436000e-03 1.753040e-01
108 8.136840e-01 9.236000e-03 1.770800e-01
109 8.120920e-01 9.072000e-03 1.788360e-01
110 8.106240e-01 8.852000e-03 1.805240e-01
111 8.088920e-01 9.012000e-03 1.820960e-01
112 8.072320e-01 9.212000e-03 1.835560e-01
113 8.054480e-01 9.432000e-03 1.851200e-01
114 8.037160e-01 9.448000e-03 1.868360e-01
115 8.019080e-01 9.572000e-03 1.885200e-01
116 8.002840e-01 9.640000e-03 1.900760e-01
117 7.985160e-01 9.668000e-03 1.918160e-01
118 7.967720e-01 9.908000e-03 1.933200e-01
119 7.950800e-01 9.892000e-03 1.950280e-01
120 7.933720e-01 9.856000e-03 1.967720e-01
121 7.917280e-01 9.624000e-03 1.986480e-01
122 7.901680e-01 9.436000e-03 2.003960e-01
123 7.885360e-01 9.532000e-03 2.019320e-01
124 7.869160e-01 9.468000e-03 2.036160e-01
125 7.853120e-01 9.440000e-03 2.052480e-01
126 7.837520e-01 9.344000e-03 2.069040e-01
127 7.820000e-01 9.472000e-03 2.085280e-01
128 7.804760e-01 9.312000e-03 2.102120e-01
129 7.788320e-01 9.272000e-03 2.118960e-01
130 7.772400e-01 9.236000e-03 2.135240e-01
131 7.757840e-01 9.168000e-03 2.150480e-01
132 7.740560e-01 9.340000e-03 2.166040e-01
133 7.724680e-01 9.220000e-03 2.183120e-01
134 7.709840e-01 9.180000e-03 2.198360e-01
135 7.693760e-01 9.188000e-03 2.214360e-01
136 7.678080e-01 9.208000e-03 2.229840e-01
137 7.662280e-01 9.180000e-03 2.245920e-01
138 7.648440e-01 8.844000e-03 2.263120e-01
139 7.632080e-01 8.956000e-03 2.278360e-01
140 7.616760e-01 8.896000e-03 2.294280e-01
141 7.602080e-01 8.796000e-03 2.309960e-01
142 7.587760e-01 8.656000e-03 2.325680e-01
143 7.573240e-01 8.472000e-03 2.342040e-01
144 7.558360e-01 8.524000e-03 2.356400e-01
145 7.543080e-01 8.492000e-03 2.372000e-01
146 7.527480e-01 8.612000e-03 2.386400e-01
147 7.514760e-01 8.396000e-03 2.401280e-01
148 7.500360e-01 8.432000e-03 2.415320e-01
149 7.485640e-01 8.400000e-03 2.430360e-01
150 7.472200e-01 8.276000e-03 2.445040e-01
151 7.459360e-01 8.124000e-03 2.459400e-01
152 7.446000e-01 8.172000e-03 2.472280e-01
153 7.432040e-01 8.148000e-03 2.486480e-01
154 7.419320e-01 8.088000e-03 2.499800e-01
155 7.405720e-01 7.936000e-03 2.514920e-01
156 7.392520e-01 7.868000e-03 2.528800e-01
157 7.380880e-01 7.704000e-03 2.542080e-01
158 7.367840e-01 7.736000e-03 2.554800e-01
159 7.354720e-01 7.752000e-03 2.567760e-01
160 7.342120e-01 7.680000e-03 2.581080e-01
161 7.329560e-01 7.592000e-03 2.594520e-01
162 7.315840e-01 7.728000e-03 2.606880e-01
163 7.302600e-01 7.708000e-03 2.620320e-01
164 7.289320e-01 7.676000e-03 2.633920e-01
165 7.275960e-01 7.728000e-03 2.646760e-01
166 7.263640e-01 7.656000e-03 2.659800e-01
167 7.250840e-01 7.632000e-03 2.672840e-01
168 7.237520e-01 7.608000e-03 2.686400e-01
169 7.224040e-01 7.512000e-03 2.700840e-01
170 7.211760e-01 7.420000e-03 2.714040e-01
171 7.199440e-01 7.308000e-03 2.727480e-01
172 7.186880e-01 7.276000e-03 2.740360e-01
173 7.174280e-01 7.268000e-03 2.753040e-01
174 7.163800e-01 7.096000e-03 2.765240e-01
175 7.152480e-01 6.996000e-03 2.777560e-01
176 7.140920e-01 7.000000e-03 2.789080e-01
177 7.129120e-01 6.980000e-03 2.801080e-01
178 7.117760e-01 6.860000e-03 2.813640e-01
179 7.105080e-01 6.936000e-03 2.825560e-01
180 7.092920e-01 6.868000e-03 2.838400e-01
181 7.080360e-01 6.904000e-03 2.850600e-01
182 7.068080e-01 6.888000e-03 2.863040e-01
183 7.056760e-01 6.816000e-03 2.875080e-01
184 7.045360e-01 6.740000e-03 2.887240e-01
185 7.034440e-01 6.688000e-03 2.898680e-01
186 7.023760e-01 6.540000e-03 2.910840e-01
187 7.012720e-01 6.412000e-03 2.923160e-01
188 7.001320e-01 6.456000e-03 2.934120e-01
189 6.990880e-01 6.336000e-03 2.945760e-01
190 6.978640e-01 6.440000e-03 2.956960e-01
191 6.966360e-01 6.544000e-03 2.968200e-01
192 6.954640e-01 6.620000e-03 2.979160e-01
193 6.943640e-01 6.564000e-03 2.990720e-01
194 6.932560e-01 6.548000e-03 3.001960e-01
195 6.921480e-01 6.476000e-03 3.013760e-01
196 6.912120e-01 6.212000e-03 3.025760e-01
197 6.901960e-01 6.136000e-03 3.036680e-01
198 6.891280e-01 6.168000e-03 3.047040e-01
199 6.881520e-01 6.072000e-03 3.057760e-01
200 6.871720e-01 5.952000e-03 3.068760e-01
201 6.862120e-01 5.736000e-03 3.080520e-01
202 6.852920e-01 5.660000e-03 3.090480e-01
203 6.844480e-01 5.388000e-03 3.101640e-01
204 6.836680e-01 5.292000e-03 3.110400e-01
205 6.828960e-01 5.164000e-03 3.119400e-01
206 6.820240e-01 5.120000e-03 3.128560e-01
207 6.812440e-01 5.016000e-03 3.137400e-01
208 6.805440e-01 4.952000e-03 3.145040e-01
209 6.797360e-01 4.872000e-03 3.153920e-01
210 6.788600e-01 4.832000e-03 3.163080e-01
211 6.781120e-01 4.768000e-03 3.171200e-01
212 6.771880e-01 4.804000e-03 3.180080e-01
213 6.763120e-01 4.848000e-03 3.188400e-01
214 6.754520e-01 4.924000e-03 3.196240e-01
215 6.746360e-01 4.920000e-03 3.204440e-01
216 6.738280e-01 4.776000e-03 3.213960e-01
217 6.729160e-01 4.924000e-03 3.221600e-01
218 6.719840e-01 5.024000e-03 3.229920e-01
219 6.710840e-01 5.036000e-03 3.238800e-01
220 6.701600e-01 5.100000e-03 3.247400e-01
221 6.691560e-01 5.216000e-03 3.256280e-01
222 6.681200e-01 5.260000e-03 3.266200e-01
223 6.671360e-01 5.364000e-03 3.275000e-01
224 6.660920e-01 5.448000e-03 3.284600e-01
225 6.651960e-01 5.388000e-03 3.294160e-01
226 6.642520e-01 5.304000e-03 3.304440e-01
227 6.632600e-01 5.356000e-03 3.313840e-01
228 6.623680e-01 5.288000e-03 3.323440e-01
229 6.615520e-01 5.228000e-03 3.332200e-01
230 6.607240e-01 5.140000e-03 3.341360e-01
231 6.597880e-01 5.144000e-03 3.350680e-01
232 6.588360e-01 5.040000e-03 3.361240e-01
233 6.580960e-01 4.960000e-03 3.369440e-01
234 6.573400e-01 4.932000e-03 3.377280e-01
235 6.565200e-01 4.868000e-03 3.386120e-01
236 6.557640e-01 4.700000e-03 3.395360e-01
237 6.549840e-01 4.660000e-03 3.403560e-01
238 6.542000e-01 4.636000e-03 3.411640e-01
239 6.533600e-01 4.612000e-03 3.420280e-01
240 6.525480e-01 4.632000e-03 3.428200e-01
241 6.517600e-01 4.724000e-03 3.435160e-01
242 6.508960e-01 4.752000e-03 3.443520e-01
243 6.500400e-01 4.772000e-03 3.451880e-01
244 6.491640e-01 4.860000e-03 3.459760e-01
245 6.483440e-01 4.752000e-03 3.469040e-01
246 6.474160e-01 4.888000e-03 3.476960e-01
247 6.465000e-01 4.944000e-03 3.485560e-01
248 6.456640e-01 5.020000e-03 3.493160e-01
249 6.448920e-01 4.864000e-03 3.502440e-01
250 6.441040e-01 4.812000e-03 3.510840e-01
251 6.433440e-01 4.692000e-03 3.519640e-01
252 6.426360e-01 4.504000e-03 3.528600e-01
253 6.418840e-01 4.480000e-03 3.536360e-01
254 6.410840e-01 4.528000e-03 3.543880e-01
255 6.403160e-01 4.500000e-03 3.551840e-01
256 6.396040e-01 4.504000e-03 3.558920e-01
257 6.389680e-01 4.376000e-03 3.566560e-01
258 6.383040e-01 4.268000e-03 3.574280e-01
259 6.376560e-01 4.160000e-03 3.581840e-01
260 6.370600e-01 4.020000e-03 3.589200e-01
261 6.363480e-01 4.056000e-03 3.595960e-01
262 6.357040e-01 3.924000e-03 3.603720e-01
263 6.350720e-01 3.904000e-03 3.610240e-01
264 6.343400e-01 3.924000e-03 3.617360e-01
265 6.336680e-01 3.976000e-03 3.623560e-01
266 6.330520e-01 3.912000e-03 3.630360e-01
267 6.324600e-01 3.776000e-03 3.637640e-01
268 6.318600e-01 3.788000e-03 3.643520e-01
269 6.313160e-01 3.672000e-03 3.650120e-01
270 6.307040e-01 3.664000e-03 3.656320e-01
271 6.301120e-01 3.632000e-03 3.662560e-01
272 6.296000e-01 3.500000e-03 3.669000e-01
273 6.291160e-01 3.304000e-03 3.675800e-01
274 6.286000e-01 3.300000e-03 3.681000e-01
275 6.280760e-01 3.292000e-03 3.686320e-01
276 6.274960e-01 3.276000e-03 3.692280e-01
277 6.270120e-01 3.232000e-03 3.697560e-01
278 6.265080e-01 3.256000e-03 3.702360e-01
279 6.259960e-01 3.216000e-03 3.707880e-01
280 6.255240e-01 3.100000e-03 3.713760e-01
281 6.250080e-01 3.076000e-03 3.719160e-01
282 6.245120e-01 3.076000e-03 3.724120e-01
283 6.239840e-01 3.028000e-03 3.729880e-01
284 6.235160e-01 2.988000e-03 3.734960e-01
285 6.229840e-01 2.988000e-03 3.740280e-01
286 6.224160e-01 3.020000e-03 3.745640e-01
287 6.219720e-01 2.968000e-03 3.750600e-01
288 6.214800e-01 2.984000e-03 3.755360e-01
289 6.210640e-01 2.856000e-03 3.760800e-01
290 6.205960e-01 2.828000e-03 3.765760e-01
291 6.201400e-01 2.752000e-03 3.771080e-01
292 6.196960e-01 2.728000e-03 3.775760e-01
293 6.192880e-01 2.628000e-03 3.780840e-01
294 6.189720e-01 2.452000e-03 3.785760e-01
295 6.185520e-01 2.488000e-03 3.789600e-01
296 6.181280e-01 2.548000e-03 3.793240e-01
297 6.176720e-01 2.584000e-03 3.797440e-01
298 6.172920e-01 2.508000e-03 3.802000e-01
299 6.168600e-01 2.508000e-03 3.806320e-01
300 6.164360e-01 2.528000e-03 3.810360e-01
301 6.160800e-01 2.468000e-03 3.814520e-01
302 6.156960e-01 2.468000e-03 3.818360e-01
303 6.153360e-01 2.400000e-03 3.822640e-01
304 6.149600e-01 2.348000e-03 3.826920e-01
305 6.145440e-01 2.368000e-03 3.830880e-01
306 6.142200e-01 2.292000e-03 3.834880e-01
307 6.138560e-01 2.284000e-03 3.838600e-01
308 6.135000e-01 2.160000e-03 3.843400e-01
309 6.130840e-01 2.112000e-03 3.848040e-01
310 6.126960e-01 2.068000e-03 3.852360e-01
311 6.123160e-01 2.080000e-03 3.856040e-01
312 6.120360e-01 1.948000e-03 3.860160e-01
313 6.117240e-01 1.860000e-03 3.864160e-01
314 6.114600e-01 1.788000e-03 3.867520e-01
315 6.112000e-01 1.684000e-03 3.871160e-01
316 6.109280e-01 1.652000e-03 3.874200e-01
317 6.106480e-01 1.624000e-03 3.877280e-01
318 6.103960e-01 1.616000e-03 3.879880e-01
319 6.101440e-01 1.560000e-03 3.882960e-01
320 6.098400e-01 1.632000e-03 3.885280e-01
321 6.096320e-01 1.560000e-03 3.888080e-01
322 6.093000e-01 1.632000e-03 3.890680e-01
323 6.089800e-01 1.680000e-03 3.893400e-01
324 6.086880e-01 1.720000e-03 3.895920e-01
325 6.083360e-01 1.748000e-03 3.899160e-01
326 6.080120e-01 1.764000e-03 3.902240e-01
327 6.076520e-01 1.780000e-03 3.905680e-01
328 6.073480e-01 1.764000e-03 3.908880e-01
329 6.069880e-01 1.744000e-03 3.912680e-01
330 6.066480e-01 1.792000e-03 3.915600e-01
331 6.063080e-01 1.824000e-03 3.918680e-01
332 6.059240e-01 1.880000e-03 3.921960e-01
333 6.055800e-01 1.884000e-03 3.925360e-01
334 6.051600e-01 1.964000e-03 3.928760e-01
335 6.047840e-01 1.996000e-03 3.932200e-01
336 6.044160e-01 2.016000e-03 3.935680e-01
337 6.040080e-01 2.132000e-03 3.938600e-01
338 6.036560e-01 2.112000e-03 3.942320e-01
339 6.032200e-01 2.156000e-03 3.946240e-01
340 6.027840e-01 2.224000e-03 3.949920e-01
341 6.024240e-01 2.196000e-03 3.953800e-01
342 6.019920e-01 2.252000e-03 3.957560e-01
343 6.015720e-01 2.340000e-03 3.960880e-01
344 6.012000e-01 2.284000e-03 3.965160e-01
345 6.008280e-01 2.272000e-03 3.969000e-01
346 6.004360e-01 2.288000e-03 3.972760e-01
347 6.000840e-01 2.220000e-03 3.976960e-01
348 5.998080e-01 2.092000e-03 3.981000e-01
349 5.994840e-01 2.060000e-03 3.984560e-01
350 5.991440e-01 2.140000e-03 3.987160e-01
351 5.988160e-01 2.036000e-03 3.991480e-01
352 5.985280e-01 1.988000e-03 3.994840e-01
353 5.981920e-01 1.952000e-03 3.998560e-01
354 5.979160e-01 1.892000e-03 4.001920e-01
355 5.976000e-01 1.924000e-03 4.004760e-01
356 5.972680e-01 1.924000e-03 4.008080e-01
357 5.969680e-01 1.836000e-03 4.011960e-01
358 5.966640e-01 1.840000e-03 4.014960e-01
359 5.963760e-01 1.792000e-03 4.018320e-01
360 5.960440e-01 1.820000e-03 4.021360e-01
361 5.957960e-01 1.776000e-03 4.024280e-01
362 5.955160e-01 1.676000e-03 4.028080e-01
363 5.952720e-01 1.620000e-03 4.031080e-01
364 5.949960e-01 1.644000e-03 4.033600e-01
365 5.946720e-01 1.692000e-03 4.036360e-01
366 5.943400e-01 1.696000e-03 4.039640e-01
367 5.941400e-01 1.584000e-03 4.042760e-01
368 5.939480e-01 1.576000e-03 4.044760e-01
369 5.937120e-01 1.496000e-03 4.047920e-01
370 5.934880e-01 1.484000e-03 4.050280e-01
371 5.932680e-01 1.468000e-03 4.052640e-01
372 5.930560e-01 1.392000e-03 4.055520e-01
373 5.928400e-01 1.340000e-03 4.058200e-01
374 5.926360e-01 1.312000e-03 4.060520e-01
375 5.923760e-01 1.376000e-03 4.062480e-01
376 5.921160e-01 1.456000e-03 4.064280e-01
377 5.918520e-01 1.448000e-03 4.067000e-01
378 5.916560e-01 1.404000e-03 4.069400e-01
379 5.914680e-01 1.320000e-03 4.072120e-01
380 5.912320e-01 1.352000e-03 4.074160e-01
381 5.910560e-01 1.292000e-03 4.076520e-01
382 5.908400e-01 1.288000e-03 4.078720e-01
383 5.906160e-01 1.284000e-03 4.081000e-01
384 5.903880e-01 1.228000e-03 4.083840e-01
385 5.901560e-01 1.272000e-03 4.085720e-01
386 5.898720e-01 1.272000e-03 4.088560e-01
387 5.896560e-01 1.292000e-03 4.090520e-01
388 5.894120e-01 1.264000e-03 4.093240e-01
389 5.891880e-01 1.268000e-03 4.095440e-01
390 5.889280e-01 1.312000e-03 4.097600e-01
391 5.887040e-01 1.340000e-03 4.099560e-01
392 5.884840e-01 1.316000e-03 4.102000e-01
393 5.882240e-01 1.372000e-03 4.104040e-01
394 5.879240e-01 1.440000e-03 4.106360e-01
395 5.876320e-01 1.504000e-03 4.108640e-01
396 5.874000e-01 1.516000e-03 4.110840e-01
397 5.871840e-01 1.496000e-03 4.113200e-01
398 5.870000e-01 1.432000e-03 4.115680e-01
399 5.867640e-01 1.444000e-03 4.117920e-01
400 5.865360e-01 1.420000e-03 4.120440e-01
401 5.863200e-01 1.368000e-03 4.123120e-01
402 5.861160e-01 1.340000e-03 4.125440e-01
403 5.859920e-01 1.212000e-03 4.127960e-01
404 5.857720e-01 1.256000e-03 4.129720e-01
405 5.856120e-01 1.188000e-03 4.132000e-01
406 5.854320e-01 1.128000e-03 4.134400e-01
407 5.852560e-01 1.108000e-03 4.136360e-01
408 5.850800e-01 1.100000e-03 4.138200e-01
409 5.848640e-01 1.088000e-03 4.140480e-01
410 5.846720e-01 1.084000e-03 4.142440e-01
411 5.845120e-01 1.052000e-03 4.144360e-01
412 5.843120e-01 1.052000e-03 4.146360e-01
413 5.841480e-01 1.052000e-03 4.148000e-01
414 5.840440e-01 9.480000e-04 4.150080e-01
415 5.838440e-01 1.008000e-03 4.151480e-01
416 5.836920e-01 9.560000e-04 4.153520e-01
417 5.834640e-01 9.880000e-04 4.155480e-01
418 5.832760e-01 1.028000e-03 4.156960e-01
419 5.830960e-01 1.012000e-03 4.158920e-01
420 5.829040e-01 1.024000e-03 4.160720e-01
421 5.827560e-01 1.000000e-03 4.162440e-01
422 5.825520e-01 1.024000e-03 4.164240e-01
423 5.824080e-01 9.920000e-04 4.166000e-01
424 5.822200e-01 9.800000e-04 4.168000e-01
425 5.820360e-01 9.520000e-04 4.170120e-01
426 5.818280e-01 9.960000e-04 4.171760e-01
427 5.816560e-01 9.720000e-04 4.173720e-01
428 5.814880e-01 9.840000e-04 4.175280e-01
429 5.813040e-01 9.920000e-04 4.177040e-01
430 5.811680e-01 9.720000e-04 4.178600e-01
431 5.809720e-01 9.840000e-04 4.180440e-01
432 5.807920e-01 9.760000e-04 4.182320e-01
433 5.806280e-01 9.600000e-04 4.184120e-01
434 5.804520e-01 9.640000e-04 4.185840e-01
435 5.803160e-01 9.600000e-04 4.187240e-01
436 5.801880e-01 9.160000e-04 4.188960e-01
437 5.800680e-01 8.680000e-04 4.190640e-01
438 5.799080e-01 9.000000e-04 4.191920e-01
439 5.797440e-01 9.040000e-04 4.193520e-01
440 5.796120e-01 8.400000e-04 4.195480e-01
441 5.794920e-01 8.280000e-04 4.196800e-01
442 5.793840e-01 8.000000e-04 4.198160e-01
443 5.792400e-01 8.400000e-04 4.199200e-01
444 5.790600e-01 8.720000e-04 4.200680e-01
445 5.788560e-01 9.240000e-04 4.202200e-01
446 5.786200e-01 1.008000e-03 4.203720e-01
447 5.784120e-01 1.020000e-03 4.205680e-01
448 5.782000e-01 1.028000e-03 4.207720e-01
449 5.779840e-01 1.032000e-03 4.209840e-01
450 5.777680e-01 1.104000e-03 4.211280e-01
451 5.775480e-01 1.072000e-03 4.213800e-01
452 5.773000e-01 1.152000e-03 4.215480e-01
453 5.770440e-01 1.200000e-03 4.217560e-01
454 5.768640e-01 1.188000e-03 4.219480e-01
455 5.766920e-01 1.116000e-03 4.221920e-01
456 5.765160e-01 1.096000e-03 4.223880e-01
457 5.763280e-01 1.096000e-03 4.225760e-01
458 5.760680e-01 1.188000e-03 4.227440e-01
459 5.758720e-01 1.144000e-03 4.229840e-01
460 5.755880e-01 1.220000e-03 4.231920e-01
461 5.753680e-01 1.244000e-03 4.233880e-01
462 5.751800e-01 1.280000e-03 4.235400e-01
463 5.749440e-01 1.296000e-03 4.237600e-01
464 5.747600e-01 1.248000e-03 4.239920e-01
465 5.745760e-01 1.252000e-03 4.241720e-01
466 5.744080e-01 1.184000e-03 4.244080e-01
467 5.742120e-01 1.164000e-03 4.246240e-01
468 5.739960e-01 1.212000e-03 4.247920e-01
469 5.738480e-01 1.148000e-03 4.250040e-01
470 5.736400e-01 1.148000e-03 4.252120e-01
471 5.733920e-01 1.220000e-03 4.253880e-01
472 5.731880e-01 1.240000e-03 4.255720e-01
473 5.729880e-01 1.260000e-03 4.257520e-01
474 5.728280e-01 1.200000e-03 4.259720e-01
475 5.726320e-01 1.192000e-03 4.261760e-01
476 5.724560e-01 1.144000e-03 4.264000e-01
477 5.723200e-01 1.072000e-03 4.266080e-01
478 5.721000e-01 1.128000e-03 4.267720e-01
479 5.719320e-01 1.112000e-03 4.269560e-01
480 5.717600e-01 1.104000e-03 4.271360e-01
481 5.715760e-01 1.124000e-03 4.273000e-01
482 5.714000e-01 1.148000e-03 4.274520e-01
483 5.712240e-01 1.116000e-03 4.276600e-01
484 5.710360e-01 1.108000e-03 4.278560e-01
485 5.708240e-01 1.168000e-03 4.280080e-01
486 5.706400e-01 1.140000e-03 4.282200e-01
487 5.704440e-01 1.124000e-03 4.284320e-01
488 5.701960e-01 1.196000e-03 4.286080e-01
489 5.699920e-01 1.176000e-03 4.288320e-01
490 5.698600e-01 1.084000e-03 4.290560e-01
491 5.697400e-01 9.960000e-04 4.292640e-01
492 5.696040e-01 9.120000e-04 4.294840e-01
493 5.694480e-01 9.280000e-04 4.296240e-01
494 5.693200e-01 9.400000e-04 4.297400e-01
495 5.692000e-01 9.040000e-04 4.298960e-01
496 5.690160e-01 9.560000e-04 4.300280e-01
497 5.688800e-01 9.680000e-04 4.301520e-01
498 5.687040e-01 1.004000e-03 4.302920e-01
499 5.685360e-01 9.600000e-04 4.305040e-01
500 5.683160e-01 1.000000e-03 4.306840e-01
