1 9.992440e-01 6.600000e-04 9.600000e-05
2 9.987880e-01 9.520000e-04 2.600000e-04
3 9.982280e-01 1.272000e-03 5.000000e-04
4 9.974880e-01 1.780000e-03 7.320000e-04
5 9.966480e-01 2.348000e-03 1.004000e-03
6 9.958040e-01 2.700000e-03 1.496000e-03
7 9.948080e-01 3.168000e-03 2.024000e-03
8 9.939320e-01 3.460000e-03 2.608000e-03
9 9.929960e-01 3.784000e-03 3.220000e-03
10 9.921160e-01 3.972000e-03 3.912000e-03
11 9.911640e-01 4.148000e-03 4.688000e-03
12 9.902120e-01 4.348000e-03 5.440000e-03
13 9.890960e-01 4.660000e-03 6.244000e-03
14 9.879440e-01 5.016000e-03 7.040000e-03
15 9.866240e-01 5.428000e-03 7.948000e-03
16 9.854040e-01 5.632000e-03 8.964000e-03
17 9.842440e-01 5.740000e-03 1.001600e-02
18 9.830240e-01 5.940000e-03 1.103600e-02
19 9.817040e-01 6.316000e-03 1.198000e-02
20 9.802680e-01 6.628000e-03 1.310400e-02
21 9.790720e-01 6.684000e-03 1.424400e-02
22 9.776040e-01 7.068000e-03 1.532800e-02
23 9.762480e-01 7.156000e-03 1.659600e-02
24 9.748040e-01 7.348000e-03 1.784800e-02
25 9.732480e-01 7.628000e-03 1.912400e-02
26 9.718120e-01 7.660000e-03 2.052800e-02
27 9.702240e-01 7.948000e-03 2.182800e-02
28 9.685880e-01 8.268000e-03 2.314400e-02
29 9.669480e-01 8.548000e-03 2.450400e-02
30 9.653680e-01 8.680000e-03 2.595200e-02
31 9.637400e-01 8.624000e-03 2.763600e-02
32 9.622800e-01 8.532000e-03 2.918800e-02
33 9.606280e-01 8.744000e-03 3.062800e-02
34 9.588400e-01 8.840000e-03 3.232000e-02
35 9.572920e-01 8.876000e-03 3.383200e-02
36 9.556760e-01 8.916000e-03 3.540800e-02
37 9.540120e-01 8.908000e-03 3.708000e-02
38 9.524440e-01 8.960000e-03 3.859600e-02
39 9.507880e-01 9.016000e-03 4.019600e-02
40 9.491080e-01 9.124000e-03 4.176800e-02
41 9.473800e-01 9.236000e-03 4.338400e-02
42 9.454960e-01 9.476000e-03 4.502800e-02
43 9.439040e-01 9.456000e-03 4.664000e-02
44 9.421720e-01 9.428000e-03 4.840000e-02
45 9.404440e-01 9.488000e-03 5.006800e-02
46 9.388320e-01 9.572000e-03 5.159600e-02
47 9.371720e-01 9.584000e-03 5.324400e-02
48 9.356000e-01 9.576000e-03 5.482400e-02
49 9.340440e-01 9.416000e-03 5.654000e-02
50 9.324520e-01 9.344000e-03 5.820400e-02
51 9.309520e-01 9.164000e-03 5.988400e-02
52 9.292480e-01 9.176000e-03 6.157600e-02
53 9.278160e-01 9.132000e-03 6.305200e-02
54 9.261760e-01 9.180000e-03 6.464400e-02
55 9.245760e-01 9.144000e-03 6.628000e-02
56 9.227840e-01 9.336000e-03 6.788000e-02
57 9.210360e-01 9.440000e-03 6.952400e-02
58 9.194240e-01 9.384000e-03 7.119200e-02
59 9.177960e-01 9.272000e-03 7.293200e-02
60 9.159240e-01 9.560000e-03 7.451600e-02
61 9.142040e-01 9.792000e-03 7.600400e-02
62 9.125960e-01 9.636000e-03 7.776800e-02
63 9.108520e-01 9.668000e-03 7.948000e-02
64 9.090920e-01 9.620000e-03 8.128800e-02
65 9.072800e-01 9.636000e-03 8.308400e-02
66 9.056200e-01 9.480000e-03 8.490000e-02
67 9.037680e-01 9.760000e-03 8.647200e-02
68 9.018920e-01 9.956000e-03 8.815200e-02
69 9.000200e-01 1.006000e-02 8.992000e-02
70 8.982360e-01 1.005600e-02 9.170800e-02
71 8.964360e-01 1.019200e-02 9.337200e-02
72 8.947520e-01 1.002000e-02 9.522800e-02
73 8.928920e-01 1.007200e-02 9.703600e-02
74 8.910600e-01 1.010800e-02 9.883200e-02
75 8.894040e-01 1.000000e-02 1.005960e-01
76 8.876640e-01 9.972000e-03 1.023640e-01
77 8.858640e-01 1.003600e-02 1.041000e-01
78 8.843120e-01 9.648000e-03 1.060400e-01
79 8.826640e-01 9.588000e-03 1.077480e-01
80 8.812160e-01 9.448000e-03 1.093360e-01
81 8.796720e-01 9.500000e-03 1.108280e-01
82 8.781440e-01 9.328000e-03 1.125280e-01
83 8.766720e-01 9.252000e-03 1.140760e-01
84 8.753360e-01 8.944000e-03 1.157200e-01
85 8.738280e-01 8.940000e-03 1.172320e-01
86 8.723800e-01 8.856000e-03 1.187640e-01
87 8.709000e-01 8.784000e-03 1.203160e-01
88 8.694400e-01 8.732000e-03 1.218280e-01
89 8.679920e-01 8.612000e-03 1.233960e-01
90 8.666200e-01 8.508000e-03 1.248720e-01
91 8.652240e-01 8.432000e-03 1.263440e-01
92 8.638320e-01 8.468000e-03 1.277000e-01
93 8.621920e-01 8.620000e-03 1.291880e-01
94 8.605960e-01 8.832000e-03 1.305720e-01
95 8.589000e-01 8.948000e-03 1.321520e-01
96 8.574040e-01 8.784000e-03 1.338120e-01
97 8.558280e-01 8.756000e-03 1.354160e-01
98 8.542800e-01 8.812000e-03 1.369080e-01
99 8.527680e-01 8.928000e-03 1.383040e-01
100 8.511080e-01 8.992000e-03 1.399000e-01
101 8.496400e-01 8.904000e-03 1.414560e-01
102 8.480240e-01 9.004000e-03 1.429720e-01
103 8.463520e-01 9.132000e-03 1.445160e-01
104 8.447760e-01 9.072000e-03 1.461520e-01
105 8.432040e-01 9.188000e-03 1.476080e-01
106 8.416920e-01 9.064000e-03 1.492440e-01
107 8.401560e-01 9.040000e-03 1.508040e-01
108 8.386720e-01 8.784000e-03 1.525440e-01
109 8.372720e-01 8.656000e-03 1.540720e-01
110 8.358760e-01 8.508000e-03 1.556160e-01
111 8.343000e-01 8.660000e-03 1.570400e-01
112 8.327520e-01 8.736000e-03 1.585120e-01
113 8.313000e-01 8.688000e-03 1.600120e-01
114 8.298120e-01 8.660000e-03 1.615280e-01
115 8.283560e-01 8.648000e-03 1.629960e-01
116 8.268040e-01 8.572000e-03 1.646240e-01
117 8.252320e-01 8.628000e-03 1.661400e-01
118 8.236560e-01 8.584000e-03 1.677600e-01
119 8.221840e-01 8.660000e-03 1.691560e-01
120 8.207440e-01 8.520000e-03 1.707360e-01
121 8.192800e-01 8.460000e-03 1.722600e-01
122 8.177360e-01 8.708000e-03 1.735560e-01
123 8.161200e-01 8.832000e-03 1.750480e-01
124 8.144640e-01 9.000000e-03 1.765360e-01
125 8.126360e-01 9.308000e-03 1.780560e-01
126 8.110280e-01 9.244000e-03 1.797280e-01
127 8.094360e-01 9.192000e-03 1.813720e-01
128 8.079120e-01 9.120000e-03 1.829680e-01
129 8.063720e-01 8.992000e-03 1.846360e-01
130 8.048400e-01 8.908000e-03 1.862520e-01
131 8.031040e-01 9.140000e-03 1.877560e-01
132 8.016400e-01 9.080000e-03 1.892800e-01
133 8.000120e-01 9.048000e-03 1.909400e-01
134 7.983400e-01 9.208000e-03 1.924520e-01
135 7.969240e-01 8.944000e-03 1.941320e-01
136 7.955120e-01 8.724000e-03 1.957640e-01
137 7.941000e-01 8.512000e-03 1.973880e-01
138 7.927840e-01 8.484000e-03 1.987320e-01
139 7.913640e-01 8.344000e-03 2.002920e-01
140 7.898400e-01 8.380000e-03 2.017800e-01
141 7.885520e-01 8.144000e-03 2.033040e-01
142 7.871240e-01 8.140000e-03 2.047360e-01
143 7.855560e-01 8.348000e-03 2.060960e-01
144 7.841400e-01 8.260000e-03 2.076000e-01
145 7.827440e-01 8.216000e-03 2.090400e-01
146 7.812800e-01 8.220000e-03 2.105000e-01
147 7.796880e-01 8.376000e-03 2.119360e-01
148 7.782080e-01 8.448000e-03 2.133440e-01
149 7.767960e-01 8.372000e-03 2.148320e-01
150 7.751640e-01 8.460000e-03 2.163760e-01
151 7.737720e-01 8.312000e-03 2.179160e-01
152 7.723120e-01 8.444000e-03 2.192440e-01
153 7.708880e-01 8.352000e-03 2.207600e-01
154 7.695560e-01 8.256000e-03 2.221880e-01
155 7.681520e-01 8.236000e-03 2.236120e-01
156 7.668280e-01 8.120000e-03 2.250520e-01
157 7.653920e-01 8.140000e-03 2.264680e-01
158 7.641000e-01 7.968000e-03 2.279320e-01
159 7.627760e-01 7.912000e-03 2.293120e-01
160 7.615760e-01 7.700000e-03 2.307240e-01
161 7.602280e-01 7.656000e-03 2.321160e-01
162 7.588440e-01 7.788000e-03 2.333680e-01
163 7.575200e-01 7.780000e-03 2.347000e-01
164 7.561400e-01 7.904000e-03 2.359560e-01
165 7.546760e-01 7.984000e-03 2.373400e-01
166 7.534160e-01 7.756000e-03 2.388280e-01
167 7.520960e-01 7.692000e-03 2.402120e-01
168 7.506840e-01 7.748000e-03 2.415680e-01
169 7.493600e-01 7.736000e-03 2.429040e-01
170 7.480240e-01 7.684000e-03 2.442920e-01
171 7.467480e-01 7.540000e-03 2.457120e-01
172 7.456120e-01 7.360000e-03 2.470280e-01
173 7.442920e-01 7.340000e-03 2.483680e-01
174 7.430720e-01 7.284000e-03 2.496440e-01
175 7.417800e-01 7.280000e-03 2.509400e-01
176 7.403880e-01 7.456000e-03 2.521560e-01
177 7.391440e-01 7.400000e-03 2.534560e-01
178 7.379760e-01 7.344000e-03 2.546800e-01
179 7.366040e-01 7.404000e-03 2.559920e-01
180 7.352560e-01 7.524000e-03 2.572200e-01
181 7.339120e-01 7.588000e-03 2.585000e-01
182 7.325640e-01 7.704000e-03 2.597320e-01
183 7.314120e-01 7.512000e-03 2.610760e-01
184 7.303120e-01 7.332000e-03 2.623560e-01
185 7.292280e-01 7.160000e-03 2.636120e-01
186 7.280720e-01 7.124000e-03 2.648040e-01
187 7.268880e-01 7.112000e-03 2.660000e-01
188 7.257920e-01 7.000000e-03 2.672080e-01
189 7.246800e-01 6.816000e-03 2.685040e-01
190 7.235000e-01 6.832000e-03 2.696680e-01
191 7.222600e-01 6.956000e-03 2.707840e-01
192 7.212920e-01 6.700000e-03 2.720080e-01
193 7.203800e-01 6.524000e-03 2.730960e-01
194 7.193840e-01 6.416000e-03 2.742000e-01
195 7.184720e-01 6.212000e-03 2.753160e-01
196 7.174880e-01 6.052000e-03 2.764600e-01
197 7.165800e-01 5.932000e-03 2.774880e-01
198 7.157400e-01 5.716000e-03 2.785440e-01
199 7.147440e-01 5.704000e-03 2.795520e-01
200 7.138400e-01 5.636000e-03 2.805240e-01
201 7.128640e-01 5.592000e-03 2.815440e-01
202 7.120000e-01 5.596000e-03 2.824040e-01
203 7.112240e-01 5.352000e-03 2.834240e-01
204 7.104880e-01 5.164000e-03 2.843480e-01
205 7.096280e-01 5.024000e-03 2.853480e-01
206 7.088400e-01 4.980000e-03 2.861800e-01
207 7.080120e-01 4.912000e-03 2.870760e-01
208 7.071680e-01 4.812000e-03 2.880200e-01
209 7.063760e-01 4.848000e-03 2.887760e-01
210 7.055120e-01 4.928000e-03 2.895600e-01
211 7.047960e-01 4.772000e-03 2.904320e-01
212 7.040080e-01 4.660000e-03 2.913320e-01
213 7.032280e-01 4.664000e-03 2.921080e-01
214 7.023480e-01 4.712000e-03 2.929400e-01
215 7.015600e-01 4.608000e-03 2.938320e-01
216 7.006680e-01 4.712000e-03 2.946200e-01
217 6.999080e-01 4.676000e-03 2.954160e-01
218 6.991120e-01 4.764000e-03 2.961240e-01
219 6.982760e-01 4.848000e-03 2.968760e-01
220 6.974440e-01 4.844000e-03 2.977120e-01
221 6.966000e-01 4.888000e-03 2.985120e-01
222 6.958360e-01 4.776000e-03 2.993880e-01
223 6.949480e-01 4.884000e-03 3.001680e-01
224 6.941480e-01 4.820000e-03 3.010320e-01
225 6.933040e-01 4.848000e-03 3.018480e-01
226 6.924080e-01 4.864000e-03 3.027280e-01
227 6.916360e-01 4.828000e-03 3.035360e-01
228 6.907080e-01 4.856000e-03 3.044360e-01
229 6.899880e-01 4.672000e-03 3.053400e-01
230 6.892320e-01 4.612000e-03 3.061560e-01
231 6.884720e-01 4.552000e-03 3.069760e-01
232 6.877320e-01 4.480000e-03 3.077880e-01
233 6.870840e-01 4.352000e-03 3.085640e-01
234 6.863800e-01 4.240000e-03 3.093800e-01
235 6.857080e-01 4.164000e-03 3.101280e-01
236 6.849880e-01 4.116000e-03 3.108960e-01
237 6.842960e-01 4.040000e-03 3.116640e-01
238 6.835480e-01 4.120000e-03 3.123320e-01
239 6.828000e-01 4.260000e-03 3.129400e-01
240 6.819520e-01 4.408000e-03 3.136400e-01
241 6.812120e-01 4.340000e-03 3.144480e-01
242 6.804560e-01 4.372000e-03 3.151720e-01
243 6.796360e-01 4.416000e-03 3.159480e-01
244 6.788920e-01 4.464000e-03 3.166440e-01
245 6.781320e-01 4.424000e-03 3.174440e-01
246 6.773080e-01 4.472000e-03 3.182200e-01
247 6.766520e-01 4.348000e-03 3.190000e-01
248 6.759440e-01 4.252000e-03 3.198040e-01
249 6.752640e-01 4.132000e-03 3.206040e-01
250 6.745080e-01 4.096000e-03 3.213960e-01
251 6.737560e-01 4.040000e-03 3.222040e-01
252 6.731760e-01 3.960000e-03 3.228640e-01
253 6.725040e-01 3.924000e-03 3.235720e-01
254 6.719520e-01 3.860000e-03 3.241880e-01
255 6.713080e-01 3.836000e-03 3.248560e-01
256 6.706680e-01 3.824000e-03 3.255080e-01
257 6.700840e-01 3.600000e-03 3.263160e-01
258 6.695400e-01 3.448000e-03 3.270120e-01
259 6.689080e-01 3.488000e-03 3.276040e-01
260 6.682040e-01 3.528000e-03 3.282680e-01
261 6.674800e-01 3.700000e-03 3.288200e-01
262 6.666960e-01 3.844000e-03 3.294600e-01
263 6.660080e-01 3.872000e-03 3.301200e-01
264 6.653600e-01 3.768000e-03 3.308720e-01
265 6.647160e-01 3.696000e-03 3.315880e-01
266 6.641720e-01 3.536000e-03 3.322920e-01
267 6.636200e-01 3.472000e-03 3.329080e-01
268 6.629640e-01 3.484000e-03 3.335520e-01
269 6.624360e-01 3.424000e-03 3.341400e-01
270 6.617520e-01 3.504000e-03 3.347440e-01
271 6.611760e-01 3.488000e-03 3.353360e-01
272 6.605400e-01 3.472000e-03 3.359880e-01
273 6.599720e-01 3.472000e-03 3.365560e-01
274 6.593960e-01 3.416000e-03 3.371880e-01
275 6.588720e-01 3.356000e-03 3.377720e-01
276 6.582760e-01 3.380000e-03 3.383440e-01
277 6.576400e-01 3.464000e-03 3.388960e-01
278 6.570120e-01 3.512000e-03 3.394760e-01
279 6.563760e-01 3.564000e-03 3.400600e-01
280 6.557560e-01 3.600000e-03 3.406440e-01
281 6.551800e-01 3.516000e-03 3.413040e-01
282 6.547000e-01 3.424000e-03 3.418760e-01
283 6.542360e-01 3.276000e-03 3.424880e-01
284 6.536320e-01 3.276000e-03 3.430920e-01
285 6.531400e-01 3.236000e-03 3.436240e-01
286 6.525680e-01 3.280000e-03 3.441520e-01
287 6.520920e-01 3.176000e-03 3.447320e-01
288 6.515960e-01 3.160000e-03 3.452440e-01
289 6.510840e-01 3.100000e-03 3.458160e-01
290 6.504720e-01 3.216000e-03 3.463120e-01
291 6.499040e-01 3.188000e-03 3.469080e-01
292 6.493280e-01 3.164000e-03 3.475080e-01
293 6.487640e-01 3.188000e-03 3.480480e-01
294 6.481440e-01 3.232000e-03 3.486240e-01
295 6.475920e-01 3.256000e-03 3.491520e-01
296 6.470600e-01 3.168000e-03 3.497720e-01
297 6.464480e-01 3.192000e-03 3.503600e-01
298 6.458440e-01 3.240000e-03 3.509160e-01
299 6.452840e-01 3.168000e-03 3.515480e-01
300 6.448120e-01 3.136000e-03 3.520520e-01
301 6.443040e-01 3.132000e-03 3.525640e-01
302 6.437720e-01 3.180000e-03 3.530480e-01
303 6.431880e-01 3.168000e-03 3.536440e-01
304 6.425720e-01 3.192000e-03 3.542360e-01
305 6.419960e-01 3.164000e-03 3.548400e-01
306 6.415040e-01 3.052000e-03 3.554440e-01
307 6.409240e-01 3.036000e-03 3.560400e-01
308 6.404760e-01 2.988000e-03 3.565360e-01
309 6.399320e-01 3.036000e-03 3.570320e-01
310 6.393000e-01 3.112000e-03 3.575880e-01
311 6.387720e-01 3.100000e-03 3.581280e-01
312 6.382240e-01 3.204000e-03 3.585720e-01
313 6.376040e-01 3.280000e-03 3.591160e-01
314 6.369560e-01 3.420000e-03 3.596240e-01
315 6.363040e-01 3.432000e-03 3.602640e-01
316 6.357680e-01 3.288000e-03 3.609440e-01
317 6.351080e-01 3.352000e-03 3.615400e-01
318 6.344840e-01 3.340000e-03 3.621760e-01
319 6.338320e-01 3.452000e-03 3.627160e-01
320 6.332840e-01 3.464000e-03 3.632520e-01
321 6.327080e-01 3.496000e-03 3.637960e-01
322 6.321000e-01 3.536000e-03 3.643640e-01
323 6.314560e-01 3.468000e-03 3.650760e-01
324 6.309560e-01 3.412000e-03 3.656320e-01
325 6.303720e-01 3.372000e-03 3.662560e-01
326 6.298560e-01 3.288000e-03 3.668560e-01
327 6.293640e-01 3.244000e-03 3.673920e-01
328 6.287840e-01 3.256000e-03 3.679600e-01
329 6.283200e-01 3.152000e-03 3.685280e-01
330 6.279000e-01 3.040000e-03 3.690600e-01
331 6.273880e-01 3.032000e-03 3.695800e-01
332 6.268880e-01 2.988000e-03 3.701240e-01
333 6.264760e-01 2.844000e-03 3.706800e-01
334 6.260560e-01 2.776000e-03 3.711680e-01
335 6.256680e-01 2.708000e-03 3.716240e-01
336 6.252840e-01 2.636000e-03 3.720800e-01
337 6.249200e-01 2.568000e-03 3.725120e-01
338 6.245480e-01 2.444000e-03 3.730080e-01
339 6.241360e-01 2.440000e-03 3.734240e-01
340 6.237440e-01 2.448000e-03 3.738080e-01
341 6.233640e-01 2.328000e-03 3.743080e-01
342 6.229840e-01 2.252000e-03 3.747640e-01
343 6.226680e-01 2.208000e-03 3.751240e-01
344 6.222960e-01 2.212000e-03 3.754920e-01
345 6.219280e-01 2.164000e-03 3.759080e-01
346 6.215880e-01 2.148000e-03 3.762640e-01
347 6.210960e-01 2.212000e-03 3.766920e-01
348 6.207000e-01 2.228000e-03 3.770720e-01
349 6.203080e-01 2.224000e-03 3.774680e-01
350 6.198280e-01 2.236000e-03 3.779360e-01
351 6.194080e-01 2.248000e-03 3.783440e-01
352 6.189280e-01 2.352000e-03 3.787200e-01
353 6.185960e-01 2.284000e-03 3.791200e-01
354 6.181560e-01 2.276000e-03 3.795680e-01
355 6.178000e-01 2.168000e-03 3.800320e-01
356 6.173800e-01 2.212000e-03 3.804080e-01
357 6.169440e-01 2.316000e-03 3.807400e-01
358 6.166120e-01 2.212000e-03 3.811760e-01
359 6.161720e-01 2.300000e-03 3.815280e-01
360 6.157600e-01 2.292000e-03 3.819480e-01
361 6.153120e-01 2.396000e-03 3.822920e-01
362 6.149360e-01 2.372000e-03 3.826920e-01
363 6.146680e-01 2.244000e-03 3.830880e-01
364 6.143280e-01 2.208000e-03 3.834640e-01
365 6.139280e-01 2.244000e-03 3.838280e-01
366 6.136280e-01 2.156000e-03 3.842160e-01
367 6.133120e-01 2.112000e-03 3.845760e-01
368 6.130320e-01 2.028000e-03 3.849400e-01
369 6.127480e-01 1.928000e-03 3.853240e-01
370 6.123800e-01 1.888000e-03 3.857320e-01
371 6.120920e-01 1.892000e-03 3.860160e-01
372 6.117360e-01 2.012000e-03 3.862520e-01
373 6.114200e-01 2.004000e-03 3.865760e-01
374 6.110480e-01 2.048000e-03 3.869040e-01
375 6.107440e-01 1.988000e-03 3.872680e-01
376 6.104080e-01 2.004000e-03 3.875880e-01
377 6.101040e-01 1.972000e-03 3.879240e-01
378 6.097720e-01 1.936000e-03 3.882920e-01
379 6.094800e-01 1.920000e-03 3.886000e-01
380 6.091800e-01 1.924000e-03 3.888960e-01
381 6.088400e-01 1.908000e-03 3.892520e-01
382 6.085320e-01 1.896000e-03 3.895720e-01
383 6.082400e-01 1.844000e-03 3.899160e-01
384 6.080080e-01 1.756000e-03 3.902360e-01
385 6.077000e-01 1.776000e-03 3.905240e-01
386 6.074240e-01 1.760000e-03 3.908160e-01
387 6.071200e-01 1.692000e-03 3.911880e-01
388 6.067240e-01 1.760000e-03 3.915160e-01
389 6.063760e-01 1.776000e-03 3.918480e-01
390 6.060560e-01 1.764000e-03 3.921800e-01
391 6.057640e-01 1.732000e-03 3.925040e-01
392 6.054080e-01 1.760000e-03 3.928320e-01
393 6.051240e-01 1.744000e-03 3.931320e-01
394 6.048600e-01 1.676000e-03 3.934640e-01
395 6.046280e-01 1.624000e-03 3.937480e-01
396 6.043840e-01 1.588000e-03 3.940280e-01
397 6.041600e-01 1.464000e-03 3.943760e-01
398 6.038920e-01 1.456000e-03 3.946520e-01
399 6.036560e-01 1.448000e-03 3.948960e-01
400 6.033760e-01 1.488000e-03 3.951360e-01
401 6.031000e-01 1.496000e-03 3.954040e-01
402 6.028640e-01 1.456000e-03 3.956800e-01
403 6.026960e-01 1.364000e-03 3.959400e-01
404 6.024920e-01 1.384000e-03 3.961240e-01
405 6.022560e-01 1.356000e-03 3.963880e-01
406 6.020520e-01 1.312000e-03 3.966360e-01
407 6.018640e-01 1.268000e-03 3.968680e-01
408 6.016760e-01 1.272000e-03 3.970520e-01
409 6.014920e-01 1.212000e-03 3.972960e-01
410 6.013160e-01 1.152000e-03 3.975320e-01
411 6.011720e-01 1.124000e-03 3.977040e-01
412 6.009840e-01 1.172000e-03 3.978440e-01
413 6.008400e-01 1.140000e-03 3.980200e-01
414 6.006320e-01 1.172000e-03 3.981960e-01
415 6.004680e-01 1.132000e-03 3.984000e-01
416 6.002680e-01 1.152000e-03 3.985800e-01
417 6.000280e-01 1.192000e-03 3.987800e-01
418 5.998000e-01 1.188000e-03 3.990120e-01
419 5.996120e-01 1.172000e-03 3.992160e-01
420 5.993840e-01 1.172000e-03 3.994440e-01
421 5.992280e-01 1.100000e-03 3.996720e-01
422 5.990680e-01 1.016000e-03 3.999160e-01
423 5.988800e-01 9.960000e-04 4.001240e-01
424 5.986800e-01 9.840000e-04 4.003360e-01
425 5.984480e-01 1.012000e-03 4.005400e-01
426 5.982520e-01 1.060000e-03 4.006880e-01
427 5.980040e-01 1.124000e-03 4.008720e-01
428 5.977400e-01 1.132000e-03 4.011280e-01
429 5.975040e-01 1.164000e-03 4.013320e-01
430 5.972680e-01 1.216000e-03 4.015160e-01
431 5.971000e-01 1.152000e-03 4.017480e-01
432 5.968880e-01 1.140000e-03 4.019720e-01
433 5.967320e-01 1.072000e-03 4.021960e-01
434 5.964920e-01 1.100000e-03 4.024080e-01
435 5.962520e-01 1.152000e-03 4.025960e-01
436 5.960200e-01 1.172000e-03 4.028080e-01
437 5.957920e-01 1.192000e-03 4.030160e-01
438 5.955720e-01 1.228000e-03 4.032000e-01
439 5.953640e-01 1.224000e-03 4.034120e-01
440 5.952080e-01 1.152000e-03 4.036400e-01
441 5.950480e-01 1.132000e-03 4.038200e-01
442 5.948840e-01 1.108000e-03 4.040080e-01
443 5.947520e-01 1.080000e-03 4.041680e-01
444 5.945960e-01 1.052000e-03 4.043520e-01
445 5.944360e-01 1.048000e-03 4.045160e-01
446 5.943040e-01 9.880000e-04 4.047080e-01
447 5.941560e-01 9.280000e-04 4.049160e-01
448 5.940440e-01 8.720000e-04 4.050840e-01
449 5.938760e-01 8.920000e-04 4.052320e-01
450 5.937000e-01 9.240000e-04 4.053760e-01
451 5.935520e-01 9.080000e-04 4.055400e-01
452 5.934160e-01 8.920000e-04 4.056920e-01
453 5.933440e-01 8.240000e-04 4.058320e-01
454 5.932160e-01 8.080000e-04 4.059760e-01
455 5.930760e-01 8.240000e-04 4.061000e-01
456 5.929280e-01 8.480000e-04 4.062240e-01
457 5.927840e-01 8.360000e-04 4.063800e-01
458 5.926280e-01 8.640000e-04 4.065080e-01
459 5.924840e-01 8.520000e-04 4.066640e-01
460 5.923120e-01 8.480000e-04 4.068400e-01
461 5.921640e-01 8.640000e-04 4.069720e-01
462 5.920680e-01 7.800000e-04 4.071520e-01
463 5.919520e-01 7.600000e-04 4.072880e-01
464 5.918800e-01 6.840000e-04 4.074360e-01
465 5.917800e-01 6.720000e-04 4.075480e-01
466 5.916760e-01 6.520000e-04 4.076720e-01
467 5.916120e-01 5.720000e-04 4.078160e-01
468 5.915080e-01 5.760000e-04 4.079160e-01
469 5.914240e-01 5.520000e-04 4.080240e-01
470 5.912960e-01 5.800000e-04 4.081240e-01
471 5.911640e-01 6.240000e-04 4.082120e-01
472 5.910600e-01 6.240000e-04 4.083160e-01
473 5.909480e-01 5.960000e-04 4.084560e-01
474 5.908280e-01 5.560000e-04 4.086160e-01
475 5.907400e-01 5.280000e-04 4.087320e-01
476 5.906640e-01 4.920000e-04 4.088440e-01
477 5.905680e-01 4.600000e-04 4.089720e-01
478 5.904640e-01 4.760000e-04 4.090600e-01
479 5.904200e-01 4.240000e-04 4.091560e-01
480 5.903800e-01 4.120000e-04 4.092080e-01
481 5.902720e-01 4.680000e-04 4.092600e-01
482 5.901720e-01 4.560000e-04 4.093720e-01
483 5.900920e-01 4.440000e-04 4.094640e-01
484 5.900200e-01 4.240000e-04 4.095560e-01
485 5.899400e-01 4.360000e-04 4.096240e-01
486 5.898800e-01 4.200000e-04 4.097000e-01
487 5.898280e-01 3.880000e-04 4.097840e-01
488 5.897920e-01 3.800000e-04 4.098280e-01
489 5.897240e-01 3.680000e-04 4.099080e-01
490 5.896360e-01 3.920000e-04 4.099720e-01
491 5.895320e-01 4.280000e-04 4.100400e-01
492 5.894200e-01 4.640000e-04 4.101160e-01
493 5.893480e-01 4.480000e-04 4.102040e-01
494 5.892640e-01 4.760000e-04 4.102600e-01
495 5.891720e-01 4.880000e-04 4.103400e-01
496 5.890520e-01 5.400000e-04 4.104080e-01
497 5.889560e-01 5.360000e-04 4.105080e-01
498 5.888400e-01 5.720000e-04 4.105880e-01
499 5.887600e-01 5.440000e-04 4.106960e-01
500 5.886840e-01 5.240000e-04 4.107920e-01
