1 9.991760e-01 7.360000e-04 8.800000e-05
2 9.985600e-01 1.164000e-03 2.760000e-04
3 9.979600e-01 1.552000e-03 4.880000e-04
4 9.971360e-01 2.096000e-03 7.680000e-04
5 9.962280e-01 2.592000e-03 1.180000e-03
6 9.954160e-01 2.948000e-03 1.636000e-03
7 9.944720e-01 3.380000e-03 2.148000e-03
8 9.934640e-01 3.800000e-03 2.736000e-03
9 9.923800e-01 4.108000e-03 3.512000e-03
10 9.912360e-01 4.456000e-03 4.308000e-03
11 9.900360e-01 4.816000e-03 5.148000e-03
12 9.889480e-01 5.084000e-03 5.968000e-03
13 9.878200e-01 5.352000e-03 6.828000e-03
14 9.867160e-01 5.416000e-03 7.868000e-03
15 9.854880e-01 5.756000e-03 8.756000e-03
16 9.842800e-01 5.968000e-03 9.752000e-03
17 9.830080e-01 6.148000e-03 1.084400e-02
18 9.817680e-01 6.348000e-03 1.188400e-02
19 9.804800e-01 6.500000e-03 1.302000e-02
20 9.791600e-01 6.716000e-03 1.412400e-02
21 9.778960e-01 6.772000e-03 1.533200e-02
22 9.764800e-01 7.012000e-03 1.650800e-02
23 9.750280e-01 7.236000e-03 1.773600e-02
24 9.738040e-01 7.084000e-03 1.911200e-02
25 9.722480e-01 7.248000e-03 2.050400e-02
26 9.710720e-01 7.032000e-03 2.189600e-02
27 9.697960e-01 6.964000e-03 2.324000e-02
28 9.686080e-01 6.964000e-03 2.442800e-02
29 9.673280e-01 7.096000e-03 2.557600e-02
30 9.660400e-01 7.264000e-03 2.669600e-02
31 9.647960e-01 7.240000e-03 2.796400e-02
32 9.633960e-01 7.392000e-03 2.921200e-02
33 9.619720e-01 7.588000e-03 3.044000e-02
34 9.605280e-01 7.712000e-03 3.176000e-02
35 9.590200e-01 7.788000e-03 3.319200e-02
36 9.575880e-01 8.012000e-03 3.440000e-02
37 9.560400e-01 8.148000e-03 3.581200e-02
38 9.546080e-01 8.092000e-03 3.730000e-02
39 9.532440e-01 7.856000e-03 3.890000e-02
40 9.518000e-01 7.848000e-03 4.035200e-02
41 9.505000e-01 7.740000e-03 4.176000e-02
42 9.492000e-01 7.704000e-03 4.309600e-02
43 9.479360e-01 7.564000e-03 4.450000e-02
44 9.464320e-01 7.676000e-03 4.589200e-02
45 9.449520e-01 7.864000e-03 4.718400e-02
46 9.435640e-01 7.860000e-03 4.857600e-02
47 9.419880e-01 8.104000e-03 4.990800e-02
48 9.403920e-01 8.320000e-03 5.128800e-02
49 9.389120e-01 8.384000e-03 5.270400e-02
50 9.372320e-01 8.652000e-03 5.411600e-02
51 9.358400e-01 8.532000e-03 5.562800e-02
52 9.342240e-01 8.632000e-03 5.714400e-02
53 9.327480e-01 8.600000e-03 5.865200e-02
54 9.312440e-01 8.604000e-03 6.015200e-02
55 9.298200e-01 8.508000e-03 6.167200e-02
56 9.283040e-01 8.560000e-03 6.313600e-02
57 9.267720e-01 8.580000e-03 6.464800e-02
58 9.252640e-01 8.572000e-03 6.616400e-02
59 9.235160e-01 8.728000e-03 6.775600e-02
60 9.219000e-01 8.744000e-03 6.935600e-02
61 9.202000e-01 8.900000e-03 7.090000e-02
62 9.186040e-01 8.896000e-03 7.250000e-02
63 9.169000e-01 8.952000e-03 7.414800e-02
64 9.153840e-01 8.884000e-03 7.573200e-02
65 9.136560e-01 9.112000e-03 7.723200e-02
66 9.119240e-01 9.240000e-03 7.883600e-02
67 9.101480e-01 9.576000e-03 8.027600e-02
68 9.084040e-01 9.748000e-03 8.184800e-02
69 9.068480e-01 9.604000e-03 8.354800e-02
70 9.052080e-01 9.532000e-03 8.526000e-02
71 9.035880e-01 9.516000e-03 8.689600e-02
72 9.018760e-01 9.620000e-03 8.850400e-02
73 9.002280e-01 9.608000e-03 9.016400e-02
74 8.985480e-01 9.700000e-03 9.175200e-02
75 8.968360e-01 9.672000e-03 9.349200e-02
76 8.951680e-01 9.576000e-03 9.525600e-02
77 8.936320e-01 9.468000e-03 9.690000e-02
78 8.921400e-01 9.296000e-03 9.856400e-02
79 8.905960e-01 9.288000e-03 1.001160e-01
80 8.888840e-01 9.472000e-03 1.016440e-01
81 8.871640e-01 9.576000e-03 1.032600e-01
82 8.855400e-01 9.480000e-03 1.049800e-01
83 8.840000e-01 9.472000e-03 1.065280e-01
84 8.823160e-01 9.456000e-03 1.082280e-01
85 8.805680e-01 9.464000e-03 1.099680e-01
86 8.788240e-01 9.656000e-03 1.115200e-01
87 8.771040e-01 9.760000e-03 1.131360e-01
88 8.754680e-01 9.784000e-03 1.147480e-01
89 8.736640e-01 9.824000e-03 1.165120e-01
90 8.719960e-01 9.796000e-03 1.182080e-01
91 8.703240e-01 9.764000e-03 1.199120e-01
92 8.684360e-01 9.936000e-03 1.216280e-01
93 8.668320e-01 9.672000e-03 1.234960e-01
94 8.652440e-01 9.604000e-03 1.251520e-01
95 8.635120e-01 9.668000e-03 1.268200e-01
96 8.618840e-01 9.592000e-03 1.285240e-01
97 8.602680e-01 9.548000e-03 1.301840e-01
98 8.585920e-01 9.580000e-03 1.318280e-01
99 8.570560e-01 9.532000e-03 1.334120e-01
100 8.553880e-01 9.536000e-03 1.350760e-01
101 8.538840e-01 9.340000e-03 1.367760e-01
102 8.523360e-01 9.196000e-03 1.384680e-01
103 8.506240e-01 9.304000e-03 1.400720e-01
104 8.490320e-01 9.328000e-03 1.416400e-01
105 8.475160e-01 9.164000e-03 1.433200e-01
106 8.459880e-01 9.112000e-03 1.449000e-01
107 8.447160e-01 8.800000e-03 1.464840e-01
108 8.432320e-01 8.844000e-03 1.479240e-01
109 8.418120e-01 8.636000e-03 1.495520e-01
110 8.405440e-01 8.324000e-03 1.511320e-01
111 8.391880e-01 8.176000e-03 1.526360e-01
112 8.379920e-01 7.944000e-03 1.540640e-01
113 8.368160e-01 7.660000e-03 1.555240e-01
114 8.356160e-01 7.544000e-03 1.568400e-01
115 8.343480e-01 7.564000e-03 1.580880e-01
116 8.330040e-01 7.580000e-03 1.594160e-01
117 8.317760e-01 7.472000e-03 1.607520e-01
118 8.304640e-01 7.416000e-03 1.621200e-01
119 8.291280e-01 7.528000e-03 1.633440e-01
120 8.278680e-01 7.464000e-03 1.646680e-01
121 8.265080e-01 7.504000e-03 1.659880e-01
122 8.253760e-01 7.276000e-03 1.673480e-01
123 8.241520e-01 7.276000e-03 1.685720e-01
124 8.229840e-01 7.232000e-03 1.697840e-01
125 8.216160e-01 7.464000e-03 1.709200e-01
126 8.204160e-01 7.396000e-03 1.721880e-01
127 8.193240e-01 7.056000e-03 1.736200e-01
128 8.180160e-01 6.976000e-03 1.750080e-01
129 8.169520e-01 6.900000e-03 1.761480e-01
130 8.158120e-01 6.820000e-03 1.773680e-01
131 8.146080e-01 6.856000e-03 1.785360e-01
132 8.135360e-01 6.756000e-03 1.797080e-01
133 8.124680e-01 6.752000e-03 1.807800e-01
134 8.113080e-01 6.688000e-03 1.820040e-01
135 8.101640e-01 6.732000e-03 1.831040e-01
136 8.089920e-01 6.764000e-03 1.842440e-01
137 8.076920e-01 6.884000e-03 1.854240e-01
138 8.065080e-01 6.944000e-03 1.865480e-01
139 8.051520e-01 7.156000e-03 1.876920e-01
140 8.039320e-01 7.176000e-03 1.888920e-01
141 8.026440e-01 7.340000e-03 1.900160e-01
142 8.014360e-01 7.196000e-03 1.913680e-01
143 8.000320e-01 7.300000e-03 1.926680e-01
144 7.985800e-01 7.540000e-03 1.938800e-01
145 7.973720e-01 7.308000e-03 1.953200e-01
146 7.960680e-01 7.368000e-03 1.965640e-01
147 7.947400e-01 7.476000e-03 1.977840e-01
148 7.934560e-01 7.452000e-03 1.990920e-01
149 7.922040e-01 7.292000e-03 2.005040e-01
150 7.910880e-01 7.216000e-03 2.016960e-01
151 7.898960e-01 7.204000e-03 2.029000e-01
152 7.888480e-01 6.940000e-03 2.042120e-01
153 7.877240e-01 6.800000e-03 2.054760e-01
154 7.865480e-01 6.704000e-03 2.067480e-01
155 7.853480e-01 6.752000e-03 2.079000e-01
156 7.842840e-01 6.752000e-03 2.089640e-01
157 7.830720e-01 6.748000e-03 2.101800e-01
158 7.819520e-01 6.688000e-03 2.113600e-01
159 7.807400e-01 6.740000e-03 2.125200e-01
160 7.794880e-01 6.704000e-03 2.138080e-01
161 7.783080e-01 6.752000e-03 2.149400e-01
162 7.771200e-01 6.844000e-03 2.160360e-01
163 7.759480e-01 6.884000e-03 2.171680e-01
164 7.746840e-01 7.056000e-03 2.182600e-01
165 7.735560e-01 6.840000e-03 2.196040e-01
166 7.723800e-01 6.880000e-03 2.207400e-01
167 7.712560e-01 6.748000e-03 2.219960e-01
168 7.701440e-01 6.612000e-03 2.232440e-01
169 7.690320e-01 6.604000e-03 2.243640e-01
170 7.678640e-01 6.652000e-03 2.254840e-01
171 7.667160e-01 6.628000e-03 2.266560e-01
172 7.655120e-01 6.552000e-03 2.279360e-01
173 7.642800e-01 6.652000e-03 2.290680e-01
174 7.631800e-01 6.472000e-03 2.303480e-01
175 7.619760e-01 6.512000e-03 2.315120e-01
176 7.609600e-01 6.364000e-03 2.326760e-01
177 7.598960e-01 6.300000e-03 2.338040e-01
178 7.588680e-01 6.288000e-03 2.348440e-01
179 7.578520e-01 6.232000e-03 2.359160e-01
180 7.568200e-01 6.204000e-03 2.369760e-01
181 7.558760e-01 6.100000e-03 2.380240e-01
182 7.548000e-01 6.112000e-03 2.390880e-01
183 7.537840e-01 6.096000e-03 2.401200e-01
184 7.528200e-01 5.948000e-03 2.412320e-01
185 7.519720e-01 5.816000e-03 2.422120e-01
186 7.509840e-01 5.848000e-03 2.431680e-01
187 7.501240e-01 5.636000e-03 2.442400e-01
188 7.491960e-01 5.512000e-03 2.452920e-01
189 7.482440e-01 5.480000e-03 2.462760e-01
190 7.471360e-01 5.668000e-03 2.471960e-01
191 7.460600e-01 5.692000e-03 2.482480e-01
192 7.450240e-01 5.800000e-03 2.491760e-01
193 7.440320e-01 5.832000e-03 2.501360e-01
194 7.430240e-01 5.796000e-03 2.511800e-01
195 7.420960e-01 5.616000e-03 2.522880e-01
196 7.412280e-01 5.476000e-03 2.532960e-01
197 7.404160e-01 5.368000e-03 2.542160e-01
198 7.395320e-01 5.304000e-03 2.551640e-01
199 7.385880e-01 5.292000e-03 2.561200e-01
200 7.377600e-01 5.212000e-03 2.570280e-01
201 7.369840e-01 5.044000e-03 2.579720e-01
202 7.362080e-01 4.832000e-03 2.589600e-01
203 7.353240e-01 4.924000e-03 2.597520e-01
204 7.343720e-01 5.008000e-03 2.606200e-01
205 7.336200e-01 4.904000e-03 2.614760e-01
206 7.328600e-01 4.836000e-03 2.623040e-01
207 7.320040e-01 4.848000e-03 2.631480e-01
208 7.311600e-01 4.928000e-03 2.639120e-01
209 7.303800e-01 4.804000e-03 2.648160e-01
210 7.295800e-01 4.732000e-03 2.656880e-01
211 7.288360e-01 4.700000e-03 2.664640e-01
212 7.281680e-01 4.572000e-03 2.672600e-01
213 7.273520e-01 4.676000e-03 2.679720e-01
214 7.265160e-01 4.648000e-03 2.688360e-01
215 7.257760e-01 4.588000e-03 2.696360e-01
216 7.250280e-01 4.528000e-03 2.704440e-01
217 7.242760e-01 4.464000e-03 2.712600e-01
218 7.234800e-01 4.468000e-03 2.720520e-01
219 7.227160e-01 4.412000e-03 2.728720e-01
220 7.219800e-01 4.304000e-03 2.737160e-01
221 7.211280e-01 4.344000e-03 2.745280e-01
222 7.202840e-01 4.352000e-03 2.753640e-01
223 7.195440e-01 4.280000e-03 2.761760e-01
224 7.187400e-01 4.396000e-03 2.768640e-01
225 7.180320e-01 4.420000e-03 2.775480e-01
226 7.174920e-01 4.252000e-03 2.782560e-01
227 7.169040e-01 4.084000e-03 2.790120e-01
228 7.163000e-01 4.028000e-03 2.796720e-01
229 7.157520e-01 3.900000e-03 2.803480e-01
230 7.150800e-01 3.932000e-03 2.809880e-01
231 7.143080e-01 4.064000e-03 2.816280e-01
232 7.135960e-01 3.984000e-03 2.824200e-01
233 7.128760e-01 3.940000e-03 2.831840e-01
234 7.123080e-01 3.804000e-03 2.838880e-01
235 7.116520e-01 3.800000e-03 2.845480e-01
236 7.110600e-01 3.780000e-03 2.851600e-01
237 7.102800e-01 4.032000e-03 2.856880e-01
238 7.096080e-01 3.996000e-03 2.863960e-01
239 7.090360e-01 3.836000e-03 2.871280e-01
240 7.084920e-01 3.772000e-03 2.877360e-01
241 7.078640e-01 3.724000e-03 2.884120e-01
242 7.073600e-01 3.504000e-03 2.891360e-01
243 7.068880e-01 3.316000e-03 2.897960e-01
244 7.064600e-01 3.168000e-03 2.903720e-01
245 7.060080e-01 2.992000e-03 2.910000e-01
246 7.056000e-01 2.896000e-03 2.915040e-01
247 7.052600e-01 2.784000e-03 2.919560e-01
248 7.048920e-01 2.724000e-03 2.923840e-01
249 7.045760e-01 2.568000e-03 2.928560e-01
250 7.041840e-01 2.500000e-03 2.933160e-01
251 7.037600e-01 2.428000e-03 2.938120e-01
252 7.033440e-01 2.456000e-03 2.942000e-01
253 7.029200e-01 2.388000e-03 2.946920e-01
254 7.025840e-01 2.228000e-03 2.951880e-01
255 7.022080e-01 2.244000e-03 2.955480e-01
256 7.017360e-01 2.228000e-03 2.960360e-01
257 7.013200e-01 2.292000e-03 2.963880e-01
258 7.009080e-01 2.272000e-03 2.968200e-01
259 7.004200e-01 2.328000e-03 2.972520e-01
260 6.999960e-01 2.284000e-03 2.977200e-01
261 6.996000e-01 2.272000e-03 2.981280e-01
262 6.991560e-01 2.304000e-03 2.985400e-01
263 6.988800e-01 2.192000e-03 2.989280e-01
264 6.985520e-01 2.096000e-03 2.993520e-01
265 6.982200e-01 2.012000e-03 2.997680e-01
266 6.978880e-01 2.012000e-03 3.001000e-01
267 6.975640e-01 1.960000e-03 3.004760e-01
268 6.971880e-01 1.984000e-03 3.008280e-01
269 6.969000e-01 1.976000e-03 3.011240e-01
270 6.965520e-01 1.992000e-03 3.014560e-01
271 6.962040e-01 2.040000e-03 3.017560e-01
272 6.957880e-01 2.068000e-03 3.021440e-01
273 6.954400e-01 2.060000e-03 3.025000e-01
274 6.950120e-01 2.076000e-03 3.029120e-01
275 6.946520e-01 2.080000e-03 3.032680e-01
276 6.943040e-01 2.012000e-03 3.036840e-01
277 6.939400e-01 2.024000e-03 3.040360e-01
278 6.935080e-01 2.080000e-03 3.044120e-01
279 6.930960e-01 2.132000e-03 3.047720e-01
280 6.927520e-01 2.084000e-03 3.051640e-01
281 6.923680e-01 2.116000e-03 3.055160e-01
282 6.920000e-01 2.108000e-03 3.058920e-01
283 6.917320e-01 2.104000e-03 3.061640e-01
284 6.914000e-01 2.024000e-03 3.065760e-01
285 6.910160e-01 2.052000e-03 3.069320e-01
286 6.905920e-01 2.052000e-03 3.073560e-01
287 6.902320e-01 2.068000e-03 3.077000e-01
288 6.899440e-01 1.984000e-03 3.080720e-01
289 6.896000e-01 2.012000e-03 3.083880e-01
290 6.893000e-01 1.944000e-03 3.087560e-01
291 6.889160e-01 2.020000e-03 3.090640e-01
292 6.885720e-01 1.992000e-03 3.094360e-01
293 6.882800e-01 1.996000e-03 3.097240e-01
294 6.878680e-01 2.032000e-03 3.101000e-01
295 6.875360e-01 2.020000e-03 3.104440e-01
296 6.871520e-01 2.056000e-03 3.107920e-01
297 6.867080e-01 2.144000e-03 3.111480e-01
298 6.863080e-01 2.136000e-03 3.115560e-01
299 6.859800e-01 2.092000e-03 3.119280e-01
300 6.856600e-01 2.064000e-03 3.122760e-01
301 6.852720e-01 2.148000e-03 3.125800e-01
302 6.849360e-01 2.168000e-03 3.128960e-01
303 6.846360e-01 2.092000e-03 3.132720e-01
304 6.843600e-01 2.044000e-03 3.135960e-01
305 6.841440e-01 1.896000e-03 3.139600e-01
306 6.838280e-01 1.876000e-03 3.142960e-01
307 6.835240e-01 1.840000e-03 3.146360e-01
308 6.833280e-01 1.776000e-03 3.148960e-01
309 6.831120e-01 1.692000e-03 3.151960e-01
310 6.828960e-01 1.624000e-03 3.154800e-01
311 6.827560e-01 1.472000e-03 3.157720e-01
312 6.825480e-01 1.376000e-03 3.160760e-01
313 6.823760e-01 1.272000e-03 3.163520e-01
314 6.822120e-01 1.216000e-03 3.165720e-01
315 6.820280e-01 1.196000e-03 3.167760e-01
316 6.818160e-01 1.152000e-03 3.170320e-01
317 6.816000e-01 1.172000e-03 3.172280e-01
318 6.814080e-01 1.168000e-03 3.174240e-01
319 6.811960e-01 1.172000e-03 3.176320e-01
320 6.809960e-01 1.176000e-03 3.178280e-01
321 6.807360e-01 1.204000e-03 3.180600e-01
322 6.805320e-01 1.180000e-03 3.182880e-01
323 6.803160e-01 1.168000e-03 3.185160e-01
324 6.801040e-01 1.164000e-03 3.187320e-01
325 6.798240e-01 1.264000e-03 3.189120e-01
326 6.795880e-01 1.284000e-03 3.191280e-01
327 6.793880e-01 1.244000e-03 3.193680e-01
328 6.791440e-01 1.280000e-03 3.195760e-01
329 6.789040e-01 1.292000e-03 3.198040e-01
330 6.786760e-01 1.272000e-03 3.200520e-01
331 6.784680e-01 1.196000e-03 3.203360e-01
332 6.782600e-01 1.188000e-03 3.205520e-01
333 6.780600e-01 1.156000e-03 3.207840e-01
334 6.778760e-01 1.128000e-03 3.209960e-01
335 6.776520e-01 1.180000e-03 3.211680e-01
336 6.773920e-01 1.260000e-03 3.213480e-01
337 6.771760e-01 1.248000e-03 3.215760e-01
338 6.769520e-01 1.236000e-03 3.218120e-01
339 6.767360e-01 1.216000e-03 3.220480e-01
340 6.764560e-01 1.224000e-03 3.223200e-01
341 6.762240e-01 1.236000e-03 3.225400e-01
342 6.759520e-01 1.308000e-03 3.227400e-01
343 6.756800e-01 1.352000e-03 3.229680e-01
344 6.753920e-01 1.468000e-03 3.231400e-01
345 6.751520e-01 1.472000e-03 3.233760e-01
346 6.749040e-01 1.496000e-03 3.236000e-01
347 6.746840e-01 1.416000e-03 3.239000e-01
348 6.744400e-01 1.432000e-03 3.241280e-01
349 6.742400e-01 1.384000e-03 3.243760e-01
350 6.740480e-01 1.332000e-03 3.246200e-01
351 6.738840e-01 1.256000e-03 3.248600e-01
352 6.737520e-01 1.184000e-03 3.250640e-01
353 6.736000e-01 1.108000e-03 3.252920e-01
354 6.734520e-01 1.060000e-03 3.254880e-01
355 6.733440e-01 9.960000e-04 3.256600e-01
356 6.731600e-01 1.004000e-03 3.258360e-01
357 6.730120e-01 9.400000e-04 3.260480e-01
358 6.728360e-01 9.560000e-04 3.262080e-01
359 6.726600e-01 9.640000e-04 3.263760e-01
360 6.724480e-01 1.000000e-03 3.265520e-01
361 6.722520e-01 9.840000e-04 3.267640e-01
362 6.721080e-01 9.640000e-04 3.269280e-01
363 6.719600e-01 9.520000e-04 3.270880e-01
364 6.718240e-01 9.480000e-04 3.272280e-01
365 6.717120e-01 8.840000e-04 3.274040e-01
366 6.715400e-01 9.120000e-04 3.275480e-01
367 6.713720e-01 9.200000e-04 3.277080e-01
368 6.711840e-01 9.000000e-04 3.279160e-01
369 6.710480e-01 9.000000e-04 3.280520e-01
370 6.708400e-01 9.400000e-04 3.282200e-01
371 6.706640e-01 9.880000e-04 3.283480e-01
372 6.704920e-01 9.960000e-04 3.285120e-01
373 6.703200e-01 9.680000e-04 3.287120e-01
374 6.701600e-01 9.760000e-04 3.288640e-01
375 6.699720e-01 9.520000e-04 3.290760e-01
376 6.698040e-01 9.560000e-04 3.292400e-01
377 6.696800e-01 8.880000e-04 3.294320e-01
378 6.694880e-01 9.000000e-04 3.296120e-01
379 6.693040e-01 9.280000e-04 3.297680e-01
380 6.691000e-01 9.760000e-04 3.299240e-01
381 6.689760e-01 9.800000e-04 3.300440e-01
382 6.688000e-01 9.600000e-04 3.302400e-01
383 6.686560e-01 9.480000e-04 3.303960e-01
384 6.685000e-01 9.440000e-04 3.305560e-01
385 6.683200e-01 9.800000e-04 3.307000e-01
386 6.681880e-01 9.400000e-04 3.308720e-01
387 6.680200e-01 1.000000e-03 3.309800e-01
388 6.679160e-01 9.240000e-04 3.311600e-01
389 6.677960e-01 8.680000e-04 3.313360e-01
390 6.676800e-01 8.080000e-04 3.315120e-01
391 6.675520e-01 7.880000e-04 3.316600e-01
392 6.674080e-01 8.080000e-04 3.317840e-01
393 6.672600e-01 8.120000e-04 3.319280e-01
394 6.670840e-01 8.360000e-04 3.320800e-01
395 6.668840e-01 9.080000e-04 3.322080e-01
396 6.666160e-01 1.004000e-03 3.323800e-01
397 6.663760e-01 1.020000e-03 3.326040e-01
398 6.661600e-01 1.036000e-03 3.328040e-01
399 6.659800e-01 1.016000e-03 3.330040e-01
400 6.657320e-01 1.072000e-03 3.331960e-01
401 6.655360e-01 1.096000e-03 3.333680e-01
402 6.653080e-01 1.168000e-03 3.335240e-01
403 6.651200e-01 1.168000e-03 3.337120e-01
404 6.649080e-01 1.228000e-03 3.338640e-01
405 6.647160e-01 1.192000e-03 3.340920e-01
406 6.645240e-01 1.216000e-03 3.342600e-01
407 6.643320e-01 1.196000e-03 3.344720e-01
408 6.641480e-01 1.168000e-03 3.346840e-01
409 6.639760e-01 1.140000e-03 3.348840e-01
410 6.637760e-01 1.076000e-03 3.351480e-01
411 6.636040e-01 1.072000e-03 3.353240e-01
412 6.635080e-01 9.880000e-04 3.355040e-01
413 6.633720e-01 9.600000e-04 3.356680e-01
414 6.632000e-01 9.720000e-04 3.358280e-01
415 6.631000e-01 8.800000e-04 3.360200e-01
416 6.629720e-01 8.560000e-04 3.361720e-01
417 6.628600e-01 7.920000e-04 3.363480e-01
418 6.627800e-01 7.600000e-04 3.364600e-01
419 6.626960e-01 7.600000e-04 3.365440e-01
420 6.625840e-01 7.480000e-04 3.366680e-01
421 6.625000e-01 7.080000e-04 3.367920e-01
422 6.624240e-01 6.880000e-04 3.368880e-01
423 6.623440e-01 6.440000e-04 3.370120e-01
424 6.622320e-01 6.280000e-04 3.371400e-01
425 6.621160e-01 6.360000e-04 3.372480e-01
426 6.620560e-01 5.920000e-04 3.373520e-01
427 6.619240e-01 6.440000e-04 3.374320e-01
428 6.618200e-01 6.400000e-04 3.375400e-01
429 6.617280e-01 6.160000e-04 3.376560e-01
430 6.616120e-01 6.320000e-04 3.377560e-01
431 6.615160e-01 6.120000e-04 3.378720e-01
432 6.613880e-01 6.720000e-04 3.379400e-01
433 6.612760e-01 6.640000e-04 3.380600e-01
434 6.611400e-01 6.800000e-04 3.381800e-01
435 6.610160e-01 7.040000e-04 3.382800e-01
436 6.609200e-01 6.720000e-04 3.384080e-01
437 6.607000e-01 8.040000e-04 3.384960e-01
438 6.605640e-01 8.000000e-04 3.386360e-01
439 6.604120e-01 8.400000e-04 3.387480e-01
440 6.602800e-01 8.000000e-04 3.389200e-01
441 6.600960e-01 8.680000e-04 3.390360e-01
442 6.599120e-01 9.160000e-04 3.391720e-01
443 6.597280e-01 9.360000e-04 3.393360e-01
444 6.595960e-01 8.720000e-04 3.395320e-01
445 6.594560e-01 8.920000e-04 3.396520e-01
446 6.592680e-01 9.200000e-04 3.398120e-01
447 6.591480e-01 9.280000e-04 3.399240e-01
448 6.589760e-01 9.480000e-04 3.400760e-01
449 6.587920e-01 9.920000e-04 3.402160e-01
450 6.586080e-01 1.016000e-03 3.403760e-01
451 6.584320e-01 1.032000e-03 3.405360e-01
452 6.582520e-01 1.024000e-03 3.407240e-01
453 6.580960e-01 9.840000e-04 3.409200e-01
454 6.579240e-01 1.000000e-03 3.410760e-01
455 6.577480e-01 9.960000e-04 3.412560e-01
456 6.575720e-01 9.800000e-04 3.414480e-01
457 6.574040e-01 9.960000e-04 3.416000e-01
458 6.572400e-01 9.920000e-04 3.417680e-01
459 6.571120e-01 9.800000e-04 3.419080e-01
460 6.570200e-01 9.160000e-04 3.420640e-01
461 6.568960e-01 8.840000e-04 3.422200e-01
462 6.567560e-01 8.960000e-04 3.423480e-01
463 6.566400e-01 8.440000e-04 3.425160e-01
464 6.565040e-01 8.120000e-04 3.426840e-01
465 6.563600e-01 8.200000e-04 3.428200e-01
466 6.562160e-01 8.280000e-04 3.429560e-01
467 6.560400e-01 8.680000e-04 3.430920e-01
468 6.559040e-01 8.480000e-04 3.432480e-01
469 6.557800e-01 8.200000e-04 3.434000e-01
470 6.556600e-01 7.600000e-04 3.435800e-01
471 6.555640e-01 6.960000e-04 3.437400e-01
472 6.554760e-01 6.600000e-04 3.438640e-01
473 6.554200e-01 6.040000e-04 3.439760e-01
474 6.553520e-01 5.680000e-04 3.440800e-01
475 6.552640e-01 5.760000e-04 3.441600e-01
476 6.551520e-01 5.960000e-04 3.442520e-01
477 6.550400e-01 6.240000e-04 3.443360e-01
478 6.549040e-01 6.440000e-04 3.444520e-01
479 6.547680e-01 6.640000e-04 3.445680e-01
480 6.546840e-01 5.960000e-04 3.447200e-01
481 6.545720e-01 6.040000e-04 3.448240e-01
482 6.544520e-01 6.080000e-04 3.449400e-01
483 6.543160e-01 6.360000e-04 3.450480e-01
484 6.541960e-01 6.560000e-04 3.451480e-01
485 6.540760e-01 6.800000e-04 3.452440e-01
486 6.539600e-01 6.760000e-04 3.453640e-01
487 6.538600e-01 6.680000e-04 3.454720e-01
488 6.537480e-01 6.400000e-04 3.456120e-01
489 6.536760e-01 5.760000e-04 3.457480e-01
490 6.535960e-01 5.800000e-04 3.458240e-01
491 6.535080e-01 5.600000e-04 3.459320e-01
492 6.534080e-01 5.360000e-04 3.460560e-01
493 6.533200e-01 5.440000e-04 3.461360e-01
494 6.532400e-01 5.160000e-04 3.462440e-01
495 6.531280e-01 5.480000e-04 3.463240e-01
496 6.530440e-01 5.520000e-04 3.464040e-01
497 6.529560e-01 5.720000e-04 3.464720e-01
498 6.528920e-01 5.400000e-04 3.465680e-01
499 6.528280e-01 4.920000e-04 3.466800e-01
500 6.527880e-01 4.160000e-04 3.467960e-01
