1 9.991200e-01 7.840000e-04 9.600000e-05
2 9.985160e-01 1.200000e-03 2.840000e-04
3 9.978440e-01 1.624000e-03 5.320000e-04
4 9.971720e-01 1.996000e-03 8.320000e-04
5 9.964520e-01 2.272000e-03 1.276000e-03
6 9.956880e-01 2.560000e-03 1.752000e-03
7 9.948520e-01 2.940000e-03 2.208000e-03
8 9.939280e-01 3.252000e-03 2.820000e-03
9 9.930760e-01 3.532000e-03 3.392000e-03
10 9.921160e-01 3.848000e-03 4.036000e-03
11 9.910480e-01 4.128000e-03 4.824000e-03
12 9.899640e-01 4.516000e-03 5.520000e-03
13 9.889000e-01 4.756000e-03 6.344000e-03
14 9.878360e-01 5.072000e-03 7.092000e-03
15 9.867000e-01 5.356000e-03 7.944000e-03
16 9.854120e-01 5.752000e-03 8.836000e-03
17 9.841480e-01 5.912000e-03 9.940000e-03
18 9.829480e-01 6.060000e-03 1.099200e-02
19 9.816760e-01 6.288000e-03 1.203600e-02
20 9.803360e-01 6.580000e-03 1.308400e-02
21 9.790040e-01 6.852000e-03 1.414400e-02
22 9.776160e-01 7.028000e-03 1.535600e-02
23 9.762200e-01 7.204000e-03 1.657600e-02
24 9.748600e-01 7.288000e-03 1.785200e-02
25 9.734960e-01 7.360000e-03 1.914400e-02
26 9.719080e-01 7.544000e-03 2.054800e-02
27 9.703200e-01 7.884000e-03 2.179600e-02
28 9.687080e-01 8.080000e-03 2.321200e-02
29 9.670600e-01 8.304000e-03 2.463600e-02
30 9.654800e-01 8.472000e-03 2.604800e-02
31 9.639000e-01 8.652000e-03 2.744800e-02
32 9.621480e-01 8.776000e-03 2.907600e-02
33 9.605600e-01 8.916000e-03 3.052400e-02
34 9.587000e-01 9.272000e-03 3.202800e-02
35 9.570120e-01 9.308000e-03 3.368000e-02
36 9.553040e-01 9.376000e-03 3.532000e-02
37 9.534760e-01 9.664000e-03 3.686000e-02
38 9.517920e-01 9.696000e-03 3.851200e-02
39 9.499960e-01 9.736000e-03 4.026800e-02
40 9.483280e-01 9.736000e-03 4.193600e-02
41 9.464040e-01 9.928000e-03 4.366800e-02
42 9.445520e-01 1.002000e-02 4.542800e-02
43 9.426360e-01 1.020000e-02 4.716400e-02
44 9.408280e-01 1.020000e-02 4.897200e-02
45 9.390440e-01 1.016800e-02 5.078800e-02
46 9.372440e-01 1.024800e-02 5.250800e-02
47 9.354360e-01 1.037600e-02 5.418800e-02
48 9.337000e-01 1.024400e-02 5.605600e-02
49 9.320720e-01 1.000000e-02 5.792800e-02
50 9.304160e-01 9.852000e-03 5.973200e-02
51 9.288320e-01 9.776000e-03 6.139200e-02
52 9.272280e-01 9.720000e-03 6.305200e-02
53 9.255360e-01 9.732000e-03 6.473200e-02
54 9.237920e-01 9.824000e-03 6.638400e-02
55 9.220480e-01 9.764000e-03 6.818800e-02
56 9.204360e-01 9.608000e-03 6.995600e-02
57 9.187600e-01 9.592000e-03 7.164800e-02
58 9.170800e-01 9.516000e-03 7.340400e-02
59 9.154280e-01 9.492000e-03 7.508000e-02
60 9.135920e-01 9.816000e-03 7.659200e-02
61 9.117120e-01 1.008800e-02 7.820000e-02
62 9.097880e-01 1.036000e-02 7.985200e-02
63 9.080480e-01 1.026400e-02 8.168800e-02
64 9.063440e-01 1.012400e-02 8.353200e-02
65 9.046680e-01 1.016800e-02 8.516400e-02
66 9.029240e-01 1.015200e-02 8.692400e-02
67 9.012120e-01 9.884000e-03 8.890400e-02
68 8.995080e-01 9.836000e-03 9.065600e-02
69 8.977920e-01 9.748000e-03 9.246000e-02
70 8.960600e-01 9.740000e-03 9.420000e-02
71 8.943760e-01 9.644000e-03 9.598000e-02
72 8.925480e-01 9.836000e-03 9.761600e-02
73 8.907200e-01 9.984000e-03 9.929600e-02
74 8.890200e-01 9.980000e-03 1.010000e-01
75 8.872560e-01 1.011200e-02 1.026320e-01
76 8.857160e-01 9.972000e-03 1.043120e-01
77 8.841000e-01 9.968000e-03 1.059320e-01
78 8.825200e-01 9.944000e-03 1.075360e-01
79 8.807760e-01 9.932000e-03 1.092920e-01
80 8.790600e-01 1.002800e-02 1.109120e-01
81 8.774880e-01 9.832000e-03 1.126800e-01
82 8.758760e-01 9.776000e-03 1.143480e-01
83 8.743160e-01 9.544000e-03 1.161400e-01
84 8.727520e-01 9.532000e-03 1.177160e-01
85 8.712560e-01 9.340000e-03 1.194040e-01
86 8.697400e-01 9.220000e-03 1.210400e-01
87 8.681200e-01 9.336000e-03 1.225440e-01
88 8.666400e-01 9.284000e-03 1.240760e-01
89 8.651120e-01 9.148000e-03 1.257400e-01
90 8.634640e-01 9.224000e-03 1.273120e-01
91 8.620920e-01 8.804000e-03 1.291040e-01
92 8.606320e-01 8.712000e-03 1.306560e-01
93 8.593080e-01 8.628000e-03 1.320640e-01
94 8.579880e-01 8.564000e-03 1.334480e-01
95 8.565840e-01 8.628000e-03 1.347880e-01
96 8.550240e-01 8.616000e-03 1.363600e-01
97 8.534800e-01 8.504000e-03 1.380160e-01
98 8.520720e-01 8.372000e-03 1.395560e-01
99 8.507040e-01 8.312000e-03 1.409840e-01
100 8.492560e-01 8.308000e-03 1.424360e-01
101 8.479000e-01 8.392000e-03 1.437080e-01
102 8.463760e-01 8.436000e-03 1.451880e-01
103 8.448600e-01 8.484000e-03 1.466560e-01
104 8.434040e-01 8.564000e-03 1.480320e-01
105 8.419240e-01 8.508000e-03 1.495680e-01
106 8.405480e-01 8.384000e-03 1.510680e-01
107 8.390840e-01 8.336000e-03 1.525800e-01
108 8.374560e-01 8.548000e-03 1.539960e-01
109 8.360080e-01 8.456000e-03 1.555360e-01
110 8.345680e-01 8.272000e-03 1.571600e-01
111 8.331720e-01 8.124000e-03 1.587040e-01
112 8.316760e-01 8.200000e-03 1.601240e-01
113 8.301880e-01 8.304000e-03 1.615080e-01
114 8.285480e-01 8.560000e-03 1.628920e-01
115 8.268600e-01 8.696000e-03 1.644440e-01
116 8.253720e-01 8.612000e-03 1.660160e-01
117 8.238960e-01 8.508000e-03 1.675960e-01
118 8.224240e-01 8.524000e-03 1.690520e-01
119 8.209600e-01 8.484000e-03 1.705560e-01
120 8.195000e-01 8.548000e-03 1.719520e-01
121 8.181840e-01 8.452000e-03 1.733640e-01
122 8.167760e-01 8.456000e-03 1.747680e-01
123 8.154160e-01 8.336000e-03 1.762480e-01
124 8.139080e-01 8.356000e-03 1.777360e-01
125 8.125440e-01 8.284000e-03 1.791720e-01
126 8.111200e-01 8.308000e-03 1.805720e-01
127 8.095920e-01 8.336000e-03 1.820720e-01
128 8.082240e-01 8.032000e-03 1.837440e-01
129 8.068960e-01 8.028000e-03 1.850760e-01
130 8.056800e-01 7.988000e-03 1.863320e-01
131 8.045440e-01 7.796000e-03 1.876600e-01
132 8.033880e-01 7.644000e-03 1.889680e-01
133 8.021000e-01 7.644000e-03 1.902560e-01
134 8.008520e-01 7.588000e-03 1.915600e-01
135 7.996520e-01 7.304000e-03 1.930440e-01
136 7.984240e-01 7.296000e-03 1.942800e-01
137 7.973080e-01 7.092000e-03 1.956000e-01
138 7.961560e-01 6.980000e-03 1.968640e-01
139 7.949560e-01 6.988000e-03 1.980560e-01
140 7.937960e-01 6.932000e-03 1.992720e-01
141 7.926360e-01 6.908000e-03 2.004560e-01
142 7.914120e-01 6.924000e-03 2.016640e-01
143 7.903320e-01 6.768000e-03 2.029000e-01
144 7.890560e-01 6.836000e-03 2.041080e-01
145 7.878320e-01 6.864000e-03 2.053040e-01
146 7.864000e-01 7.036000e-03 2.065640e-01
147 7.850760e-01 7.144000e-03 2.077800e-01
148 7.836880e-01 7.220000e-03 2.090920e-01
149 7.824360e-01 7.172000e-03 2.103920e-01
150 7.811360e-01 7.256000e-03 2.116080e-01
151 7.798280e-01 7.304000e-03 2.128680e-01
152 7.786760e-01 7.168000e-03 2.141560e-01
153 7.775760e-01 6.956000e-03 2.154680e-01
154 7.761840e-01 7.036000e-03 2.167800e-01
155 7.749440e-01 7.024000e-03 2.180320e-01
156 7.736200e-01 7.088000e-03 2.192920e-01
157 7.723800e-01 7.156000e-03 2.204640e-01
158 7.710280e-01 7.296000e-03 2.216760e-01
159 7.697560e-01 7.328000e-03 2.229160e-01
160 7.685680e-01 7.220000e-03 2.242120e-01
161 7.672640e-01 7.124000e-03 2.256120e-01
162 7.658960e-01 7.228000e-03 2.268760e-01
163 7.645960e-01 7.316000e-03 2.280880e-01
164 7.632000e-01 7.508000e-03 2.292920e-01
165 7.618240e-01 7.672000e-03 2.305040e-01
166 7.605160e-01 7.616000e-03 2.318680e-01
167 7.591240e-01 7.752000e-03 2.331240e-01
168 7.577400e-01 7.844000e-03 2.344160e-01
169 7.563240e-01 7.744000e-03 2.359320e-01
170 7.548800e-01 7.900000e-03 2.372200e-01
171 7.536000e-01 7.856000e-03 2.385440e-01
172 7.523760e-01 7.656000e-03 2.399680e-01
173 7.511960e-01 7.464000e-03 2.413400e-01
174 7.500320e-01 7.340000e-03 2.426280e-01
175 7.488400e-01 7.328000e-03 2.438320e-01
176 7.477840e-01 7.100000e-03 2.451160e-01
177 7.466160e-01 7.064000e-03 2.463200e-01
178 7.455120e-01 7.072000e-03 2.474160e-01
179 7.443840e-01 7.004000e-03 2.486120e-01
180 7.434080e-01 6.692000e-03 2.499000e-01
181 7.422880e-01 6.668000e-03 2.510440e-01
182 7.411760e-01 6.580000e-03 2.522440e-01
183 7.399880e-01 6.640000e-03 2.533720e-01
184 7.388480e-01 6.652000e-03 2.545000e-01
185 7.376960e-01 6.732000e-03 2.555720e-01
186 7.365720e-01 6.592000e-03 2.568360e-01
187 7.353160e-01 6.628000e-03 2.580560e-01
188 7.342240e-01 6.500000e-03 2.592760e-01
189 7.331720e-01 6.532000e-03 2.602960e-01
190 7.322280e-01 6.412000e-03 2.613600e-01
191 7.312720e-01 6.244000e-03 2.624840e-01
192 7.303160e-01 6.000000e-03 2.636840e-01
193 7.293200e-01 6.032000e-03 2.646480e-01
194 7.282400e-01 6.084000e-03 2.656760e-01
195 7.273240e-01 5.880000e-03 2.667960e-01
196 7.262800e-01 5.980000e-03 2.677400e-01
197 7.253960e-01 5.752000e-03 2.688520e-01
198 7.245760e-01 5.548000e-03 2.698760e-01
199 7.236840e-01 5.432000e-03 2.708840e-01
200 7.227720e-01 5.444000e-03 2.717840e-01
201 7.218360e-01 5.452000e-03 2.727120e-01
202 7.209480e-01 5.384000e-03 2.736680e-01
203 7.199680e-01 5.488000e-03 2.745440e-01
204 7.190600e-01 5.460000e-03 2.754800e-01
205 7.182440e-01 5.300000e-03 2.764560e-01
206 7.172520e-01 5.348000e-03 2.774000e-01
207 7.163520e-01 5.300000e-03 2.783480e-01
208 7.153760e-01 5.336000e-03 2.792880e-01
209 7.143960e-01 5.404000e-03 2.802000e-01
210 7.134920e-01 5.412000e-03 2.810960e-01
211 7.125440e-01 5.492000e-03 2.819640e-01
212 7.116200e-01 5.436000e-03 2.829440e-01
213 7.107200e-01 5.324000e-03 2.839560e-01
214 7.098520e-01 5.216000e-03 2.849320e-01
215 7.090920e-01 5.104000e-03 2.858040e-01
216 7.083080e-01 5.120000e-03 2.865720e-01
217 7.074360e-01 5.076000e-03 2.874880e-01
218 7.064880e-01 5.068000e-03 2.884440e-01
219 7.057280e-01 4.896000e-03 2.893760e-01
220 7.049560e-01 4.756000e-03 2.902880e-01
221 7.041600e-01 4.772000e-03 2.910680e-01
222 7.034200e-01 4.664000e-03 2.919160e-01
223 7.026040e-01 4.704000e-03 2.926920e-01
224 7.018040e-01 4.716000e-03 2.934800e-01
225 7.010440e-01 4.608000e-03 2.943480e-01
226 7.003440e-01 4.544000e-03 2.951120e-01
227 6.996080e-01 4.516000e-03 2.958760e-01
228 6.989640e-01 4.352000e-03 2.966840e-01
229 6.983280e-01 4.224000e-03 2.974480e-01
230 6.977280e-01 4.108000e-03 2.981640e-01
231 6.970800e-01 3.980000e-03 2.989400e-01
232 6.964480e-01 3.828000e-03 2.997240e-01
233 6.957320e-01 3.840000e-03 3.004280e-01
234 6.950400e-01 3.796000e-03 3.011640e-01
235 6.943920e-01 3.876000e-03 3.017320e-01
236 6.937160e-01 3.928000e-03 3.023560e-01
237 6.929760e-01 3.908000e-03 3.031160e-01
238 6.923200e-01 3.816000e-03 3.038640e-01
239 6.916200e-01 3.828000e-03 3.045520e-01
240 6.909800e-01 3.852000e-03 3.051680e-01
241 6.902280e-01 3.980000e-03 3.057920e-01
242 6.895840e-01 3.928000e-03 3.064880e-01
243 6.889080e-01 3.976000e-03 3.071160e-01
244 6.881320e-01 4.016000e-03 3.078520e-01
245 6.874920e-01 4.012000e-03 3.084960e-01
246 6.868400e-01 3.880000e-03 3.092800e-01
247 6.862040e-01 3.844000e-03 3.099520e-01
248 6.853480e-01 4.008000e-03 3.106440e-01
249 6.845800e-01 4.064000e-03 3.113560e-01
250 6.838760e-01 4.052000e-03 3.120720e-01
251 6.831160e-01 4.156000e-03 3.127280e-01
252 6.823560e-01 4.208000e-03 3.134360e-01
253 6.815800e-01 4.252000e-03 3.141680e-01
254 6.807360e-01 4.336000e-03 3.149280e-01
255 6.799760e-01 4.232000e-03 3.157920e-01
256 6.791360e-01 4.316000e-03 3.165480e-01
257 6.783400e-01 4.380000e-03 3.172800e-01
258 6.774800e-01 4.516000e-03 3.180040e-01
259 6.766680e-01 4.536000e-03 3.187960e-01
260 6.758080e-01 4.636000e-03 3.195560e-01
261 6.751760e-01 4.524000e-03 3.203000e-01
262 6.744640e-01 4.464000e-03 3.210720e-01
263 6.736920e-01 4.372000e-03 3.219360e-01
264 6.729000e-01 4.400000e-03 3.227000e-01
265 6.721760e-01 4.316000e-03 3.235080e-01
266 6.714560e-01 4.372000e-03 3.241720e-01
267 6.706280e-01 4.524000e-03 3.248480e-01
268 6.699120e-01 4.584000e-03 3.255040e-01
269 6.692040e-01 4.464000e-03 3.263320e-01
270 6.685480e-01 4.416000e-03 3.270360e-01
271 6.678360e-01 4.348000e-03 3.278160e-01
272 6.671240e-01 4.280000e-03 3.285960e-01
273 6.664040e-01 4.252000e-03 3.293440e-01
274 6.656800e-01 4.204000e-03 3.301160e-01
275 6.649200e-01 4.288000e-03 3.307920e-01
276 6.642120e-01 4.144000e-03 3.316440e-01
277 6.636000e-01 4.024000e-03 3.323760e-01
278 6.628680e-01 4.164000e-03 3.329680e-01
279 6.621720e-01 4.096000e-03 3.337320e-01
280 6.614120e-01 4.120000e-03 3.344680e-01
281 6.607240e-01 4.068000e-03 3.352080e-01
282 6.598920e-01 4.080000e-03 3.360280e-01
283 6.591040e-01 4.172000e-03 3.367240e-01
284 6.583200e-01 4.168000e-03 3.375120e-01
285 6.575920e-01 4.172000e-03 3.382360e-01
286 6.569080e-01 4.152000e-03 3.389400e-01
287 6.561480e-01 4.132000e-03 3.397200e-01
288 6.554640e-01 4.056000e-03 3.404800e-01
289 6.547680e-01 3.964000e-03 3.412680e-01
290 6.541240e-01 3.884000e-03 3.419920e-01
291 6.534920e-01 3.756000e-03 3.427520e-01
292 6.529080e-01 3.684000e-03 3.434080e-01
293 6.522840e-01 3.716000e-03 3.440000e-01
294 6.515280e-01 3.812000e-03 3.446600e-01
295 6.509440e-01 3.772000e-03 3.452840e-01
296 6.503680e-01 3.760000e-03 3.458720e-01
297 6.497320e-01 3.732000e-03 3.465360e-01
298 6.492360e-01 3.544000e-03 3.472200e-01
299 6.486680e-01 3.476000e-03 3.478560e-01
300 6.479960e-01 3.536000e-03 3.484680e-01
301 6.473680e-01 3.520000e-03 3.491120e-01
302 6.467360e-01 3.504000e-03 3.497600e-01
303 6.462000e-01 3.428000e-03 3.503720e-01
304 6.456120e-01 3.400000e-03 3.509880e-01
305 6.450200e-01 3.416000e-03 3.515640e-01
306 6.444920e-01 3.284000e-03 3.522240e-01
307 6.438560e-01 3.312000e-03 3.528320e-01
308 6.433480e-01 3.320000e-03 3.533320e-01
309 6.427120e-01 3.344000e-03 3.539440e-01
310 6.421600e-01 3.320000e-03 3.545200e-01
311 6.415640e-01 3.340000e-03 3.550960e-01
312 6.410760e-01 3.188000e-03 3.557360e-01
313 6.405680e-01 3.156000e-03 3.562760e-01
314 6.400560e-01 3.100000e-03 3.568440e-01
315 6.395720e-01 3.016000e-03 3.574120e-01
316 6.390120e-01 2.952000e-03 3.580360e-01
317 6.385000e-01 2.952000e-03 3.585480e-01
318 6.379480e-01 2.968000e-03 3.590840e-01
319 6.373280e-01 3.052000e-03 3.596200e-01
320 6.367800e-01 3.012000e-03 3.602080e-01
321 6.362360e-01 3.012000e-03 3.607520e-01
322 6.356960e-01 3.040000e-03 3.612640e-01
323 6.351240e-01 3.084000e-03 3.617920e-01
324 6.345600e-01 3.132000e-03 3.623080e-01
325 6.340040e-01 3.184000e-03 3.628120e-01
326 6.335280e-01 3.160000e-03 3.633120e-01
327 6.328160e-01 3.404000e-03 3.637800e-01
328 6.322400e-01 3.420000e-03 3.643400e-01
329 6.317480e-01 3.328000e-03 3.649240e-01
330 6.312240e-01 3.252000e-03 3.655240e-01
331 6.307120e-01 3.184000e-03 3.661040e-01
332 6.301960e-01 3.176000e-03 3.666280e-01
333 6.296720e-01 3.100000e-03 3.672280e-01
334 6.292800e-01 2.896000e-03 3.678240e-01
335 6.288160e-01 2.788000e-03 3.683960e-01
336 6.283280e-01 2.772000e-03 3.689000e-01
337 6.279280e-01 2.680000e-03 3.693920e-01
338 6.274600e-01 2.728000e-03 3.698120e-01
339 6.269840e-01 2.768000e-03 3.702480e-01
340 6.266120e-01 2.648000e-03 3.707400e-01
341 6.261880e-01 2.572000e-03 3.712400e-01
342 6.256880e-01 2.560000e-03 3.717520e-01
343 6.253040e-01 2.432000e-03 3.722640e-01
344 6.248640e-01 2.492000e-03 3.726440e-01
345 6.243600e-01 2.532000e-03 3.731080e-01
346 6.239440e-01 2.404000e-03 3.736520e-01
347 6.234480e-01 2.544000e-03 3.740080e-01
348 6.230040e-01 2.580000e-03 3.744160e-01
349 6.225640e-01 2.572000e-03 3.748640e-01
350 6.221560e-01 2.560000e-03 3.752840e-01
351 6.216720e-01 2.608000e-03 3.757200e-01
352 6.211840e-01 2.612000e-03 3.762040e-01
353 6.207760e-01 2.540000e-03 3.766840e-01
354 6.203360e-01 2.508000e-03 3.771560e-01
355 6.199040e-01 2.536000e-03 3.775600e-01
356 6.194920e-01 2.488000e-03 3.780200e-01
357 6.190760e-01 2.476000e-03 3.784480e-01
358 6.186560e-01 2.520000e-03 3.788240e-01
359 6.182440e-01 2.504000e-03 3.792520e-01
360 6.178720e-01 2.460000e-03 3.796680e-01
361 6.174320e-01 2.472000e-03 3.800960e-01
362 6.170040e-01 2.484000e-03 3.805120e-01
363 6.166640e-01 2.372000e-03 3.809640e-01
364 6.163680e-01 2.232000e-03 3.814000e-01
365 6.159240e-01 2.260000e-03 3.818160e-01
366 6.155840e-01 2.152000e-03 3.822640e-01
367 6.151520e-01 2.180000e-03 3.826680e-01
368 6.147960e-01 2.148000e-03 3.830560e-01
369 6.144280e-01 2.112000e-03 3.834600e-01
370 6.141040e-01 2.080000e-03 3.838160e-01
371 6.136840e-01 2.108000e-03 3.842080e-01
372 6.133040e-01 2.184000e-03 3.845120e-01
373 6.129760e-01 2.124000e-03 3.849000e-01
374 6.126280e-01 2.076000e-03 3.852960e-01
375 6.123240e-01 2.032000e-03 3.856440e-01
376 6.118960e-01 2.160000e-03 3.859440e-01
377 6.115000e-01 2.136000e-03 3.863640e-01
378 6.111560e-01 2.040000e-03 3.868040e-01
379 6.107840e-01 2.072000e-03 3.871440e-01
380 6.103640e-01 2.156000e-03 3.874800e-01
381 6.099880e-01 2.108000e-03 3.879040e-01
382 6.095920e-01 2.192000e-03 3.882160e-01
383 6.092280e-01 2.168000e-03 3.886040e-01
384 6.088440e-01 2.148000e-03 3.890080e-01
385 6.084600e-01 2.176000e-03 3.893640e-01
386 6.080480e-01 2.256000e-03 3.896960e-01
387 6.076880e-01 2.252000e-03 3.900600e-01
388 6.072560e-01 2.248000e-03 3.904960e-01
389 6.069040e-01 2.192000e-03 3.909040e-01
390 6.065760e-01 2.176000e-03 3.912480e-01
391 6.063200e-01 2.020000e-03 3.916600e-01
392 6.061320e-01 1.844000e-03 3.920240e-01
393 6.058120e-01 1.864000e-03 3.923240e-01
394 6.055520e-01 1.792000e-03 3.926560e-01
395 6.052480e-01 1.764000e-03 3.929880e-01
396 6.048880e-01 1.824000e-03 3.932880e-01
397 6.045680e-01 1.792000e-03 3.936400e-01
398 6.042200e-01 1.812000e-03 3.939680e-01
399 6.039000e-01 1.816000e-03 3.942840e-01
400 6.035640e-01 1.844000e-03 3.945920e-01
401 6.032480e-01 1.860000e-03 3.948920e-01
402 6.029280e-01 1.824000e-03 3.952480e-01
403 6.026240e-01 1.848000e-03 3.955280e-01
404 6.023280e-01 1.860000e-03 3.958120e-01
405 6.020400e-01 1.832000e-03 3.961280e-01
406 6.017160e-01 1.740000e-03 3.965440e-01
407 6.014720e-01 1.688000e-03 3.968400e-01
408 6.012560e-01 1.592000e-03 3.971520e-01
409 6.009520e-01 1.648000e-03 3.974000e-01
410 6.007240e-01 1.648000e-03 3.976280e-01
411 6.004160e-01 1.652000e-03 3.979320e-01
412 6.002280e-01 1.568000e-03 3.982040e-01
413 6.000000e-01 1.488000e-03 3.985120e-01
414 5.997680e-01 1.492000e-03 3.987400e-01
415 5.995960e-01 1.404000e-03 3.990000e-01
416 5.993920e-01 1.384000e-03 3.992240e-01
417 5.991560e-01 1.424000e-03 3.994200e-01
418 5.990080e-01 1.336000e-03 3.996560e-01
419 5.988320e-01 1.232000e-03 3.999360e-01
420 5.986400e-01 1.232000e-03 4.001280e-01
421 5.984440e-01 1.228000e-03 4.003280e-01
422 5.982240e-01 1.212000e-03 4.005640e-01
423 5.980120e-01 1.188000e-03 4.008000e-01
424 5.978480e-01 1.116000e-03 4.010360e-01
425 5.976760e-01 1.092000e-03 4.012320e-01
426 5.975160e-01 1.092000e-03 4.013920e-01
427 5.973320e-01 1.080000e-03 4.015880e-01
428 5.971520e-01 1.080000e-03 4.017680e-01
429 5.969840e-01 1.056000e-03 4.019600e-01
430 5.968000e-01 1.064000e-03 4.021360e-01
431 5.966360e-01 1.036000e-03 4.023280e-01
432 5.964120e-01 1.040000e-03 4.025480e-01
433 5.962440e-01 9.800000e-04 4.027760e-01
434 5.961000e-01 9.200000e-04 4.029800e-01
435 5.959800e-01 8.840000e-04 4.031360e-01
436 5.958200e-01 9.160000e-04 4.032640e-01
437 5.957160e-01 8.800000e-04 4.034040e-01
438 5.955600e-01 9.080000e-04 4.035320e-01
439 5.954400e-01 8.800000e-04 4.036800e-01
440 5.953000e-01 9.080000e-04 4.037920e-01
441 5.951960e-01 8.960000e-04 4.039080e-01
442 5.950400e-01 9.440000e-04 4.040160e-01
443 5.949080e-01 9.040000e-04 4.041880e-01
444 5.948200e-01 7.880000e-04 4.043920e-01
445 5.946440e-01 8.520000e-04 4.045040e-01
446 5.944880e-01 8.720000e-04 4.046400e-01
447 5.943720e-01 8.400000e-04 4.047880e-01
448 5.942360e-01 8.480000e-04 4.049160e-01
449 5.940560e-01 8.880000e-04 4.050560e-01
450 5.938760e-01 9.640000e-04 4.051600e-01
451 5.937040e-01 9.600000e-04 4.053360e-01
452 5.935920e-01 9.080000e-04 4.055000e-01
453 5.934520e-01 8.800000e-04 4.056680e-01
454 5.933560e-01 8.560000e-04 4.057880e-01
455 5.932040e-01 8.720000e-04 4.059240e-01
456 5.930760e-01 8.080000e-04 4.061160e-01
457 5.929600e-01 7.640000e-04 4.062760e-01
458 5.928800e-01 7.440000e-04 4.063760e-01
459 5.927120e-01 7.640000e-04 4.065240e-01
460 5.925640e-01 7.880000e-04 4.066480e-01
461 5.924320e-01 7.480000e-04 4.068200e-01
462 5.923040e-01 7.280000e-04 4.069680e-01
463 5.921800e-01 6.800000e-04 4.071400e-01
464 5.920680e-01 6.680000e-04 4.072640e-01
465 5.919240e-01 7.040000e-04 4.073720e-01
466 5.918360e-01 6.760000e-04 4.074880e-01
467 5.917440e-01 6.680000e-04 4.075880e-01
468 5.916480e-01 5.920000e-04 4.077600e-01
469 5.915440e-01 6.200000e-04 4.078360e-01
470 5.914680e-01 6.000000e-04 4.079320e-01
471 5.914000e-01 5.760000e-04 4.080240e-01
472 5.913720e-01 5.040000e-04 4.081240e-01
473 5.913320e-01 4.400000e-04 4.082280e-01
474 5.912760e-01 4.360000e-04 4.082880e-01
475 5.912040e-01 4.040000e-04 4.083920e-01
476 5.910800e-01 4.640000e-04 4.084560e-01
477 5.910160e-01 4.280000e-04 4.085560e-01
478 5.909440e-01 4.400000e-04 4.086160e-01
479 5.908720e-01 4.480000e-04 4.086800e-01
480 5.907680e-01 4.800000e-04 4.087520e-01
481 5.906760e-01 4.800000e-04 4.088440e-01
482 5.905800e-01 5.040000e-04 4.089160e-01
483 5.904920e-01 5.120000e-04 4.089960e-01
484 5.904280e-01 5.080000e-04 4.090640e-01
485 5.903360e-01 5.000000e-04 4.091640e-01
486 5.902360e-01 5.200000e-04 4.092440e-01
487 5.901640e-01 4.960000e-04 4.093400e-01
488 5.900600e-01 4.680000e-04 4.094720e-01
489 5.899680e-01 4.400000e-04 4.095920e-01
490 5.898480e-01 5.160000e-04 4.096360e-01
491 5.897360e-01 5.400000e-04 4.097240e-01
492 5.896320e-01 5.640000e-04 4.098040e-01
493 5.895200e-01 6.160000e-04 4.098640e-01
494 5.894280e-01 6.160000e-04 4.099560e-01
495 5.893160e-01 6.080000e-04 4.100760e-01
496 5.892320e-01 5.920000e-04 4.101760e-01
497 5.891560e-01 5.520000e-04 4.102920e-01
498 5.890520e-01 5.760000e-04 4.103720e-01
499 5.888880e-01 6.200000e-04 4.104920e-01
500 5.887640e-01 5.920000e-04 4.106440e-01
