1 9.992680e-01 6.520000e-04 8.000000e-05
2 9.988200e-01 9.440000e-04 2.360000e-04
3 9.983240e-01 1.228000e-03 4.480000e-04
4 9.976840e-01 1.660000e-03 6.560000e-04
5 9.969040e-01 2.128000e-03 9.680000e-04
6 9.960840e-01 2.584000e-03 1.332000e-03
7 9.952080e-01 2.916000e-03 1.876000e-03
8 9.944040e-01 3.168000e-03 2.428000e-03
9 9.934440e-01 3.496000e-03 3.060000e-03
10 9.925040e-01 3.824000e-03 3.672000e-03
11 9.914040e-01 4.276000e-03 4.320000e-03
12 9.902040e-01 4.700000e-03 5.096000e-03
13 9.890600e-01 5.036000e-03 5.904000e-03
14 9.879760e-01 5.244000e-03 6.780000e-03
15 9.867320e-01 5.512000e-03 7.756000e-03
16 9.855680e-01 5.664000e-03 8.768000e-03
17 9.844520e-01 5.760000e-03 9.788000e-03
18 9.832560e-01 5.836000e-03 1.090800e-02
19 9.821720e-01 5.800000e-03 1.202800e-02
20 9.810880e-01 5.820000e-03 1.309200e-02
21 9.799320e-01 5.916000e-03 1.415200e-02
22 9.786120e-01 6.108000e-03 1.528000e-02
23 9.773520e-01 6.296000e-03 1.635200e-02
24 9.759760e-01 6.536000e-03 1.748800e-02
25 9.746000e-01 6.784000e-03 1.861600e-02
26 9.732600e-01 6.924000e-03 1.981600e-02
27 9.719800e-01 6.996000e-03 2.102400e-02
28 9.706760e-01 7.080000e-03 2.224400e-02
29 9.692560e-01 7.132000e-03 2.361200e-02
30 9.678960e-01 7.156000e-03 2.494800e-02
31 9.667120e-01 7.112000e-03 2.617600e-02
32 9.654200e-01 7.268000e-03 2.731200e-02
33 9.641200e-01 7.220000e-03 2.866000e-02
34 9.625480e-01 7.436000e-03 3.001600e-02
35 9.611760e-01 7.480000e-03 3.134400e-02
36 9.597960e-01 7.540000e-03 3.266400e-02
37 9.583640e-01 7.712000e-03 3.392400e-02
38 9.568000e-01 7.928000e-03 3.527200e-02
39 9.553520e-01 7.952000e-03 3.669600e-02
40 9.538560e-01 8.092000e-03 3.805200e-02
41 9.522160e-01 8.364000e-03 3.942000e-02
42 9.507040e-01 8.468000e-03 4.082800e-02
43 9.492160e-01 8.448000e-03 4.233600e-02
44 9.474640e-01 8.764000e-03 4.377200e-02
45 9.459200e-01 8.840000e-03 4.524000e-02
46 9.443920e-01 8.776000e-03 4.683200e-02
47 9.430520e-01 8.584000e-03 4.836400e-02
48 9.416320e-01 8.468000e-03 4.990000e-02
49 9.402800e-01 8.384000e-03 5.133600e-02
50 9.387800e-01 8.404000e-03 5.281600e-02
51 9.374240e-01 8.336000e-03 5.424000e-02
52 9.358720e-01 8.444000e-03 5.568400e-02
53 9.343440e-01 8.536000e-03 5.712000e-02
54 9.328600e-01 8.588000e-03 5.855200e-02
55 9.314320e-01 8.540000e-03 6.002800e-02
56 9.300360e-01 8.404000e-03 6.156000e-02
57 9.285960e-01 8.388000e-03 6.301600e-02
58 9.272600e-01 8.288000e-03 6.445200e-02
59 9.257640e-01 8.332000e-03 6.590400e-02
60 9.242400e-01 8.352000e-03 6.740800e-02
61 9.228400e-01 8.324000e-03 6.883600e-02
62 9.214760e-01 8.236000e-03 7.028800e-02
63 9.199280e-01 8.272000e-03 7.180000e-02
64 9.184480e-01 8.268000e-03 7.328400e-02
65 9.170320e-01 8.268000e-03 7.470000e-02
66 9.156120e-01 8.176000e-03 7.621200e-02
67 9.142880e-01 8.096000e-03 7.761600e-02
68 9.127720e-01 8.120000e-03 7.910800e-02
69 9.112000e-01 8.256000e-03 8.054400e-02
70 9.096560e-01 8.452000e-03 8.189200e-02
71 9.082280e-01 8.416000e-03 8.335600e-02
72 9.067440e-01 8.464000e-03 8.479200e-02
73 9.053120e-01 8.384000e-03 8.630400e-02
74 9.037360e-01 8.388000e-03 8.787600e-02
75 9.022200e-01 8.412000e-03 8.936800e-02
76 9.007560e-01 8.468000e-03 9.077600e-02
77 8.991160e-01 8.588000e-03 9.229600e-02
78 8.975920e-01 8.480000e-03 9.392800e-02
79 8.960920e-01 8.500000e-03 9.540800e-02
80 8.946920e-01 8.420000e-03 9.688800e-02
81 8.932040e-01 8.448000e-03 9.834800e-02
82 8.917480e-01 8.416000e-03 9.983600e-02
83 8.902960e-01 8.384000e-03 1.013200e-01
84 8.890760e-01 8.032000e-03 1.028920e-01
85 8.876400e-01 8.112000e-03 1.042480e-01
86 8.862920e-01 8.068000e-03 1.056400e-01
87 8.848920e-01 8.084000e-03 1.070240e-01
88 8.835000e-01 8.064000e-03 1.084360e-01
89 8.820360e-01 8.232000e-03 1.097320e-01
90 8.805760e-01 8.264000e-03 1.111600e-01
91 8.791800e-01 8.292000e-03 1.125280e-01
92 8.778880e-01 8.080000e-03 1.140320e-01
93 8.766320e-01 7.940000e-03 1.154280e-01
94 8.754040e-01 7.780000e-03 1.168160e-01
95 8.741440e-01 7.652000e-03 1.182040e-01
96 8.727440e-01 7.832000e-03 1.194240e-01
97 8.713480e-01 7.848000e-03 1.208040e-01
98 8.700720e-01 7.768000e-03 1.221600e-01
99 8.687400e-01 7.612000e-03 1.236480e-01
100 8.675640e-01 7.356000e-03 1.250800e-01
101 8.661920e-01 7.496000e-03 1.263120e-01
102 8.649960e-01 7.372000e-03 1.276320e-01
103 8.636960e-01 7.316000e-03 1.289880e-01
104 8.624880e-01 7.320000e-03 1.301920e-01
105 8.610080e-01 7.608000e-03 1.313840e-01
106 8.595240e-01 7.808000e-03 1.326680e-01
107 8.581240e-01 7.908000e-03 1.339680e-01
108 8.567720e-01 7.912000e-03 1.353160e-01
109 8.554200e-01 7.900000e-03 1.366800e-01
110 8.541000e-01 7.756000e-03 1.381440e-01
111 8.527200e-01 7.808000e-03 1.394720e-01
112 8.513520e-01 7.872000e-03 1.407760e-01
113 8.499440e-01 7.924000e-03 1.421320e-01
114 8.485160e-01 7.880000e-03 1.436040e-01
115 8.472000e-01 7.892000e-03 1.449080e-01
116 8.459600e-01 7.716000e-03 1.463240e-01
117 8.446520e-01 7.756000e-03 1.475920e-01
118 8.432600e-01 7.796000e-03 1.489440e-01
119 8.418080e-01 7.932000e-03 1.502600e-01
120 8.403160e-01 8.080000e-03 1.516040e-01
121 8.388840e-01 8.112000e-03 1.530040e-01
122 8.375200e-01 8.076000e-03 1.544040e-01
123 8.363320e-01 7.852000e-03 1.558160e-01
124 8.349280e-01 7.920000e-03 1.571520e-01
125 8.335800e-01 7.812000e-03 1.586080e-01
126 8.323800e-01 7.732000e-03 1.598880e-01
127 8.312240e-01 7.480000e-03 1.612960e-01
128 8.299120e-01 7.540000e-03 1.625480e-01
129 8.286400e-01 7.412000e-03 1.639480e-01
130 8.274160e-01 7.296000e-03 1.652880e-01
131 8.260800e-01 7.448000e-03 1.664720e-01
132 8.247160e-01 7.564000e-03 1.677200e-01
133 8.234440e-01 7.512000e-03 1.690440e-01
134 8.221000e-01 7.544000e-03 1.703560e-01
135 8.206840e-01 7.548000e-03 1.717680e-01
136 8.194720e-01 7.400000e-03 1.731280e-01
137 8.183400e-01 7.228000e-03 1.744320e-01
138 8.171360e-01 7.192000e-03 1.756720e-01
139 8.159800e-01 7.144000e-03 1.768760e-01
140 8.148280e-01 7.008000e-03 1.781640e-01
141 8.136400e-01 7.064000e-03 1.792960e-01
142 8.123720e-01 7.140000e-03 1.804880e-01
143 8.112520e-01 7.036000e-03 1.817120e-01
144 8.100360e-01 7.044000e-03 1.829200e-01
145 8.087600e-01 7.140000e-03 1.841000e-01
146 8.076040e-01 7.028000e-03 1.853680e-01
147 8.064040e-01 6.984000e-03 1.866120e-01
148 8.052960e-01 6.848000e-03 1.878560e-01
149 8.042680e-01 6.804000e-03 1.889280e-01
150 8.031320e-01 6.852000e-03 1.900160e-01
151 8.020240e-01 6.720000e-03 1.912560e-01
152 8.009640e-01 6.612000e-03 1.924240e-01
153 8.000120e-01 6.384000e-03 1.936040e-01
154 7.988760e-01 6.348000e-03 1.947760e-01
155 7.977440e-01 6.332000e-03 1.959240e-01
156 7.967880e-01 6.204000e-03 1.970080e-01
157 7.959800e-01 5.952000e-03 1.980680e-01
158 7.950840e-01 5.800000e-03 1.991160e-01
159 7.941680e-01 5.728000e-03 2.001040e-01
160 7.932560e-01 5.592000e-03 2.011520e-01
161 7.923280e-01 5.572000e-03 2.021000e-01
162 7.913200e-01 5.604000e-03 2.030760e-01
163 7.903960e-01 5.604000e-03 2.040000e-01
164 7.894480e-01 5.696000e-03 2.048560e-01
165 7.884680e-01 5.720000e-03 2.058120e-01
166 7.874800e-01 5.684000e-03 2.068360e-01
167 7.864880e-01 5.632000e-03 2.078800e-01
168 7.856120e-01 5.540000e-03 2.088480e-01
169 7.846720e-01 5.412000e-03 2.099160e-01
170 7.839400e-01 5.256000e-03 2.108040e-01
171 7.831400e-01 5.112000e-03 2.117480e-01
172 7.823000e-01 4.948000e-03 2.127520e-01
173 7.815200e-01 4.812000e-03 2.136680e-01
174 7.808000e-01 4.680000e-03 2.145200e-01
175 7.800520e-01 4.644000e-03 2.153040e-01
176 7.793240e-01 4.584000e-03 2.160920e-01
177 7.786080e-01 4.472000e-03 2.169200e-01
178 7.778160e-01 4.528000e-03 2.176560e-01
179 7.770920e-01 4.372000e-03 2.185360e-01
180 7.765640e-01 4.108000e-03 2.193280e-01
181 7.759000e-01 4.112000e-03 2.199880e-01
182 7.752520e-01 4.052000e-03 2.206960e-01
183 7.746640e-01 3.880000e-03 2.214560e-01
184 7.739840e-01 3.804000e-03 2.222120e-01
185 7.733080e-01 3.760000e-03 2.229320e-01
186 7.725240e-01 3.980000e-03 2.234960e-01
187 7.717640e-01 4.068000e-03 2.241680e-01
188 7.710880e-01 4.032000e-03 2.248800e-01
189 7.704080e-01 3.996000e-03 2.255960e-01
190 7.697600e-01 3.868000e-03 2.263720e-01
191 7.690240e-01 3.820000e-03 2.271560e-01
192 7.683360e-01 3.872000e-03 2.277920e-01
193 7.677000e-01 3.836000e-03 2.284640e-01
194 7.670280e-01 3.784000e-03 2.291880e-01
195 7.663480e-01 3.740000e-03 2.299120e-01
196 7.656680e-01 3.756000e-03 2.305760e-01
197 7.650280e-01 3.696000e-03 2.312760e-01
198 7.644640e-01 3.636000e-03 2.319000e-01
199 7.638360e-01 3.616000e-03 2.325480e-01
200 7.631800e-01 3.628000e-03 2.331920e-01
201 7.625080e-01 3.656000e-03 2.338360e-01
202 7.618120e-01 3.652000e-03 2.345360e-01
203 7.611680e-01 3.632000e-03 2.352000e-01
204 7.605080e-01 3.680000e-03 2.358120e-01
205 7.598720e-01 3.596000e-03 2.365320e-01
206 7.592000e-01 3.660000e-03 2.371400e-01
207 7.584440e-01 3.724000e-03 2.378320e-01
208 7.577760e-01 3.756000e-03 2.384680e-01
209 7.570880e-01 3.756000e-03 2.391560e-01
210 7.565120e-01 3.600000e-03 2.398880e-01
211 7.559760e-01 3.448000e-03 2.405760e-01
212 7.553120e-01 3.500000e-03 2.411880e-01
213 7.547120e-01 3.520000e-03 2.417680e-01
214 7.540120e-01 3.576000e-03 2.424120e-01
215 7.533840e-01 3.496000e-03 2.431200e-01
216 7.527160e-01 3.536000e-03 2.437480e-01
217 7.521320e-01 3.464000e-03 2.444040e-01
218 7.514960e-01 3.540000e-03 2.449640e-01
219 7.507800e-01 3.628000e-03 2.455920e-01
220 7.501280e-01 3.656000e-03 2.462160e-01
221 7.495080e-01 3.708000e-03 2.467840e-01
222 7.488800e-01 3.560000e-03 2.475600e-01
223 7.482240e-01 3.584000e-03 2.481920e-01
224 7.474640e-01 3.740000e-03 2.487960e-01
225 7.467760e-01 3.760000e-03 2.494640e-01
226 7.460840e-01 3.700000e-03 2.502160e-01
227 7.453440e-01 3.856000e-03 2.508000e-01
228 7.448000e-01 3.756000e-03 2.514440e-01
229 7.442160e-01 3.696000e-03 2.520880e-01
230 7.436680e-01 3.588000e-03 2.527440e-01
231 7.431200e-01 3.472000e-03 2.534080e-01
232 7.425600e-01 3.424000e-03 2.540160e-01
233 7.419560e-01 3.452000e-03 2.545920e-01
234 7.413800e-01 3.384000e-03 2.552360e-01
235 7.407360e-01 3.360000e-03 2.559040e-01
236 7.402400e-01 3.316000e-03 2.564440e-01
237 7.396880e-01 3.392000e-03 2.569200e-01
238 7.390600e-01 3.456000e-03 2.574840e-01
239 7.384600e-01 3.432000e-03 2.581080e-01
240 7.378760e-01 3.460000e-03 2.586640e-01
241 7.372920e-01 3.460000e-03 2.592480e-01
242 7.367920e-01 3.476000e-03 2.597320e-01
243 7.361280e-01 3.484000e-03 2.603880e-01
244 7.355720e-01 3.416000e-03 2.610120e-01
245 7.350120e-01 3.424000e-03 2.615640e-01
246 7.344760e-01 3.328000e-03 2.621960e-01
247 7.339160e-01 3.284000e-03 2.628000e-01
248 7.333800e-01 3.228000e-03 2.633920e-01
249 7.328720e-01 3.096000e-03 2.640320e-01
250 7.322720e-01 3.100000e-03 2.646280e-01
251 7.317840e-01 3.084000e-03 2.651320e-01
252 7.313160e-01 3.032000e-03 2.656520e-01
253 7.308480e-01 2.948000e-03 2.662040e-01
254 7.303280e-01 2.936000e-03 2.667360e-01
255 7.299120e-01 2.880000e-03 2.672080e-01
256 7.294320e-01 2.864000e-03 2.677040e-01
257 7.289920e-01 2.868000e-03 2.681400e-01
258 7.285520e-01 2.832000e-03 2.686160e-01
259 7.280560e-01 2.864000e-03 2.690800e-01
260 7.275200e-01 2.924000e-03 2.695560e-01
261 7.271880e-01 2.724000e-03 2.700880e-01
262 7.267000e-01 2.788000e-03 2.705120e-01
263 7.262080e-01 2.684000e-03 2.711080e-01
264 7.256920e-01 2.772000e-03 2.715360e-01
265 7.252000e-01 2.736000e-03 2.720640e-01
266 7.247880e-01 2.660000e-03 2.725520e-01
267 7.244360e-01 2.564000e-03 2.730000e-01
268 7.239640e-01 2.564000e-03 2.734720e-01
269 7.235840e-01 2.508000e-03 2.739080e-01
270 7.232240e-01 2.464000e-03 2.743120e-01
271 7.228520e-01 2.432000e-03 2.747160e-01
272 7.224520e-01 2.480000e-03 2.750680e-01
273 7.220600e-01 2.452000e-03 2.754880e-01
274 7.216720e-01 2.384000e-03 2.759440e-01
275 7.212760e-01 2.352000e-03 2.763720e-01
276 7.207880e-01 2.412000e-03 2.768000e-01
277 7.202840e-01 2.504000e-03 2.772120e-01
278 7.197720e-01 2.600000e-03 2.776280e-01
279 7.193880e-01 2.560000e-03 2.780520e-01
280 7.189280e-01 2.544000e-03 2.785280e-01
281 7.184800e-01 2.556000e-03 2.789640e-01
282 7.179880e-01 2.552000e-03 2.794600e-01
283 7.175520e-01 2.496000e-03 2.799520e-01
284 7.170920e-01 2.564000e-03 2.803440e-01
285 7.166440e-01 2.560000e-03 2.807960e-01
286 7.162120e-01 2.444000e-03 2.813440e-01
287 7.157160e-01 2.484000e-03 2.818000e-01
288 7.152720e-01 2.528000e-03 2.822000e-01
289 7.148520e-01 2.476000e-03 2.826720e-01
290 7.144120e-01 2.460000e-03 2.831280e-01
291 7.139480e-01 2.512000e-03 2.835400e-01
292 7.135720e-01 2.408000e-03 2.840200e-01
293 7.131520e-01 2.316000e-03 2.845320e-01
294 7.127960e-01 2.332000e-03 2.848720e-01
295 7.123840e-01 2.348000e-03 2.852680e-01
296 7.118920e-01 2.396000e-03 2.857120e-01
297 7.114120e-01 2.460000e-03 2.861280e-01
298 7.109200e-01 2.484000e-03 2.865960e-01
299 7.104120e-01 2.532000e-03 2.870560e-01
300 7.098840e-01 2.604000e-03 2.875120e-01
301 7.094240e-01 2.564000e-03 2.880120e-01
302 7.089600e-01 2.568000e-03 2.884720e-01
303 7.086080e-01 2.408000e-03 2.889840e-01
304 7.081920e-01 2.352000e-03 2.894560e-01
305 7.077560e-01 2.388000e-03 2.898560e-01
306 7.072600e-01 2.496000e-03 2.902440e-01
307 7.067800e-01 2.524000e-03 2.906960e-01
308 7.063360e-01 2.560000e-03 2.911040e-01
309 7.058480e-01 2.556000e-03 2.915960e-01
310 7.053640e-01 2.536000e-03 2.921000e-01
311 7.049120e-01 2.540000e-03 2.925480e-01
312 7.043800e-01 2.592000e-03 2.930280e-01
313 7.038920e-01 2.708000e-03 2.934000e-01
314 7.034760e-01 2.644000e-03 2.938800e-01
315 7.029520e-01 2.712000e-03 2.943360e-01
316 7.024960e-01 2.788000e-03 2.947160e-01
317 7.020000e-01 2.720000e-03 2.952800e-01
318 7.015720e-01 2.656000e-03 2.957720e-01
319 7.011680e-01 2.532000e-03 2.963000e-01
320 7.007800e-01 2.476000e-03 2.967440e-01
321 7.003280e-01 2.532000e-03 2.971400e-01
322 6.999200e-01 2.520000e-03 2.975600e-01
323 6.994880e-01 2.480000e-03 2.980320e-01
324 6.991000e-01 2.500000e-03 2.984000e-01
325 6.986880e-01 2.444000e-03 2.988680e-01
326 6.982120e-01 2.496000e-03 2.992920e-01
327 6.977800e-01 2.456000e-03 2.997640e-01
328 6.974200e-01 2.344000e-03 3.002360e-01
329 6.970560e-01 2.348000e-03 3.005960e-01
330 6.967200e-01 2.256000e-03 3.010240e-01
331 6.963600e-01 2.224000e-03 3.014160e-01
332 6.960240e-01 2.192000e-03 3.017840e-01
333 6.956000e-01 2.188000e-03 3.022120e-01
334 6.952160e-01 2.164000e-03 3.026200e-01
335 6.948880e-01 2.136000e-03 3.029760e-01
336 6.945440e-01 2.092000e-03 3.033640e-01
337 6.941760e-01 2.072000e-03 3.037520e-01
338 6.938400e-01 2.080000e-03 3.040800e-01
339 6.934640e-01 2.004000e-03 3.045320e-01
340 6.930680e-01 2.016000e-03 3.049160e-01
341 6.927000e-01 2.024000e-03 3.052760e-01
342 6.923200e-01 2.056000e-03 3.056240e-01
343 6.919520e-01 2.072000e-03 3.059760e-01
344 6.916680e-01 2.068000e-03 3.062640e-01
345 6.912760e-01 2.096000e-03 3.066280e-01
346 6.909280e-01 2.052000e-03 3.070200e-01
347 6.906280e-01 2.028000e-03 3.073440e-01
348 6.902440e-01 2.000000e-03 3.077560e-01
349 6.898960e-01 1.992000e-03 3.081120e-01
350 6.895520e-01 1.996000e-03 3.084520e-01
351 6.892320e-01 1.944000e-03 3.088240e-01
352 6.889160e-01 1.956000e-03 3.091280e-01
353 6.885680e-01 1.940000e-03 3.094920e-01
354 6.882800e-01 1.924000e-03 3.097960e-01
355 6.879400e-01 1.888000e-03 3.101720e-01
356 6.875680e-01 1.940000e-03 3.104920e-01
357 6.871880e-01 1.952000e-03 3.108600e-01
358 6.868560e-01 2.000000e-03 3.111440e-01
359 6.866080e-01 1.844000e-03 3.115480e-01
360 6.863640e-01 1.740000e-03 3.118960e-01
361 6.861480e-01 1.648000e-03 3.122040e-01
362 6.860000e-01 1.508000e-03 3.124920e-01
363 6.857640e-01 1.512000e-03 3.127240e-01
364 6.855800e-01 1.432000e-03 3.129880e-01
365 6.853520e-01 1.428000e-03 3.132200e-01
366 6.851080e-01 1.456000e-03 3.134360e-01
367 6.848320e-01 1.460000e-03 3.137080e-01
368 6.846560e-01 1.404000e-03 3.139400e-01
369 6.844040e-01 1.400000e-03 3.141960e-01
370 6.841720e-01 1.380000e-03 3.144480e-01
371 6.839360e-01 1.448000e-03 3.146160e-01
372 6.837200e-01 1.436000e-03 3.148440e-01
373 6.834240e-01 1.500000e-03 3.150760e-01
374 6.831520e-01 1.448000e-03 3.154000e-01
375 6.828680e-01 1.480000e-03 3.156520e-01
376 6.826080e-01 1.488000e-03 3.159040e-01
377 6.823240e-01 1.468000e-03 3.162080e-01
378 6.820200e-01 1.484000e-03 3.164960e-01
379 6.817440e-01 1.544000e-03 3.167120e-01
380 6.814960e-01 1.508000e-03 3.169960e-01
381 6.811640e-01 1.580000e-03 3.172560e-01
382 6.808880e-01 1.540000e-03 3.175720e-01
383 6.806200e-01 1.528000e-03 3.178520e-01
384 6.803360e-01 1.528000e-03 3.181360e-01
385 6.800400e-01 1.608000e-03 3.183520e-01
386 6.797280e-01 1.628000e-03 3.186440e-01
387 6.794480e-01 1.632000e-03 3.189200e-01
388 6.791800e-01 1.596000e-03 3.192240e-01
389 6.789320e-01 1.564000e-03 3.195040e-01
390 6.786360e-01 1.592000e-03 3.197720e-01
391 6.783960e-01 1.552000e-03 3.200520e-01
392 6.781720e-01 1.492000e-03 3.203360e-01
393 6.779520e-01 1.436000e-03 3.206120e-01
394 6.777360e-01 1.396000e-03 3.208680e-01
395 6.775280e-01 1.372000e-03 3.211000e-01
396 6.772600e-01 1.412000e-03 3.213280e-01
397 6.770520e-01 1.380000e-03 3.215680e-01
398 6.768000e-01 1.372000e-03 3.218280e-01
399 6.765320e-01 1.384000e-03 3.220840e-01
400 6.762200e-01 1.444000e-03 3.223360e-01
401 6.759320e-01 1.472000e-03 3.225960e-01
402 6.756680e-01 1.448000e-03 3.228840e-01
403 6.754160e-01 1.444000e-03 3.231400e-01
404 6.751800e-01 1.456000e-03 3.233640e-01
405 6.749120e-01 1.484000e-03 3.236040e-01
406 6.746280e-01 1.476000e-03 3.238960e-01
407 6.743800e-01 1.544000e-03 3.240760e-01
408 6.741240e-01 1.492000e-03 3.243840e-01
409 6.738800e-01 1.476000e-03 3.246440e-01
410 6.736880e-01 1.380000e-03 3.249320e-01
411 6.735080e-01 1.324000e-03 3.251680e-01
412 6.733000e-01 1.276000e-03 3.254240e-01
413 6.730800e-01 1.276000e-03 3.256440e-01
414 6.728480e-01 1.268000e-03 3.258840e-01
415 6.726520e-01 1.260000e-03 3.260880e-01
416 6.724280e-01 1.292000e-03 3.262800e-01
417 6.721960e-01 1.268000e-03 3.265360e-01
418 6.719640e-01 1.308000e-03 3.267280e-01
419 6.717040e-01 1.356000e-03 3.269400e-01
420 6.714440e-01 1.340000e-03 3.272160e-01
421 6.712320e-01 1.312000e-03 3.274560e-01
422 6.710040e-01 1.308000e-03 3.276880e-01
423 6.707440e-01 1.332000e-03 3.279240e-01
424 6.705280e-01 1.292000e-03 3.281800e-01
425 6.703200e-01 1.208000e-03 3.284720e-01
426 6.701000e-01 1.212000e-03 3.286880e-01
427 6.698280e-01 1.264000e-03 3.289080e-01
428 6.696080e-01 1.220000e-03 3.291720e-01
429 6.694280e-01 1.156000e-03 3.294160e-01
430 6.692280e-01 1.172000e-03 3.296000e-01
431 6.690320e-01 1.168000e-03 3.298000e-01
432 6.687920e-01 1.216000e-03 3.299920e-01
433 6.685120e-01 1.260000e-03 3.302280e-01
434 6.683360e-01 1.220000e-03 3.304440e-01
435 6.681920e-01 1.196000e-03 3.306120e-01
436 6.680200e-01 1.196000e-03 3.307840e-01
437 6.678040e-01 1.200000e-03 3.309960e-01
438 6.675920e-01 1.212000e-03 3.311960e-01
439 6.673640e-01 1.228000e-03 3.314080e-01
440 6.671120e-01 1.300000e-03 3.315880e-01
441 6.668760e-01 1.368000e-03 3.317560e-01
442 6.666440e-01 1.368000e-03 3.319880e-01
443 6.664000e-01 1.328000e-03 3.322720e-01
444 6.661760e-01 1.348000e-03 3.324760e-01
445 6.658800e-01 1.376000e-03 3.327440e-01
446 6.655800e-01 1.436000e-03 3.329840e-01
447 6.652680e-01 1.508000e-03 3.332240e-01
448 6.649480e-01 1.576000e-03 3.334760e-01
449 6.646720e-01 1.568000e-03 3.337600e-01
450 6.643840e-01 1.584000e-03 3.340320e-01
451 6.641920e-01 1.524000e-03 3.342840e-01
452 6.639400e-01 1.508000e-03 3.345520e-01
453 6.636880e-01 1.516000e-03 3.347960e-01
454 6.634720e-01 1.456000e-03 3.350720e-01
455 6.631600e-01 1.532000e-03 3.353080e-01
456 6.629360e-01 1.496000e-03 3.355680e-01
457 6.627360e-01 1.452000e-03 3.358120e-01
458 6.624880e-01 1.484000e-03 3.360280e-01
459 6.622200e-01 1.520000e-03 3.362600e-01
460 6.620200e-01 1.456000e-03 3.365240e-01
461 6.617920e-01 1.440000e-03 3.367680e-01
462 6.615600e-01 1.400000e-03 3.370400e-01
463 6.613960e-01 1.380000e-03 3.372240e-01
464 6.611840e-01 1.344000e-03 3.374720e-01
465 6.609120e-01 1.424000e-03 3.376640e-01
466 6.607160e-01 1.356000e-03 3.379280e-01
467 6.604880e-01 1.312000e-03 3.382000e-01
468 6.602280e-01 1.292000e-03 3.384800e-01
469 6.600200e-01 1.316000e-03 3.386640e-01
470 6.598080e-01 1.292000e-03 3.389000e-01
471 6.596200e-01 1.232000e-03 3.391480e-01
472 6.594160e-01 1.216000e-03 3.393680e-01
473 6.591880e-01 1.168000e-03 3.396440e-01
474 6.590160e-01 1.164000e-03 3.398200e-01
475 6.587840e-01 1.148000e-03 3.400680e-01
476 6.586320e-01 1.072000e-03 3.402960e-01
477 6.584320e-01 1.064000e-03 3.405040e-01
478 6.582600e-01 1.036000e-03 3.407040e-01
479 6.580600e-01 1.040000e-03 3.409000e-01
480 6.578920e-01 1.044000e-03 3.410640e-01
481 6.577400e-01 9.880000e-04 3.412720e-01
482 6.575920e-01 1.000000e-03 3.414080e-01
483 6.574440e-01 9.520000e-04 3.416040e-01
484 6.573160e-01 8.960000e-04 3.417880e-01
485 6.571520e-01 9.120000e-04 3.419360e-01
486 6.570240e-01 8.800000e-04 3.420960e-01
487 6.568960e-01 8.640000e-04 3.422400e-01
488 6.567600e-01 8.400000e-04 3.424000e-01
489 6.566760e-01 8.200000e-04 3.425040e-01
490 6.566040e-01 7.400000e-04 3.426560e-01
491 6.564920e-01 7.360000e-04 3.427720e-01
492 6.564120e-01 6.880000e-04 3.429000e-01
493 6.563320e-01 6.280000e-04 3.430400e-01
494 6.561760e-01 6.440000e-04 3.431800e-01
495 6.560920e-01 5.920000e-04 3.433160e-01
496 6.559920e-01 5.880000e-04 3.434200e-01
497 6.558560e-01 5.960000e-04 3.435480e-01
498 6.557520e-01 5.920000e-04 3.436560e-01
499 6.556720e-01 5.200000e-04 3.438080e-01
500 6.555440e-01 5.720000e-04 3.438840e-01
