1 9.992120e-01 7.200000e-04 6.800000e-05
2 9.986640e-01 1.096000e-03 2.400000e-04
3 9.980200e-01 1.500000e-03 4.800000e-04
4 9.974520e-01 1.740000e-03 8.080000e-04
5 9.966520e-01 2.220000e-03 1.128000e-03
6 9.959600e-01 2.488000e-03 1.552000e-03
7 9.951440e-01 2.816000e-03 2.040000e-03
8 9.942680e-01 3.144000e-03 2.588000e-03
9 9.933520e-01 3.492000e-03 3.156000e-03
10 9.923520e-01 3.852000e-03 3.796000e-03
11 9.912400e-01 4.224000e-03 4.536000e-03
12 9.903560e-01 4.324000e-03 5.320000e-03
13 9.893720e-01 4.500000e-03 6.128000e-03
14 9.881720e-01 4.936000e-03 6.892000e-03
15 9.870200e-01 5.152000e-03 7.828000e-03
16 9.859320e-01 5.312000e-03 8.756000e-03
17 9.847800e-01 5.544000e-03 9.676000e-03
18 9.836520e-01 5.628000e-03 1.072000e-02
19 9.824720e-01 5.864000e-03 1.166400e-02
20 9.812840e-01 6.064000e-03 1.265200e-02
21 9.800320e-01 6.160000e-03 1.380800e-02
22 9.788080e-01 6.248000e-03 1.494400e-02
23 9.772680e-01 6.720000e-03 1.601200e-02
24 9.759000e-01 6.996000e-03 1.710400e-02
25 9.743480e-01 7.308000e-03 1.834400e-02
26 9.730200e-01 7.380000e-03 1.960000e-02
27 9.715760e-01 7.568000e-03 2.085600e-02
28 9.702040e-01 7.548000e-03 2.224800e-02
29 9.688240e-01 7.584000e-03 2.359200e-02
30 9.673080e-01 7.840000e-03 2.485200e-02
31 9.657640e-01 7.964000e-03 2.627200e-02
32 9.642880e-01 8.076000e-03 2.763600e-02
33 9.627560e-01 8.196000e-03 2.904800e-02
34 9.612840e-01 8.152000e-03 3.056400e-02
35 9.599080e-01 8.076000e-03 3.201600e-02
36 9.583640e-01 8.172000e-03 3.346400e-02
37 9.569840e-01 8.156000e-03 3.486000e-02
38 9.553320e-01 8.460000e-03 3.620800e-02
39 9.537680e-01 8.572000e-03 3.766000e-02
40 9.522720e-01 8.652000e-03 3.907600e-02
41 9.508440e-01 8.560000e-03 4.059600e-02
42 9.494640e-01 8.408000e-03 4.212800e-02
43 9.480480e-01 8.344000e-03 4.360800e-02
44 9.465720e-01 8.268000e-03 4.516000e-02
45 9.449400e-01 8.360000e-03 4.670000e-02
46 9.433880e-01 8.436000e-03 4.817600e-02
47 9.418520e-01 8.364000e-03 4.978400e-02
48 9.404160e-01 8.232000e-03 5.135200e-02
49 9.389640e-01 8.320000e-03 5.271600e-02
50 9.375840e-01 8.116000e-03 5.430000e-02
51 9.363400e-01 7.896000e-03 5.576400e-02
52 9.349440e-01 7.920000e-03 5.713600e-02
53 9.334680e-01 7.924000e-03 5.860800e-02
54 9.321120e-01 7.864000e-03 6.002400e-02
55 9.307600e-01 7.916000e-03 6.132400e-02
56 9.294720e-01 7.812000e-03 6.271600e-02
57 9.282160e-01 7.620000e-03 6.416400e-02
58 9.268240e-01 7.756000e-03 6.542000e-02
59 9.253760e-01 7.844000e-03 6.678000e-02
60 9.238720e-01 7.892000e-03 6.823600e-02
61 9.224640e-01 7.980000e-03 6.955600e-02
62 9.211360e-01 8.028000e-03 7.083600e-02
63 9.198240e-01 7.972000e-03 7.220400e-02
64 9.185480e-01 7.840000e-03 7.361200e-02
65 9.172480e-01 7.860000e-03 7.489200e-02
66 9.160160e-01 7.724000e-03 7.626000e-02
67 9.147400e-01 7.676000e-03 7.758400e-02
68 9.134880e-01 7.612000e-03 7.890000e-02
69 9.121720e-01 7.644000e-03 8.018400e-02
70 9.108960e-01 7.600000e-03 8.150400e-02
71 9.097760e-01 7.468000e-03 8.275600e-02
72 9.083720e-01 7.596000e-03 8.403200e-02
73 9.069320e-01 7.744000e-03 8.532400e-02
74 9.056640e-01 7.640000e-03 8.669600e-02
75 9.043520e-01 7.592000e-03 8.805600e-02
76 9.031240e-01 7.456000e-03 8.942000e-02
77 9.020080e-01 7.216000e-03 9.077600e-02
78 9.007720e-01 7.172000e-03 9.205600e-02
79 8.995840e-01 7.100000e-03 9.331600e-02
80 8.985120e-01 6.988000e-03 9.450000e-02
81 8.973880e-01 6.860000e-03 9.575200e-02
82 8.961560e-01 6.996000e-03 9.684800e-02
83 8.947760e-01 7.124000e-03 9.810000e-02
84 8.935000e-01 7.024000e-03 9.947600e-02
85 8.922520e-01 7.024000e-03 1.007240e-01
86 8.909240e-01 7.164000e-03 1.019120e-01
87 8.894640e-01 7.380000e-03 1.031560e-01
88 8.880000e-01 7.516000e-03 1.044840e-01
89 8.865960e-01 7.572000e-03 1.058320e-01
90 8.852640e-01 7.460000e-03 1.072760e-01
91 8.839920e-01 7.372000e-03 1.086360e-01
92 8.827440e-01 7.292000e-03 1.099640e-01
93 8.814920e-01 7.300000e-03 1.112080e-01
94 8.803000e-01 7.228000e-03 1.124720e-01
95 8.790040e-01 7.296000e-03 1.137000e-01
96 8.776760e-01 7.416000e-03 1.149080e-01
97 8.764120e-01 7.232000e-03 1.163560e-01
98 8.750800e-01 7.368000e-03 1.175520e-01
99 8.737040e-01 7.452000e-03 1.188440e-01
100 8.723480e-01 7.540000e-03 1.201120e-01
101 8.709000e-01 7.696000e-03 1.214040e-01
102 8.696160e-01 7.528000e-03 1.228560e-01
103 8.682760e-01 7.656000e-03 1.240680e-01
104 8.668480e-01 7.912000e-03 1.252400e-01
105 8.654360e-01 8.068000e-03 1.264960e-01
106 8.640120e-01 8.068000e-03 1.279200e-01
107 8.626240e-01 8.152000e-03 1.292240e-01
108 8.611600e-01 8.192000e-03 1.306480e-01
109 8.598240e-01 8.036000e-03 1.321400e-01
110 8.584000e-01 8.052000e-03 1.335480e-01
111 8.572480e-01 7.804000e-03 1.349480e-01
112 8.559280e-01 7.784000e-03 1.362880e-01
113 8.546000e-01 7.840000e-03 1.375600e-01
114 8.532120e-01 7.896000e-03 1.388920e-01
115 8.517880e-01 7.940000e-03 1.402720e-01
116 8.503760e-01 7.996000e-03 1.416280e-01
117 8.489440e-01 7.956000e-03 1.431000e-01
118 8.475720e-01 7.864000e-03 1.445640e-01
119 8.462880e-01 7.824000e-03 1.458880e-01
120 8.448800e-01 7.832000e-03 1.472880e-01
121 8.435560e-01 7.684000e-03 1.487600e-01
122 8.421880e-01 7.612000e-03 1.502000e-01
123 8.409080e-01 7.492000e-03 1.516000e-01
124 8.395200e-01 7.648000e-03 1.528320e-01
125 8.382520e-01 7.540000e-03 1.542080e-01
126 8.370320e-01 7.384000e-03 1.555840e-01
127 8.357960e-01 7.312000e-03 1.568920e-01
128 8.345360e-01 7.172000e-03 1.582920e-01
129 8.332240e-01 7.264000e-03 1.595120e-01
130 8.319040e-01 7.260000e-03 1.608360e-01
131 8.305400e-01 7.312000e-03 1.621480e-01
132 8.293160e-01 7.280000e-03 1.634040e-01
133 8.280320e-01 7.280000e-03 1.646880e-01
134 8.267040e-01 7.372000e-03 1.659240e-01
135 8.253960e-01 7.432000e-03 1.671720e-01
136 8.240760e-01 7.516000e-03 1.684080e-01
137 8.227120e-01 7.644000e-03 1.696440e-01
138 8.214720e-01 7.548000e-03 1.709800e-01
139 8.200440e-01 7.720000e-03 1.722360e-01
140 8.186760e-01 7.796000e-03 1.735280e-01
141 8.172080e-01 7.944000e-03 1.748480e-01
142 8.159120e-01 7.808000e-03 1.762800e-01
143 8.145520e-01 7.684000e-03 1.777640e-01
144 8.133280e-01 7.476000e-03 1.791960e-01
145 8.120920e-01 7.372000e-03 1.805360e-01
146 8.109600e-01 7.244000e-03 1.817960e-01
147 8.097360e-01 7.208000e-03 1.830560e-01
148 8.086360e-01 7.044000e-03 1.843200e-01
149 8.074440e-01 7.036000e-03 1.855200e-01
150 8.062000e-01 7.112000e-03 1.866880e-01
151 8.050360e-01 7.084000e-03 1.878800e-01
152 8.039800e-01 6.996000e-03 1.890240e-01
153 8.025800e-01 7.140000e-03 1.902800e-01
154 8.013560e-01 7.128000e-03 1.915160e-01
155 8.001600e-01 7.032000e-03 1.928080e-01
156 7.990120e-01 6.916000e-03 1.940720e-01
157 7.979640e-01 6.724000e-03 1.953120e-01
158 7.967240e-01 6.840000e-03 1.964360e-01
159 7.956120e-01 6.676000e-03 1.977120e-01
160 7.944280e-01 6.736000e-03 1.988360e-01
161 7.932400e-01 6.764000e-03 1.999960e-01
162 7.920440e-01 6.804000e-03 2.011520e-01
163 7.907760e-01 6.872000e-03 2.023520e-01
164 7.896240e-01 6.880000e-03 2.034960e-01
165 7.885920e-01 6.716000e-03 2.046920e-01
166 7.874960e-01 6.684000e-03 2.058200e-01
167 7.865000e-01 6.540000e-03 2.069600e-01
168 7.852840e-01 6.644000e-03 2.080720e-01
169 7.839120e-01 6.824000e-03 2.092640e-01
170 7.825760e-01 6.872000e-03 2.105520e-01
171 7.811400e-01 7.004000e-03 2.118560e-01
172 7.799360e-01 6.972000e-03 2.130920e-01
173 7.787960e-01 6.952000e-03 2.142520e-01
174 7.777080e-01 6.788000e-03 2.155040e-01
175 7.765720e-01 6.672000e-03 2.167560e-01
176 7.755040e-01 6.528000e-03 2.179680e-01
177 7.744360e-01 6.564000e-03 2.190000e-01
178 7.734480e-01 6.436000e-03 2.201160e-01
179 7.725200e-01 6.316000e-03 2.211640e-01
180 7.715680e-01 6.084000e-03 2.223480e-01
181 7.705720e-01 5.964000e-03 2.234640e-01
182 7.696560e-01 5.884000e-03 2.244600e-01
183 7.688560e-01 5.664000e-03 2.254800e-01
184 7.677920e-01 5.784000e-03 2.264240e-01
185 7.669440e-01 5.580000e-03 2.274760e-01
186 7.660880e-01 5.444000e-03 2.284680e-01
187 7.653160e-01 5.240000e-03 2.294440e-01
188 7.645400e-01 5.192000e-03 2.302680e-01
189 7.636200e-01 5.176000e-03 2.312040e-01
190 7.628800e-01 5.008000e-03 2.321120e-01
191 7.620320e-01 5.000000e-03 2.329680e-01
192 7.611360e-01 5.056000e-03 2.338080e-01
193 7.603120e-01 4.904000e-03 2.347840e-01
194 7.595440e-01 4.760000e-03 2.356960e-01
195 7.586280e-01 4.836000e-03 2.365360e-01
196 7.577880e-01 4.812000e-03 2.374000e-01
197 7.569960e-01 4.744000e-03 2.382600e-01
198 7.561040e-01 4.864000e-03 2.390320e-01
199 7.553680e-01 4.772000e-03 2.398600e-01
200 7.546640e-01 4.712000e-03 2.406240e-01
201 7.539680e-01 4.656000e-03 2.413760e-01
202 7.532160e-01 4.632000e-03 2.421520e-01
203 7.524960e-01 4.584000e-03 2.429200e-01
204 7.518120e-01 4.428000e-03 2.437600e-01
205 7.510120e-01 4.552000e-03 2.444360e-01
206 7.500960e-01 4.624000e-03 2.452800e-01
207 7.494200e-01 4.460000e-03 2.461200e-01
208 7.487120e-01 4.364000e-03 2.469240e-01
209 7.478800e-01 4.372000e-03 2.477480e-01
210 7.470960e-01 4.352000e-03 2.485520e-01
211 7.462880e-01 4.380000e-03 2.493320e-01
212 7.456440e-01 4.360000e-03 2.499960e-01
213 7.449360e-01 4.312000e-03 2.507520e-01
214 7.443680e-01 4.080000e-03 2.515520e-01
215 7.437360e-01 4.004000e-03 2.522600e-01
216 7.430800e-01 3.952000e-03 2.529680e-01
217 7.424560e-01 3.956000e-03 2.535880e-01
218 7.418080e-01 3.880000e-03 2.543120e-01
219 7.410560e-01 4.024000e-03 2.549200e-01
220 7.403360e-01 4.028000e-03 2.556360e-01
221 7.396160e-01 4.100000e-03 2.562840e-01
222 7.388320e-01 4.124000e-03 2.570440e-01
223 7.381960e-01 3.940000e-03 2.578640e-01
224 7.374400e-01 4.016000e-03 2.585440e-01
225 7.367160e-01 4.040000e-03 2.592440e-01
226 7.361360e-01 3.900000e-03 2.599640e-01
227 7.354880e-01 3.860000e-03 2.606520e-01
228 7.348800e-01 3.728000e-03 2.613920e-01
229 7.342960e-01 3.672000e-03 2.620320e-01
230 7.336360e-01 3.672000e-03 2.626920e-01
231 7.330000e-01 3.652000e-03 2.633480e-01
232 7.323760e-01 3.648000e-03 2.639760e-01
233 7.317320e-01 3.588000e-03 2.646800e-01
234 7.311360e-01 3.580000e-03 2.652840e-01
235 7.305280e-01 3.640000e-03 2.658320e-01
236 7.297880e-01 3.708000e-03 2.665040e-01
237 7.290920e-01 3.700000e-03 2.672080e-01
238 7.284320e-01 3.736000e-03 2.678320e-01
239 7.277800e-01 3.772000e-03 2.684480e-01
240 7.271400e-01 3.820000e-03 2.690400e-01
241 7.264760e-01 3.816000e-03 2.697080e-01
242 7.259840e-01 3.756000e-03 2.702600e-01
243 7.253560e-01 3.800000e-03 2.708440e-01
244 7.248080e-01 3.680000e-03 2.715120e-01
245 7.243360e-01 3.516000e-03 2.721480e-01
246 7.238200e-01 3.476000e-03 2.727040e-01
247 7.233560e-01 3.332000e-03 2.733120e-01
248 7.228400e-01 3.264000e-03 2.738960e-01
249 7.223000e-01 3.280000e-03 2.744200e-01
250 7.217720e-01 3.228000e-03 2.750000e-01
251 7.212520e-01 3.192000e-03 2.755560e-01
252 7.206480e-01 3.272000e-03 2.760800e-01
253 7.200720e-01 3.244000e-03 2.766840e-01
254 7.195360e-01 3.280000e-03 2.771840e-01
255 7.190920e-01 3.116000e-03 2.777920e-01
256 7.185640e-01 3.032000e-03 2.784040e-01
257 7.180880e-01 2.920000e-03 2.789920e-01
258 7.176920e-01 2.792000e-03 2.795160e-01
259 7.172600e-01 2.768000e-03 2.799720e-01
260 7.168760e-01 2.708000e-03 2.804160e-01
261 7.163400e-01 2.760000e-03 2.809000e-01
262 7.157960e-01 2.804000e-03 2.814000e-01
263 7.152440e-01 2.880000e-03 2.818760e-01
264 7.148400e-01 2.836000e-03 2.823240e-01
265 7.142520e-01 2.920000e-03 2.828280e-01
266 7.137360e-01 2.992000e-03 2.832720e-01
267 7.131440e-01 2.984000e-03 2.838720e-01
268 7.126840e-01 2.876000e-03 2.844400e-01
269 7.122840e-01 2.776000e-03 2.849400e-01
270 7.118320e-01 2.808000e-03 2.853600e-01
271 7.114080e-01 2.696000e-03 2.858960e-01
272 7.109880e-01 2.696000e-03 2.863160e-01
273 7.105840e-01 2.600000e-03 2.868160e-01
274 7.102080e-01 2.512000e-03 2.872800e-01
275 7.098360e-01 2.424000e-03 2.877400e-01
276 7.093880e-01 2.484000e-03 2.881280e-01
277 7.089680e-01 2.444000e-03 2.885880e-01
278 7.086520e-01 2.332000e-03 2.890160e-01
279 7.082800e-01 2.332000e-03 2.893880e-01
280 7.079200e-01 2.312000e-03 2.897680e-01
281 7.075360e-01 2.308000e-03 2.901560e-01
282 7.070920e-01 2.332000e-03 2.905760e-01
283 7.066120e-01 2.384000e-03 2.910040e-01
284 7.061280e-01 2.440000e-03 2.914320e-01
285 7.056960e-01 2.460000e-03 2.918440e-01
286 7.052200e-01 2.416000e-03 2.923640e-01
287 7.048440e-01 2.416000e-03 2.927400e-01
288 7.044360e-01 2.364000e-03 2.932000e-01
289 7.040480e-01 2.284000e-03 2.936680e-01
290 7.037400e-01 2.192000e-03 2.940680e-01
291 7.034840e-01 2.104000e-03 2.944120e-01
292 7.031600e-01 2.032000e-03 2.948080e-01
293 7.028280e-01 1.980000e-03 2.951920e-01
294 7.025000e-01 1.972000e-03 2.955280e-01
295 7.021680e-01 1.932000e-03 2.959000e-01
296 7.018400e-01 1.932000e-03 2.962280e-01
297 7.014840e-01 1.988000e-03 2.965280e-01
298 7.011160e-01 1.968000e-03 2.969160e-01
299 7.007760e-01 1.940000e-03 2.972840e-01
300 7.004600e-01 1.936000e-03 2.976040e-01
301 7.000920e-01 1.980000e-03 2.979280e-01
302 6.997160e-01 2.060000e-03 2.982240e-01
303 6.993520e-01 2.104000e-03 2.985440e-01
304 6.990240e-01 2.096000e-03 2.988800e-01
305 6.987200e-01 1.960000e-03 2.993200e-01
306 6.983800e-01 2.004000e-03 2.996160e-01
307 6.980960e-01 1.984000e-03 2.999200e-01
308 6.977680e-01 1.924000e-03 3.003080e-01
309 6.974840e-01 1.872000e-03 3.006440e-01
310 6.971720e-01 1.908000e-03 3.009200e-01
311 6.968360e-01 1.868000e-03 3.012960e-01
312 6.965760e-01 1.800000e-03 3.016240e-01
313 6.963280e-01 1.696000e-03 3.019760e-01
314 6.960240e-01 1.748000e-03 3.022280e-01
315 6.958320e-01 1.640000e-03 3.025280e-01
316 6.956000e-01 1.604000e-03 3.027960e-01
317 6.953240e-01 1.608000e-03 3.030680e-01
318 6.951080e-01 1.520000e-03 3.033720e-01
319 6.947480e-01 1.552000e-03 3.037000e-01
320 6.944000e-01 1.672000e-03 3.039280e-01
321 6.940200e-01 1.768000e-03 3.042120e-01
322 6.936800e-01 1.780000e-03 3.045400e-01
323 6.933560e-01 1.788000e-03 3.048560e-01
324 6.930640e-01 1.696000e-03 3.052400e-01
325 6.927920e-01 1.688000e-03 3.055200e-01
326 6.925720e-01 1.536000e-03 3.058920e-01
327 6.922680e-01 1.600000e-03 3.061320e-01
328 6.920000e-01 1.548000e-03 3.064520e-01
329 6.917600e-01 1.544000e-03 3.066960e-01
330 6.915280e-01 1.520000e-03 3.069520e-01
331 6.913200e-01 1.476000e-03 3.072040e-01
332 6.910920e-01 1.432000e-03 3.074760e-01
333 6.909160e-01 1.348000e-03 3.077360e-01
334 6.906800e-01 1.376000e-03 3.079440e-01
335 6.904960e-01 1.348000e-03 3.081560e-01
336 6.902640e-01 1.384000e-03 3.083520e-01
337 6.900760e-01 1.344000e-03 3.085800e-01
338 6.898760e-01 1.320000e-03 3.088040e-01
339 6.896680e-01 1.268000e-03 3.090640e-01
340 6.893840e-01 1.352000e-03 3.092640e-01
341 6.891640e-01 1.332000e-03 3.095040e-01
342 6.889080e-01 1.344000e-03 3.097480e-01
343 6.886320e-01 1.444000e-03 3.099240e-01
344 6.883400e-01 1.468000e-03 3.101920e-01
345 6.880960e-01 1.484000e-03 3.104200e-01
346 6.877880e-01 1.488000e-03 3.107240e-01
347 6.874840e-01 1.524000e-03 3.109920e-01
348 6.872240e-01 1.524000e-03 3.112520e-01
349 6.870160e-01 1.428000e-03 3.115560e-01
350 6.867960e-01 1.364000e-03 3.118400e-01
351 6.866400e-01 1.268000e-03 3.120920e-01
352 6.865240e-01 1.196000e-03 3.122800e-01
353 6.863720e-01 1.144000e-03 3.124840e-01
354 6.862440e-01 1.056000e-03 3.127000e-01
355 6.860960e-01 1.044000e-03 3.128600e-01
356 6.859160e-01 1.060000e-03 3.130240e-01
357 6.857440e-01 1.076000e-03 3.131800e-01
358 6.855560e-01 1.068000e-03 3.133760e-01
359 6.853960e-01 1.032000e-03 3.135720e-01
360 6.852600e-01 1.004000e-03 3.137360e-01
361 6.850840e-01 1.016000e-03 3.139000e-01
362 6.849200e-01 1.020000e-03 3.140600e-01
363 6.847640e-01 9.600000e-04 3.142760e-01
364 6.846160e-01 9.400000e-04 3.144440e-01
365 6.844800e-01 9.480000e-04 3.145720e-01
366 6.843480e-01 9.040000e-04 3.147480e-01
367 6.842120e-01 8.600000e-04 3.149280e-01
368 6.841200e-01 8.080000e-04 3.150720e-01
369 6.839880e-01 7.680000e-04 3.152440e-01
370 6.838680e-01 7.240000e-04 3.154080e-01
371 6.837080e-01 7.600000e-04 3.155320e-01
372 6.835160e-01 8.360000e-04 3.156480e-01
373 6.833720e-01 8.440000e-04 3.157840e-01
374 6.831760e-01 8.760000e-04 3.159480e-01
375 6.830240e-01 8.280000e-04 3.161480e-01
376 6.828880e-01 8.320000e-04 3.162800e-01
377 6.827760e-01 8.080000e-04 3.164160e-01
378 6.825800e-01 8.560000e-04 3.165640e-01
379 6.824440e-01 8.240000e-04 3.167320e-01
380 6.822640e-01 8.360000e-04 3.169000e-01
381 6.821600e-01 7.800000e-04 3.170600e-01
382 6.820440e-01 7.520000e-04 3.172040e-01
383 6.819080e-01 8.040000e-04 3.172880e-01
384 6.817680e-01 8.000000e-04 3.174320e-01
385 6.816000e-01 8.200000e-04 3.175800e-01
386 6.814880e-01 7.800000e-04 3.177320e-01
387 6.813240e-01 8.000000e-04 3.178760e-01
388 6.811440e-01 7.960000e-04 3.180600e-01
389 6.809800e-01 8.240000e-04 3.181960e-01
390 6.808840e-01 8.040000e-04 3.183120e-01
391 6.807120e-01 8.440000e-04 3.184440e-01
392 6.804880e-01 9.480000e-04 3.185640e-01
393 6.803040e-01 9.880000e-04 3.187080e-01
394 6.801000e-01 9.840000e-04 3.189160e-01
395 6.799160e-01 1.000000e-03 3.190840e-01
396 6.797400e-01 1.004000e-03 3.192560e-01
397 6.795480e-01 1.056000e-03 3.193960e-01
398 6.793000e-01 1.116000e-03 3.195840e-01
399 6.791400e-01 1.044000e-03 3.198160e-01
400 6.789120e-01 1.128000e-03 3.199600e-01
401 6.787080e-01 1.136000e-03 3.201560e-01
402 6.784760e-01 1.164000e-03 3.203600e-01
403 6.782680e-01 1.200000e-03 3.205320e-01
404 6.780800e-01 1.180000e-03 3.207400e-01
405 6.778400e-01 1.196000e-03 3.209640e-01
406 6.775480e-01 1.300000e-03 3.211520e-01
407 6.772880e-01 1.288000e-03 3.214240e-01
408 6.770400e-01 1.276000e-03 3.216840e-01
409 6.767560e-01 1.348000e-03 3.218960e-01
410 6.764600e-01 1.444000e-03 3.220960e-01
411 6.761880e-01 1.456000e-03 3.223560e-01
412 6.759920e-01 1.396000e-03 3.226120e-01
413 6.757240e-01 1.440000e-03 3.228360e-01
414 6.754200e-01 1.436000e-03 3.231440e-01
415 6.752040e-01 1.336000e-03 3.234600e-01
416 6.749960e-01 1.352000e-03 3.236520e-01
417 6.747440e-01 1.340000e-03 3.239160e-01
418 6.745880e-01 1.260000e-03 3.241520e-01
419 6.744040e-01 1.236000e-03 3.243600e-01
420 6.742480e-01 1.152000e-03 3.246000e-01
421 6.740880e-01 1.152000e-03 3.247600e-01
422 6.739240e-01 1.112000e-03 3.249640e-01
423 6.736800e-01 1.192000e-03 3.251280e-01
424 6.734000e-01 1.256000e-03 3.253440e-01
425 6.732000e-01 1.184000e-03 3.256160e-01
426 6.730040e-01 1.168000e-03 3.258280e-01
427 6.727920e-01 1.168000e-03 3.260400e-01
428 6.726480e-01 1.100000e-03 3.262520e-01
429 6.724440e-01 1.092000e-03 3.264640e-01
430 6.722880e-01 1.028000e-03 3.266840e-01
431 6.721160e-01 1.020000e-03 3.268640e-01
432 6.719200e-01 1.064000e-03 3.270160e-01
433 6.717480e-01 1.056000e-03 3.271960e-01
434 6.715920e-01 1.036000e-03 3.273720e-01
435 6.714480e-01 9.240000e-04 3.276280e-01
436 6.712480e-01 9.600000e-04 3.277920e-01
437 6.710800e-01 1.004000e-03 3.279160e-01
438 6.708680e-01 1.024000e-03 3.281080e-01
439 6.706960e-01 1.020000e-03 3.282840e-01
440 6.704960e-01 1.036000e-03 3.284680e-01
441 6.703120e-01 9.920000e-04 3.286960e-01
442 6.701320e-01 1.016000e-03 3.288520e-01
443 6.699520e-01 9.760000e-04 3.290720e-01
444 6.697480e-01 1.036000e-03 3.292160e-01
445 6.695480e-01 1.048000e-03 3.294040e-01
446 6.693120e-01 1.088000e-03 3.296000e-01
447 6.691320e-01 1.092000e-03 3.297760e-01
448 6.689320e-01 1.096000e-03 3.299720e-01
449 6.687960e-01 1.032000e-03 3.301720e-01
450 6.686120e-01 9.960000e-04 3.303920e-01
451 6.685080e-01 9.520000e-04 3.305400e-01
452 6.683280e-01 9.520000e-04 3.307200e-01
453 6.682240e-01 8.760000e-04 3.309000e-01
454 6.681360e-01 8.080000e-04 3.310560e-01
455 6.679960e-01 8.040000e-04 3.312000e-01
456 6.678520e-01 8.000000e-04 3.313480e-01
457 6.676840e-01 8.440000e-04 3.314720e-01
458 6.675560e-01 8.240000e-04 3.316200e-01
459 6.674120e-01 8.080000e-04 3.317800e-01
460 6.672800e-01 8.320000e-04 3.318880e-01
461 6.671200e-01 8.560000e-04 3.320240e-01
462 6.669240e-01 9.160000e-04 3.321600e-01
463 6.667440e-01 9.480000e-04 3.323080e-01
464 6.666000e-01 9.920000e-04 3.324080e-01
465 6.664360e-01 9.560000e-04 3.326080e-01
466 6.662120e-01 9.880000e-04 3.328000e-01
467 6.660440e-01 1.020000e-03 3.329360e-01
468 6.658880e-01 9.880000e-04 3.331240e-01
469 6.657320e-01 9.600000e-04 3.333080e-01
470 6.655680e-01 9.680000e-04 3.334640e-01
471 6.654120e-01 9.400000e-04 3.336480e-01
472 6.652120e-01 9.880000e-04 3.338000e-01
473 6.650560e-01 9.600000e-04 3.339840e-01
474 6.649000e-01 9.560000e-04 3.341440e-01
475 6.646720e-01 1.008000e-03 3.343200e-01
476 6.644520e-01 1.036000e-03 3.345120e-01
477 6.642800e-01 1.048000e-03 3.346720e-01
478 6.641200e-01 1.040000e-03 3.348400e-01
479 6.639480e-01 1.056000e-03 3.349960e-01
480 6.638240e-01 9.960000e-04 3.351800e-01
481 6.636680e-01 9.560000e-04 3.353760e-01
482 6.635280e-01 9.360000e-04 3.355360e-01
483 6.633320e-01 9.640000e-04 3.357040e-01
484 6.631480e-01 9.960000e-04 3.358560e-01
485 6.630040e-01 9.520000e-04 3.360440e-01
486 6.628080e-01 9.880000e-04 3.362040e-01
487 6.626000e-01 1.068000e-03 3.363320e-01
488 6.623880e-01 1.124000e-03 3.364880e-01
489 6.621280e-01 1.204000e-03 3.366680e-01
490 6.619600e-01 1.232000e-03 3.368080e-01
491 6.617640e-01 1.208000e-03 3.370280e-01
492 6.616320e-01 1.088000e-03 3.372800e-01
493 6.614800e-01 1.056000e-03 3.374640e-01
494 6.613320e-01 1.004000e-03 3.376640e-01
495 6.611840e-01 9.680000e-04 3.378480e-01
496 6.610640e-01 9.240000e-04 3.380120e-01
497 6.609280e-01 8.880000e-04 3.381840e-01
498 6.608120e-01 8.800000e-04 3.383080e-01
499 6.607120e-01 7.760000e-04 3.385120e-01
500 6.606080e-01 7.600000e-04 3.386320e-01
