1 9.992080e-01 7.120000e-04 8.000000e-05
2 9.987960e-01 1.000000e-03 2.040000e-04
3 9.982520e-01 1.368000e-03 3.800000e-04
4 9.975640e-01 1.804000e-03 6.320000e-04
5 9.968000e-01 2.236000e-03 9.640000e-04
6 9.958040e-01 2.864000e-03 1.332000e-03
7 9.949200e-01 3.216000e-03 1.864000e-03
8 9.938480e-01 3.720000e-03 2.432000e-03
9 9.928080e-01 4.032000e-03 3.160000e-03
10 9.916520e-01 4.384000e-03 3.964000e-03
11 9.905880e-01 4.632000e-03 4.780000e-03
12 9.894480e-01 4.936000e-03 5.616000e-03
13 9.882000e-01 5.324000e-03 6.476000e-03
14 9.871040e-01 5.544000e-03 7.352000e-03
15 9.857680e-01 5.968000e-03 8.264000e-03
16 9.846000e-01 6.080000e-03 9.320000e-03
17 9.831840e-01 6.424000e-03 1.039200e-02
18 9.818400e-01 6.584000e-03 1.157600e-02
19 9.803880e-01 6.948000e-03 1.266400e-02
20 9.790160e-01 7.164000e-03 1.382000e-02
21 9.775240e-01 7.316000e-03 1.516000e-02
22 9.761560e-01 7.352000e-03 1.649200e-02
23 9.748080e-01 7.452000e-03 1.774000e-02
24 9.733040e-01 7.516000e-03 1.918000e-02
25 9.719600e-01 7.536000e-03 2.050400e-02
26 9.704920e-01 7.604000e-03 2.190400e-02
27 9.690800e-01 7.728000e-03 2.319200e-02
28 9.676400e-01 7.804000e-03 2.455600e-02
29 9.661400e-01 7.924000e-03 2.593600e-02
30 9.645680e-01 8.072000e-03 2.736000e-02
31 9.630840e-01 8.084000e-03 2.883200e-02
32 9.614440e-01 8.376000e-03 3.018000e-02
33 9.598560e-01 8.500000e-03 3.164400e-02
34 9.583400e-01 8.456000e-03 3.320400e-02
35 9.567080e-01 8.564000e-03 3.472800e-02
36 9.551920e-01 8.636000e-03 3.617200e-02
37 9.535640e-01 8.860000e-03 3.757600e-02
38 9.521000e-01 8.704000e-03 3.919600e-02
39 9.505720e-01 8.656000e-03 4.077200e-02
40 9.490520e-01 8.676000e-03 4.227200e-02
41 9.475920e-01 8.624000e-03 4.378400e-02
42 9.460560e-01 8.600000e-03 4.534400e-02
43 9.444680e-01 8.592000e-03 4.694000e-02
44 9.428600e-01 8.708000e-03 4.843200e-02
45 9.411600e-01 8.796000e-03 5.004400e-02
46 9.395200e-01 8.772000e-03 5.170800e-02
47 9.379200e-01 8.744000e-03 5.333600e-02
48 9.363640e-01 8.744000e-03 5.489200e-02
49 9.347520e-01 8.968000e-03 5.628000e-02
50 9.331520e-01 9.088000e-03 5.776000e-02
51 9.315320e-01 9.060000e-03 5.940800e-02
52 9.300520e-01 9.060000e-03 6.088800e-02
53 9.285840e-01 8.960000e-03 6.245600e-02
54 9.271600e-01 8.756000e-03 6.408400e-02
55 9.256480e-01 8.600000e-03 6.575200e-02
56 9.241840e-01 8.692000e-03 6.712400e-02
57 9.225680e-01 8.844000e-03 6.858800e-02
58 9.210240e-01 8.868000e-03 7.010800e-02
59 9.194880e-01 8.940000e-03 7.157200e-02
60 9.178320e-01 9.140000e-03 7.302800e-02
61 9.161760e-01 9.216000e-03 7.460800e-02
62 9.145320e-01 9.284000e-03 7.618400e-02
63 9.129200e-01 9.288000e-03 7.779200e-02
64 9.112640e-01 9.188000e-03 7.954800e-02
65 9.095440e-01 9.288000e-03 8.116800e-02
66 9.078320e-01 9.300000e-03 8.286800e-02
67 9.060720e-01 9.420000e-03 8.450800e-02
68 9.043640e-01 9.584000e-03 8.605200e-02
69 9.028000e-01 9.516000e-03 8.768400e-02
70 9.010840e-01 9.560000e-03 8.935600e-02
71 8.993360e-01 9.544000e-03 9.112000e-02
72 8.977640e-01 9.532000e-03 9.270400e-02
73 8.962120e-01 9.364000e-03 9.442400e-02
74 8.946600e-01 9.204000e-03 9.613600e-02
75 8.930160e-01 9.232000e-03 9.775200e-02
76 8.916040e-01 9.120000e-03 9.927600e-02
77 8.901800e-01 8.976000e-03 1.008440e-01
78 8.886800e-01 8.916000e-03 1.024040e-01
79 8.870600e-01 9.012000e-03 1.039280e-01
80 8.855120e-01 8.908000e-03 1.055800e-01
81 8.839720e-01 8.752000e-03 1.072760e-01
82 8.822760e-01 8.816000e-03 1.089080e-01
83 8.807720e-01 8.800000e-03 1.104280e-01
84 8.792280e-01 8.808000e-03 1.119640e-01
85 8.777800e-01 8.784000e-03 1.134360e-01
86 8.762280e-01 8.796000e-03 1.149760e-01
87 8.747120e-01 8.804000e-03 1.164840e-01
88 8.731000e-01 8.888000e-03 1.180120e-01
89 8.714960e-01 8.780000e-03 1.197240e-01
90 8.701480e-01 8.636000e-03 1.212160e-01
91 8.686880e-01 8.528000e-03 1.227840e-01
92 8.673080e-01 8.444000e-03 1.242480e-01
93 8.658520e-01 8.528000e-03 1.256200e-01
94 8.642640e-01 8.496000e-03 1.272400e-01
95 8.627520e-01 8.360000e-03 1.288880e-01
96 8.616160e-01 8.080000e-03 1.303040e-01
97 8.602120e-01 8.100000e-03 1.316880e-01
98 8.588880e-01 7.804000e-03 1.333080e-01
99 8.575680e-01 7.716000e-03 1.347160e-01
100 8.562040e-01 7.832000e-03 1.359640e-01
101 8.548160e-01 7.804000e-03 1.373800e-01
102 8.534120e-01 7.868000e-03 1.387200e-01
103 8.521400e-01 7.732000e-03 1.401280e-01
104 8.507680e-01 7.680000e-03 1.415520e-01
105 8.495640e-01 7.516000e-03 1.429200e-01
106 8.482040e-01 7.504000e-03 1.442920e-01
107 8.469880e-01 7.332000e-03 1.456800e-01
108 8.458400e-01 7.192000e-03 1.469680e-01
109 8.445880e-01 7.248000e-03 1.481640e-01
110 8.433160e-01 7.276000e-03 1.494080e-01
111 8.419240e-01 7.296000e-03 1.507800e-01
112 8.405800e-01 7.336000e-03 1.520840e-01
113 8.393400e-01 7.304000e-03 1.533560e-01
114 8.380800e-01 7.332000e-03 1.545880e-01
115 8.367920e-01 7.440000e-03 1.557680e-01
116 8.354080e-01 7.584000e-03 1.570080e-01
117 8.341160e-01 7.524000e-03 1.583600e-01
118 8.329520e-01 7.452000e-03 1.595960e-01
119 8.317040e-01 7.360000e-03 1.609360e-01
120 8.304920e-01 7.304000e-03 1.622040e-01
121 8.292600e-01 7.268000e-03 1.634720e-01
122 8.280800e-01 7.236000e-03 1.646840e-01
123 8.269760e-01 7.012000e-03 1.660120e-01
124 8.257760e-01 6.988000e-03 1.672360e-01
125 8.246880e-01 6.928000e-03 1.683840e-01
126 8.237200e-01 6.688000e-03 1.695920e-01
127 8.227320e-01 6.512000e-03 1.707560e-01
128 8.217440e-01 6.356000e-03 1.719000e-01
129 8.206320e-01 6.376000e-03 1.729920e-01
130 8.196000e-01 6.336000e-03 1.740640e-01
131 8.185280e-01 6.220000e-03 1.752520e-01
132 8.175640e-01 6.044000e-03 1.763920e-01
133 8.166800e-01 5.868000e-03 1.774520e-01
134 8.155920e-01 5.948000e-03 1.784600e-01
135 8.144960e-01 6.108000e-03 1.793960e-01
136 8.134120e-01 6.068000e-03 1.805200e-01
137 8.125080e-01 5.944000e-03 1.815480e-01
138 8.114600e-01 5.968000e-03 1.825720e-01
139 8.103680e-01 6.004000e-03 1.836280e-01
140 8.093200e-01 5.884000e-03 1.847960e-01
141 8.081520e-01 6.024000e-03 1.858240e-01
142 8.071560e-01 5.968000e-03 1.868760e-01
143 8.061880e-01 5.892000e-03 1.879200e-01
144 8.051360e-01 5.964000e-03 1.889000e-01
145 8.042280e-01 5.788000e-03 1.899840e-01
146 8.032680e-01 5.824000e-03 1.909080e-01
147 8.022720e-01 5.696000e-03 1.920320e-01
148 8.012000e-01 5.676000e-03 1.931240e-01
149 8.001760e-01 5.712000e-03 1.941120e-01
150 7.991000e-01 5.704000e-03 1.951960e-01
151 7.979000e-01 5.928000e-03 1.961720e-01
152 7.968360e-01 5.900000e-03 1.972640e-01
153 7.957440e-01 5.896000e-03 1.983600e-01
154 7.947080e-01 5.940000e-03 1.993520e-01
155 7.935000e-01 6.156000e-03 2.003440e-01
156 7.922120e-01 6.348000e-03 2.014400e-01
157 7.910920e-01 6.332000e-03 2.025760e-01
158 7.900280e-01 6.284000e-03 2.036880e-01
159 7.889040e-01 6.344000e-03 2.047520e-01
160 7.878720e-01 6.320000e-03 2.058080e-01
161 7.866880e-01 6.468000e-03 2.068440e-01
162 7.855920e-01 6.400000e-03 2.080080e-01
163 7.843560e-01 6.456000e-03 2.091880e-01
164 7.832000e-01 6.428000e-03 2.103720e-01
165 7.820720e-01 6.432000e-03 2.114960e-01
166 7.809360e-01 6.492000e-03 2.125720e-01
167 7.797160e-01 6.596000e-03 2.136880e-01
168 7.785560e-01 6.604000e-03 2.148400e-01
169 7.773680e-01 6.568000e-03 2.160640e-01
170 7.762160e-01 6.496000e-03 2.172880e-01
171 7.748400e-01 6.736000e-03 2.184240e-01
172 7.736080e-01 6.856000e-03 2.195360e-01
173 7.725000e-01 6.784000e-03 2.207160e-01
174 7.713360e-01 6.772000e-03 2.218920e-01
175 7.703440e-01 6.588000e-03 2.230680e-01
176 7.691160e-01 6.568000e-03 2.243160e-01
177 7.679320e-01 6.600000e-03 2.254680e-01
178 7.668400e-01 6.556000e-03 2.266040e-01
179 7.655800e-01 6.552000e-03 2.278680e-01
180 7.645640e-01 6.460000e-03 2.289760e-01
181 7.634600e-01 6.524000e-03 2.300160e-01
182 7.624760e-01 6.296000e-03 2.312280e-01
183 7.614400e-01 6.192000e-03 2.323680e-01
184 7.603760e-01 6.180000e-03 2.334440e-01
185 7.593040e-01 6.188000e-03 2.345080e-01
186 7.583480e-01 6.040000e-03 2.356120e-01
187 7.573120e-01 5.976000e-03 2.367120e-01
188 7.563280e-01 5.932000e-03 2.377400e-01
189 7.552960e-01 5.880000e-03 2.388240e-01
190 7.542960e-01 5.936000e-03 2.397680e-01
191 7.535080e-01 5.640000e-03 2.408520e-01
192 7.525600e-01 5.560000e-03 2.418800e-01
193 7.517960e-01 5.376000e-03 2.428280e-01
194 7.509400e-01 5.276000e-03 2.437840e-01
195 7.501200e-01 5.152000e-03 2.447280e-01
196 7.491760e-01 5.192000e-03 2.456320e-01
197 7.482960e-01 5.200000e-03 2.465040e-01
198 7.474520e-01 5.124000e-03 2.474240e-01
199 7.466120e-01 5.076000e-03 2.483120e-01
200 7.458400e-01 4.980000e-03 2.491800e-01
201 7.449720e-01 4.992000e-03 2.500360e-01
202 7.441400e-01 4.868000e-03 2.509920e-01
203 7.433840e-01 4.764000e-03 2.518520e-01
204 7.426600e-01 4.656000e-03 2.526840e-01
205 7.419400e-01 4.520000e-03 2.535400e-01
206 7.411480e-01 4.512000e-03 2.543400e-01
207 7.403280e-01 4.512000e-03 2.551600e-01
208 7.396280e-01 4.452000e-03 2.559200e-01
209 7.388200e-01 4.512000e-03 2.566680e-01
210 7.378960e-01 4.716000e-03 2.573880e-01
211 7.371520e-01 4.676000e-03 2.581720e-01
212 7.363280e-01 4.636000e-03 2.590360e-01
213 7.355000e-01 4.656000e-03 2.598440e-01
214 7.347160e-01 4.640000e-03 2.606440e-01
215 7.339240e-01 4.616000e-03 2.614600e-01
216 7.331040e-01 4.596000e-03 2.623000e-01
217 7.323160e-01 4.516000e-03 2.631680e-01
218 7.315160e-01 4.388000e-03 2.640960e-01
219 7.307840e-01 4.336000e-03 2.648800e-01
220 7.300440e-01 4.320000e-03 2.656360e-01
221 7.293280e-01 4.324000e-03 2.663480e-01
222 7.285320e-01 4.304000e-03 2.671640e-01
223 7.277720e-01 4.380000e-03 2.678480e-01
224 7.269800e-01 4.372000e-03 2.686480e-01
225 7.262440e-01 4.236000e-03 2.695200e-01
226 7.255080e-01 4.292000e-03 2.702000e-01
227 7.247280e-01 4.280000e-03 2.709920e-01
228 7.240240e-01 4.252000e-03 2.717240e-01
229 7.232680e-01 4.312000e-03 2.724200e-01
230 7.225040e-01 4.260000e-03 2.732360e-01
231 7.218320e-01 4.184000e-03 2.739840e-01
232 7.210640e-01 4.288000e-03 2.746480e-01
233 7.202880e-01 4.348000e-03 2.753640e-01
234 7.195960e-01 4.296000e-03 2.761080e-01
235 7.189480e-01 4.108000e-03 2.769440e-01
236 7.183120e-01 4.036000e-03 2.776520e-01
237 7.176760e-01 3.988000e-03 2.783360e-01
238 7.169720e-01 3.996000e-03 2.790320e-01
239 7.163400e-01 3.940000e-03 2.797200e-01
240 7.156680e-01 3.928000e-03 2.804040e-01
241 7.149920e-01 3.952000e-03 2.810560e-01
242 7.143600e-01 3.836000e-03 2.818040e-01
243 7.136880e-01 3.896000e-03 2.824160e-01
244 7.131040e-01 3.816000e-03 2.830800e-01
245 7.125240e-01 3.664000e-03 2.838120e-01
246 7.119120e-01 3.596000e-03 2.844920e-01
247 7.113040e-01 3.532000e-03 2.851640e-01
248 7.107520e-01 3.448000e-03 2.858000e-01
249 7.101800e-01 3.416000e-03 2.864040e-01
250 7.096880e-01 3.328000e-03 2.869840e-01
251 7.091160e-01 3.300000e-03 2.875840e-01
252 7.085760e-01 3.256000e-03 2.881680e-01
253 7.080120e-01 3.184000e-03 2.888040e-01
254 7.074240e-01 3.180000e-03 2.893960e-01
255 7.068360e-01 3.164000e-03 2.900000e-01
256 7.062520e-01 3.160000e-03 2.905880e-01
257 7.058720e-01 2.956000e-03 2.911720e-01
258 7.054360e-01 2.916000e-03 2.916480e-01
259 7.049200e-01 2.876000e-03 2.922040e-01
260 7.044640e-01 2.836000e-03 2.927000e-01
261 7.040800e-01 2.744000e-03 2.931760e-01
262 7.036480e-01 2.728000e-03 2.936240e-01
263 7.032560e-01 2.616000e-03 2.941280e-01
264 7.028360e-01 2.564000e-03 2.946000e-01
265 7.024200e-01 2.464000e-03 2.951160e-01
266 7.019520e-01 2.508000e-03 2.955400e-01
267 7.015720e-01 2.500000e-03 2.959280e-01
268 7.011560e-01 2.492000e-03 2.963520e-01
269 7.007240e-01 2.500000e-03 2.967760e-01
270 7.003640e-01 2.368000e-03 2.972680e-01
271 7.000400e-01 2.240000e-03 2.977200e-01
272 6.997080e-01 2.140000e-03 2.981520e-01
273 6.994240e-01 2.096000e-03 2.984800e-01
274 6.990840e-01 2.100000e-03 2.988160e-01
275 6.987360e-01 2.032000e-03 2.992320e-01
276 6.984600e-01 1.996000e-03 2.995440e-01
277 6.981320e-01 1.908000e-03 2.999600e-01
278 6.978040e-01 1.956000e-03 3.002400e-01
279 6.974040e-01 2.032000e-03 3.005640e-01
280 6.969880e-01 2.112000e-03 3.009000e-01
281 6.965080e-01 2.264000e-03 3.012280e-01
282 6.961160e-01 2.304000e-03 3.015800e-01
283 6.957720e-01 2.176000e-03 3.020520e-01
284 6.954160e-01 2.148000e-03 3.024360e-01
285 6.951000e-01 2.148000e-03 3.027520e-01
286 6.947080e-01 2.196000e-03 3.030960e-01
287 6.943600e-01 2.204000e-03 3.034360e-01
288 6.939880e-01 2.136000e-03 3.038760e-01
289 6.936480e-01 2.128000e-03 3.042240e-01
290 6.932680e-01 2.148000e-03 3.045840e-01
291 6.929360e-01 2.148000e-03 3.049160e-01
292 6.925600e-01 2.116000e-03 3.053240e-01
293 6.921440e-01 2.196000e-03 3.056600e-01
294 6.918560e-01 2.124000e-03 3.060200e-01
295 6.914680e-01 2.196000e-03 3.063360e-01
296 6.911440e-01 2.140000e-03 3.067160e-01
297 6.908480e-01 2.068000e-03 3.070840e-01
298 6.905880e-01 1.984000e-03 3.074280e-01
299 6.903000e-01 1.980000e-03 3.077200e-01
300 6.899560e-01 2.040000e-03 3.080040e-01
301 6.895920e-01 2.032000e-03 3.083760e-01
302 6.892560e-01 2.044000e-03 3.087000e-01
303 6.888360e-01 2.132000e-03 3.090320e-01
304 6.884600e-01 2.144000e-03 3.093960e-01
305 6.879960e-01 2.232000e-03 3.097720e-01
306 6.875880e-01 2.232000e-03 3.101800e-01
307 6.871800e-01 2.236000e-03 3.105840e-01
308 6.868040e-01 2.268000e-03 3.109280e-01
309 6.863280e-01 2.332000e-03 3.113400e-01
310 6.858040e-01 2.428000e-03 3.117680e-01
311 6.854600e-01 2.324000e-03 3.122160e-01
312 6.850440e-01 2.304000e-03 3.126520e-01
313 6.845920e-01 2.356000e-03 3.130520e-01
314 6.841880e-01 2.388000e-03 3.134240e-01
315 6.837080e-01 2.472000e-03 3.138200e-01
316 6.833160e-01 2.392000e-03 3.142920e-01
317 6.829440e-01 2.348000e-03 3.147080e-01
318 6.825880e-01 2.312000e-03 3.151000e-01
319 6.821320e-01 2.336000e-03 3.155320e-01
320 6.817440e-01 2.336000e-03 3.159200e-01
321 6.813800e-01 2.180000e-03 3.164400e-01
322 6.810080e-01 2.188000e-03 3.168040e-01
323 6.806600e-01 2.144000e-03 3.171960e-01
324 6.802840e-01 2.200000e-03 3.175160e-01
325 6.798480e-01 2.244000e-03 3.179080e-01
326 6.795080e-01 2.180000e-03 3.183120e-01
327 6.791560e-01 2.164000e-03 3.186800e-01
328 6.788280e-01 2.080000e-03 3.190920e-01
329 6.785240e-01 1.980000e-03 3.194960e-01
330 6.782360e-01 1.856000e-03 3.199080e-01
331 6.779520e-01 1.796000e-03 3.202520e-01
332 6.776840e-01 1.764000e-03 3.205520e-01
333 6.773840e-01 1.740000e-03 3.208760e-01
334 6.770920e-01 1.680000e-03 3.212280e-01
335 6.767560e-01 1.740000e-03 3.215040e-01
336 6.764280e-01 1.708000e-03 3.218640e-01
337 6.761720e-01 1.692000e-03 3.221360e-01
338 6.758760e-01 1.680000e-03 3.224440e-01
339 6.756200e-01 1.656000e-03 3.227240e-01
340 6.753920e-01 1.656000e-03 3.229520e-01
341 6.752000e-01 1.568000e-03 3.232320e-01
342 6.749680e-01 1.484000e-03 3.235480e-01
343 6.747560e-01 1.452000e-03 3.237920e-01
344 6.745400e-01 1.384000e-03 3.240760e-01
345 6.743200e-01 1.344000e-03 3.243360e-01
346 6.741040e-01 1.328000e-03 3.245680e-01
347 6.738560e-01 1.320000e-03 3.248240e-01
348 6.737000e-01 1.236000e-03 3.250640e-01
349 6.734880e-01 1.232000e-03 3.252800e-01
350 6.733640e-01 1.156000e-03 3.254800e-01
351 6.731520e-01 1.192000e-03 3.256560e-01
352 6.729240e-01 1.212000e-03 3.258640e-01
353 6.726800e-01 1.216000e-03 3.261040e-01
354 6.724600e-01 1.232000e-03 3.263080e-01
355 6.722360e-01 1.216000e-03 3.265480e-01
356 6.720000e-01 1.260000e-03 3.267400e-01
357 6.717600e-01 1.240000e-03 3.270000e-01
358 6.715440e-01 1.252000e-03 3.272040e-01
359 6.713320e-01 1.224000e-03 3.274440e-01
360 6.711200e-01 1.184000e-03 3.276960e-01
361 6.709600e-01 1.116000e-03 3.279240e-01
362 6.707600e-01 1.140000e-03 3.281000e-01
363 6.706040e-01 1.088000e-03 3.283080e-01
364 6.704920e-01 1.028000e-03 3.284800e-01
365 6.703720e-01 9.720000e-04 3.286560e-01
366 6.702120e-01 9.760000e-04 3.288120e-01
367 6.700720e-01 9.280000e-04 3.290000e-01
368 6.699240e-01 9.200000e-04 3.291560e-01
369 6.697760e-01 9.480000e-04 3.292760e-01
370 6.695840e-01 9.600000e-04 3.294560e-01
371 6.693920e-01 9.960000e-04 3.296120e-01
372 6.692000e-01 1.012000e-03 3.297880e-01
373 6.690000e-01 1.044000e-03 3.299560e-01
374 6.687960e-01 1.048000e-03 3.301560e-01
375 6.685600e-01 1.092000e-03 3.303480e-01
376 6.683080e-01 1.116000e-03 3.305760e-01
377 6.681320e-01 1.136000e-03 3.307320e-01
378 6.679640e-01 1.100000e-03 3.309360e-01
379 6.678120e-01 1.100000e-03 3.310880e-01
380 6.676400e-01 1.060000e-03 3.313000e-01
381 6.674920e-01 1.036000e-03 3.314720e-01
382 6.672560e-01 1.084000e-03 3.316600e-01
383 6.670440e-01 1.124000e-03 3.318320e-01
384 6.668040e-01 1.180000e-03 3.320160e-01
385 6.665440e-01 1.244000e-03 3.322120e-01
386 6.663280e-01 1.228000e-03 3.324440e-01
387 6.660920e-01 1.272000e-03 3.326360e-01
388 6.658880e-01 1.268000e-03 3.328440e-01
389 6.656760e-01 1.264000e-03 3.330600e-01
390 6.654320e-01 1.268000e-03 3.333000e-01
391 6.652640e-01 1.220000e-03 3.335160e-01
392 6.649960e-01 1.312000e-03 3.336920e-01
393 6.647920e-01 1.248000e-03 3.339600e-01
394 6.645760e-01 1.260000e-03 3.341640e-01
395 6.643960e-01 1.220000e-03 3.343840e-01
396 6.641920e-01 1.264000e-03 3.345440e-01
397 6.639360e-01 1.276000e-03 3.347880e-01
398 6.636920e-01 1.272000e-03 3.350360e-01
399 6.634120e-01 1.296000e-03 3.352920e-01
400 6.631760e-01 1.296000e-03 3.355280e-01
401 6.629800e-01 1.248000e-03 3.357720e-01
402 6.627520e-01 1.236000e-03 3.360120e-01
403 6.625920e-01 1.208000e-03 3.362000e-01
404 6.623440e-01 1.280000e-03 3.363760e-01
405 6.621000e-01 1.324000e-03 3.365760e-01
406 6.618480e-01 1.364000e-03 3.367880e-01
407 6.616360e-01 1.332000e-03 3.370320e-01
408 6.614280e-01 1.368000e-03 3.372040e-01
409 6.612280e-01 1.316000e-03 3.374560e-01
410 6.610080e-01 1.320000e-03 3.376720e-01
411 6.608240e-01 1.256000e-03 3.379200e-01
412 6.605760e-01 1.252000e-03 3.381720e-01
413 6.603840e-01 1.212000e-03 3.384040e-01
414 6.602840e-01 1.136000e-03 3.385800e-01
415 6.601000e-01 1.144000e-03 3.387560e-01
416 6.599680e-01 1.064000e-03 3.389680e-01
417 6.598840e-01 9.840000e-04 3.391320e-01
418 6.597720e-01 8.960000e-04 3.393320e-01
419 6.596720e-01 8.640000e-04 3.394640e-01
420 6.595400e-01 8.400000e-04 3.396200e-01
421 6.594120e-01 8.160000e-04 3.397720e-01
422 6.592720e-01 8.040000e-04 3.399240e-01
423 6.591360e-01 8.000000e-04 3.400640e-01
424 6.590120e-01 7.560000e-04 3.402320e-01
425 6.588960e-01 7.400000e-04 3.403640e-01
426 6.587920e-01 7.160000e-04 3.404920e-01
427 6.586680e-01 7.280000e-04 3.406040e-01
428 6.585240e-01 7.720000e-04 3.407040e-01
429 6.584160e-01 7.640000e-04 3.408200e-01
430 6.582960e-01 7.240000e-04 3.409800e-01
431 6.581440e-01 7.560000e-04 3.411000e-01
432 6.580200e-01 7.760000e-04 3.412040e-01
433 6.578880e-01 7.600000e-04 3.413520e-01
434 6.577160e-01 7.920000e-04 3.414920e-01
435 6.576080e-01 7.840000e-04 3.416080e-01
436 6.575120e-01 7.040000e-04 3.417840e-01
437 6.573960e-01 7.000000e-04 3.419040e-01
438 6.572880e-01 6.760000e-04 3.420360e-01
439 6.571640e-01 6.440000e-04 3.421920e-01
440 6.570240e-01 6.960000e-04 3.422800e-01
441 6.569120e-01 6.760000e-04 3.424120e-01
442 6.567960e-01 6.960000e-04 3.425080e-01
443 6.566880e-01 6.800000e-04 3.426320e-01
444 6.566120e-01 6.600000e-04 3.427280e-01
445 6.565320e-01 6.600000e-04 3.428080e-01
446 6.564200e-01 6.680000e-04 3.429120e-01
447 6.562920e-01 6.760000e-04 3.430320e-01
448 6.561640e-01 6.880000e-04 3.431480e-01
449 6.560200e-01 7.160000e-04 3.432640e-01
450 6.558400e-01 7.800000e-04 3.433800e-01
451 6.557800e-01 7.160000e-04 3.435040e-01
452 6.556680e-01 7.000000e-04 3.436320e-01
453 6.555360e-01 7.080000e-04 3.437560e-01
454 6.553920e-01 7.120000e-04 3.438960e-01
455 6.552920e-01 6.320000e-04 3.440760e-01
456 6.552000e-01 5.760000e-04 3.442240e-01
457 6.551120e-01 5.360000e-04 3.443520e-01
458 6.550240e-01 5.600000e-04 3.444160e-01
459 6.549040e-01 6.040000e-04 3.444920e-01
460 6.548200e-01 5.840000e-04 3.445960e-01
461 6.546960e-01 5.760000e-04 3.447280e-01
462 6.546080e-01 5.640000e-04 3.448280e-01
463 6.545160e-01 5.400000e-04 3.449440e-01
464 6.544200e-01 5.600000e-04 3.450200e-01
465 6.543120e-01 5.920000e-04 3.450960e-01
466 6.541800e-01 6.200000e-04 3.452000e-01
467 6.540440e-01 6.600000e-04 3.452960e-01
468 6.538720e-01 6.960000e-04 3.454320e-01
469 6.537360e-01 7.160000e-04 3.455480e-01
470 6.535840e-01 7.440000e-04 3.456720e-01
471 6.535160e-01 7.160000e-04 3.457680e-01
472 6.533560e-01 7.120000e-04 3.459320e-01
473 6.532640e-01 6.560000e-04 3.460800e-01
474 6.531600e-01 6.600000e-04 3.461800e-01
475 6.529880e-01 6.920000e-04 3.463200e-01
476 6.528640e-01 7.000000e-04 3.464360e-01
477 6.527120e-01 7.440000e-04 3.465440e-01
478 6.525480e-01 7.840000e-04 3.466680e-01
479 6.523520e-01 8.680000e-04 3.467800e-01
480 6.521640e-01 9.040000e-04 3.469320e-01
481 6.519880e-01 9.520000e-04 3.470600e-01
482 6.517960e-01 9.600000e-04 3.472440e-01
483 6.515760e-01 9.760000e-04 3.474480e-01
484 6.514080e-01 9.680000e-04 3.476240e-01
485 6.512480e-01 1.004000e-03 3.477480e-01
486 6.510600e-01 9.880000e-04 3.479520e-01
487 6.508880e-01 9.840000e-04 3.481280e-01
488 6.506800e-01 9.960000e-04 3.483240e-01
489 6.505080e-01 9.720000e-04 3.485200e-01
490 6.503160e-01 1.016000e-03 3.486680e-01
491 6.501360e-01 1.056000e-03 3.488080e-01
492 6.499720e-01 1.040000e-03 3.489880e-01
493 6.498240e-01 1.036000e-03 3.491400e-01
494 6.496360e-01 1.052000e-03 3.493120e-01
495 6.494480e-01 1.024000e-03 3.495280e-01
496 6.493040e-01 9.400000e-04 3.497560e-01
497 6.491320e-01 9.360000e-04 3.499320e-01
498 6.489760e-01 9.640000e-04 3.500600e-01
499 6.488440e-01 9.120000e-04 3.502440e-01
500 6.487080e-01 9.040000e-04 3.503880e-01
