1 9.991840e-01 7.160000e-04 1.000000e-04
2 9.986240e-01 1.120000e-03 2.560000e-04
3 9.979280e-01 1.552000e-03 5.200000e-04
4 9.971640e-01 1.952000e-03 8.840000e-04
5 9.962880e-01 2.492000e-03 1.220000e-03
6 9.954320e-01 2.792000e-03 1.776000e-03
7 9.945480e-01 3.104000e-03 2.348000e-03
8 9.935840e-01 3.548000e-03 2.868000e-03
9 9.927520e-01 3.724000e-03 3.524000e-03
10 9.915680e-01 4.284000e-03 4.148000e-03
11 9.903920e-01 4.636000e-03 4.972000e-03
12 9.891960e-01 5.072000e-03 5.732000e-03
13 9.880360e-01 5.292000e-03 6.672000e-03
14 9.868240e-01 5.536000e-03 7.640000e-03
15 9.857520e-01 5.692000e-03 8.556000e-03
16 9.844480e-01 6.028000e-03 9.524000e-03
17 9.829760e-01 6.400000e-03 1.062400e-02
18 9.815240e-01 6.692000e-03 1.178400e-02
19 9.802120e-01 6.900000e-03 1.288800e-02
20 9.787120e-01 7.228000e-03 1.406000e-02
21 9.774400e-01 7.304000e-03 1.525600e-02
22 9.760880e-01 7.412000e-03 1.650000e-02
23 9.747000e-01 7.516000e-03 1.778400e-02
24 9.732240e-01 7.684000e-03 1.909200e-02
25 9.717120e-01 7.804000e-03 2.048400e-02
26 9.703720e-01 7.740000e-03 2.188800e-02
27 9.689360e-01 7.688000e-03 2.337600e-02
28 9.674360e-01 7.852000e-03 2.471200e-02
29 9.658040e-01 8.092000e-03 2.610400e-02
30 9.641760e-01 8.276000e-03 2.754800e-02
31 9.625960e-01 8.344000e-03 2.906000e-02
32 9.607120e-01 8.840000e-03 3.044800e-02
33 9.589480e-01 9.068000e-03 3.198400e-02
34 9.572680e-01 9.072000e-03 3.366000e-02
35 9.557480e-01 8.868000e-03 3.538400e-02
36 9.543240e-01 8.552000e-03 3.712400e-02
37 9.527560e-01 8.712000e-03 3.853200e-02
38 9.511240e-01 8.904000e-03 3.997200e-02
39 9.495520e-01 8.872000e-03 4.157600e-02
40 9.481200e-01 8.840000e-03 4.304000e-02
41 9.464560e-01 9.036000e-03 4.450800e-02
42 9.447720e-01 9.088000e-03 4.614000e-02
43 9.430520e-01 9.168000e-03 4.778000e-02
44 9.415160e-01 9.140000e-03 4.934400e-02
45 9.398360e-01 9.260000e-03 5.090400e-02
46 9.381840e-01 9.300000e-03 5.251600e-02
47 9.363360e-01 9.504000e-03 5.416000e-02
48 9.346120e-01 9.544000e-03 5.584400e-02
49 9.330040e-01 9.536000e-03 5.746000e-02
50 9.313720e-01 9.468000e-03 5.916000e-02
51 9.296840e-01 9.464000e-03 6.085200e-02
52 9.281000e-01 9.328000e-03 6.257200e-02
53 9.264720e-01 9.348000e-03 6.418000e-02
54 9.248320e-01 9.440000e-03 6.572800e-02
55 9.231640e-01 9.324000e-03 6.751200e-02
56 9.215080e-01 9.464000e-03 6.902800e-02
57 9.197840e-01 9.480000e-03 7.073600e-02
58 9.181520e-01 9.304000e-03 7.254400e-02
59 9.164840e-01 9.412000e-03 7.410400e-02
60 9.147880e-01 9.520000e-03 7.569200e-02
61 9.129760e-01 9.716000e-03 7.730800e-02
62 9.110600e-01 9.824000e-03 7.911600e-02
63 9.092720e-01 9.944000e-03 8.078400e-02
64 9.077120e-01 9.676000e-03 8.261200e-02
65 9.061080e-01 9.576000e-03 8.431600e-02
66 9.044480e-01 9.480000e-03 8.607200e-02
67 9.028560e-01 9.388000e-03 8.775600e-02
68 9.012120e-01 9.428000e-03 8.936000e-02
69 8.995200e-01 9.424000e-03 9.105600e-02
70 8.977480e-01 9.512000e-03 9.274000e-02
71 8.960040e-01 9.664000e-03 9.433200e-02
72 8.942280e-01 9.724000e-03 9.604800e-02
73 8.924960e-01 9.768000e-03 9.773600e-02
74 8.907040e-01 9.836000e-03 9.946000e-02
75 8.889200e-01 9.828000e-03 1.012520e-01
76 8.872600e-01 9.704000e-03 1.030360e-01
77 8.855440e-01 9.732000e-03 1.047240e-01
78 8.838120e-01 9.788000e-03 1.064000e-01
79 8.820160e-01 9.940000e-03 1.080440e-01
80 8.804480e-01 9.788000e-03 1.097640e-01
81 8.786760e-01 9.792000e-03 1.115320e-01
82 8.768280e-01 9.912000e-03 1.132600e-01
83 8.750200e-01 9.852000e-03 1.151280e-01
84 8.732440e-01 9.924000e-03 1.168320e-01
85 8.715200e-01 9.948000e-03 1.185320e-01
86 8.697840e-01 9.824000e-03 1.203920e-01
87 8.679520e-01 9.972000e-03 1.220760e-01
88 8.663360e-01 9.836000e-03 1.238280e-01
89 8.647440e-01 9.676000e-03 1.255800e-01
90 8.630920e-01 9.640000e-03 1.272680e-01
91 8.614920e-01 9.640000e-03 1.288680e-01
92 8.599560e-01 9.520000e-03 1.305240e-01
93 8.585040e-01 9.396000e-03 1.321000e-01
94 8.571280e-01 9.216000e-03 1.336560e-01
95 8.558320e-01 8.724000e-03 1.354440e-01
96 8.545000e-01 8.384000e-03 1.371160e-01
97 8.531080e-01 8.396000e-03 1.384960e-01
98 8.516480e-01 8.356000e-03 1.399960e-01
99 8.501400e-01 8.412000e-03 1.414480e-01
100 8.484560e-01 8.620000e-03 1.429240e-01
101 8.469600e-01 8.724000e-03 1.443160e-01
102 8.453440e-01 8.848000e-03 1.458080e-01
103 8.436680e-01 8.956000e-03 1.473760e-01
104 8.420640e-01 9.036000e-03 1.489000e-01
105 8.404120e-01 9.024000e-03 1.505640e-01
106 8.388000e-01 9.072000e-03 1.521280e-01
107 8.372680e-01 9.100000e-03 1.536320e-01
108 8.357280e-01 9.080000e-03 1.551920e-01
109 8.341840e-01 9.068000e-03 1.567480e-01
110 8.326480e-01 8.960000e-03 1.583920e-01
111 8.310760e-01 8.936000e-03 1.599880e-01
112 8.296880e-01 8.576000e-03 1.617360e-01
113 8.282520e-01 8.516000e-03 1.632320e-01
114 8.267720e-01 8.588000e-03 1.646400e-01
115 8.253720e-01 8.424000e-03 1.662040e-01
116 8.237480e-01 8.544000e-03 1.677080e-01
117 8.220720e-01 8.780000e-03 1.691480e-01
118 8.204600e-01 8.832000e-03 1.707080e-01
119 8.189680e-01 8.796000e-03 1.722360e-01
120 8.174800e-01 8.820000e-03 1.737000e-01
121 8.159560e-01 8.896000e-03 1.751480e-01
122 8.145080e-01 8.656000e-03 1.768360e-01
123 8.131880e-01 8.488000e-03 1.783240e-01
124 8.117080e-01 8.604000e-03 1.796880e-01
125 8.103800e-01 8.416000e-03 1.812040e-01
126 8.090000e-01 8.424000e-03 1.825760e-01
127 8.076080e-01 8.380000e-03 1.840120e-01
128 8.061880e-01 8.360000e-03 1.854520e-01
129 8.048600e-01 8.140000e-03 1.870000e-01
130 8.035080e-01 8.128000e-03 1.883640e-01
131 8.021240e-01 8.084000e-03 1.897920e-01
132 8.007320e-01 8.096000e-03 1.911720e-01
133 7.993720e-01 8.056000e-03 1.925720e-01
134 7.980400e-01 8.044000e-03 1.939160e-01
135 7.967320e-01 8.136000e-03 1.951320e-01
136 7.954120e-01 7.944000e-03 1.966440e-01
137 7.939720e-01 8.064000e-03 1.979640e-01
138 7.926640e-01 8.028000e-03 1.993080e-01
139 7.913120e-01 7.968000e-03 2.007200e-01
140 7.900720e-01 7.872000e-03 2.020560e-01
141 7.887680e-01 7.792000e-03 2.034400e-01
142 7.874640e-01 7.760000e-03 2.047760e-01
143 7.860840e-01 7.768000e-03 2.061480e-01
144 7.848080e-01 7.652000e-03 2.075400e-01
145 7.834040e-01 7.772000e-03 2.088240e-01
146 7.821360e-01 7.688000e-03 2.101760e-01
147 7.806800e-01 7.788000e-03 2.115320e-01
148 7.793480e-01 7.688000e-03 2.129640e-01
149 7.781040e-01 7.624000e-03 2.142720e-01
150 7.767280e-01 7.636000e-03 2.156360e-01
151 7.755240e-01 7.360000e-03 2.171160e-01
152 7.742800e-01 7.312000e-03 2.184080e-01
153 7.729960e-01 7.304000e-03 2.197000e-01
154 7.717720e-01 7.232000e-03 2.209960e-01
155 7.706760e-01 7.080000e-03 2.222440e-01
156 7.695440e-01 6.860000e-03 2.235960e-01
157 7.682120e-01 6.956000e-03 2.248320e-01
158 7.670480e-01 6.920000e-03 2.260320e-01
159 7.659520e-01 6.892000e-03 2.271560e-01
160 7.647440e-01 6.856000e-03 2.284000e-01
161 7.637520e-01 6.628000e-03 2.296200e-01
162 7.627640e-01 6.416000e-03 2.308200e-01
163 7.617280e-01 6.276000e-03 2.319960e-01
164 7.607520e-01 6.120000e-03 2.331280e-01
165 7.597240e-01 6.092000e-03 2.341840e-01
166 7.586800e-01 6.008000e-03 2.353120e-01
167 7.576280e-01 6.008000e-03 2.363640e-01
168 7.565840e-01 6.000000e-03 2.374160e-01
169 7.556720e-01 5.792000e-03 2.385360e-01
170 7.547400e-01 5.724000e-03 2.395360e-01
171 7.537120e-01 5.776000e-03 2.405120e-01
172 7.527760e-01 5.680000e-03 2.415440e-01
173 7.517840e-01 5.612000e-03 2.426040e-01
174 7.508320e-01 5.568000e-03 2.436000e-01
175 7.497320e-01 5.616000e-03 2.446520e-01
176 7.486120e-01 5.784000e-03 2.456040e-01
177 7.475480e-01 5.808000e-03 2.466440e-01
178 7.464160e-01 5.916000e-03 2.476680e-01
179 7.453440e-01 6.068000e-03 2.485880e-01
180 7.441920e-01 6.124000e-03 2.496840e-01
181 7.432360e-01 5.984000e-03 2.507800e-01
182 7.421720e-01 6.008000e-03 2.518200e-01
183 7.410720e-01 6.044000e-03 2.528840e-01
184 7.400440e-01 5.892000e-03 2.540640e-01
185 7.390040e-01 5.956000e-03 2.550400e-01
186 7.379880e-01 5.964000e-03 2.560480e-01
187 7.370040e-01 5.928000e-03 2.570680e-01
188 7.360320e-01 5.972000e-03 2.579960e-01
189 7.348320e-01 6.096000e-03 2.590720e-01
190 7.337520e-01 6.064000e-03 2.601840e-01
191 7.326520e-01 6.064000e-03 2.612840e-01
192 7.316680e-01 5.980000e-03 2.623520e-01
193 7.305960e-01 6.076000e-03 2.633280e-01
194 7.294720e-01 6.024000e-03 2.645040e-01
195 7.286320e-01 5.740000e-03 2.656280e-01
196 7.276680e-01 5.764000e-03 2.665680e-01
197 7.267080e-01 5.740000e-03 2.675520e-01
198 7.256960e-01 5.744000e-03 2.685600e-01
199 7.247000e-01 5.696000e-03 2.696040e-01
200 7.237400e-01 5.708000e-03 2.705520e-01
201 7.227840e-01 5.748000e-03 2.714680e-01
202 7.217520e-01 5.756000e-03 2.724920e-01
203 7.207720e-01 5.676000e-03 2.735520e-01
204 7.197760e-01 5.708000e-03 2.745160e-01
205 7.189400e-01 5.684000e-03 2.753760e-01
206 7.180280e-01 5.548000e-03 2.764240e-01
207 7.171240e-01 5.604000e-03 2.772720e-01
208 7.161640e-01 5.656000e-03 2.781800e-01
209 7.151880e-01 5.684000e-03 2.791280e-01
210 7.141840e-01 5.748000e-03 2.800680e-01
211 7.133480e-01 5.644000e-03 2.810080e-01
212 7.123040e-01 5.720000e-03 2.819760e-01
213 7.111840e-01 5.728000e-03 2.830880e-01
214 7.101720e-01 5.784000e-03 2.840440e-01
215 7.090760e-01 5.928000e-03 2.849960e-01
216 7.080960e-01 5.928000e-03 2.859760e-01
217 7.071040e-01 5.928000e-03 2.869680e-01
218 7.061480e-01 5.884000e-03 2.879680e-01
219 7.051640e-01 5.912000e-03 2.889240e-01
220 7.041280e-01 5.828000e-03 2.900440e-01
221 7.031920e-01 5.824000e-03 2.909840e-01
222 7.023120e-01 5.684000e-03 2.920040e-01
223 7.013880e-01 5.548000e-03 2.930640e-01
224 7.005880e-01 5.372000e-03 2.940400e-01
225 6.996760e-01 5.504000e-03 2.948200e-01
226 6.988520e-01 5.384000e-03 2.957640e-01
227 6.979160e-01 5.432000e-03 2.966520e-01
228 6.969920e-01 5.492000e-03 2.975160e-01
229 6.960840e-01 5.468000e-03 2.984480e-01
230 6.949440e-01 5.568000e-03 2.994880e-01
231 6.938440e-01 5.720000e-03 3.004360e-01
232 6.927240e-01 5.936000e-03 3.013400e-01
233 6.917920e-01 5.736000e-03 3.024720e-01
234 6.906560e-01 5.800000e-03 3.035440e-01
235 6.895800e-01 5.904000e-03 3.045160e-01
236 6.884960e-01 5.908000e-03 3.055960e-01
237 6.873080e-01 6.048000e-03 3.066440e-01
238 6.862440e-01 6.012000e-03 3.077440e-01
239 6.850040e-01 6.184000e-03 3.088120e-01
240 6.839480e-01 6.076000e-03 3.099760e-01
241 6.829760e-01 5.984000e-03 3.110400e-01
242 6.820440e-01 5.860000e-03 3.120960e-01
243 6.811120e-01 5.760000e-03 3.131280e-01
244 6.800800e-01 5.736000e-03 3.141840e-01
245 6.791360e-01 5.704000e-03 3.151600e-01
246 6.781600e-01 5.552000e-03 3.162880e-01
247 6.772960e-01 5.532000e-03 3.171720e-01
248 6.763880e-01 5.348000e-03 3.182640e-01
249 6.754400e-01 5.320000e-03 3.192400e-01
250 6.745280e-01 5.316000e-03 3.201560e-01
251 6.735920e-01 5.300000e-03 3.211080e-01
252 6.726360e-01 5.376000e-03 3.219880e-01
253 6.715920e-01 5.528000e-03 3.228800e-01
254 6.706600e-01 5.420000e-03 3.239200e-01
255 6.697280e-01 5.404000e-03 3.248680e-01
256 6.689240e-01 5.152000e-03 3.259240e-01
257 6.680880e-01 5.004000e-03 3.269080e-01
258 6.673080e-01 4.900000e-03 3.277920e-01
259 6.663440e-01 5.040000e-03 3.286160e-01
260 6.655320e-01 5.060000e-03 3.294080e-01
261 6.647400e-01 5.004000e-03 3.302560e-01
262 6.639800e-01 4.812000e-03 3.312080e-01
263 6.630880e-01 4.892000e-03 3.320200e-01
264 6.623320e-01 4.904000e-03 3.327640e-01
265 6.615680e-01 4.840000e-03 3.335920e-01
266 6.606480e-01 4.972000e-03 3.343800e-01
267 6.599200e-01 4.880000e-03 3.352000e-01
268 6.590200e-01 5.024000e-03 3.359560e-01
269 6.582080e-01 4.900000e-03 3.368920e-01
270 6.574760e-01 4.756000e-03 3.377680e-01
271 6.566360e-01 4.772000e-03 3.385920e-01
272 6.558680e-01 4.624000e-03 3.395080e-01
273 6.551200e-01 4.652000e-03 3.402280e-01
274 6.542760e-01 4.680000e-03 3.410440e-01
275 6.534760e-01 4.664000e-03 3.418600e-01
276 6.526360e-01 4.672000e-03 3.426920e-01
277 6.519320e-01 4.564000e-03 3.435040e-01
278 6.511680e-01 4.472000e-03 3.443600e-01
279 6.504320e-01 4.428000e-03 3.451400e-01
280 6.497480e-01 4.264000e-03 3.459880e-01
281 6.489800e-01 4.308000e-03 3.467120e-01
282 6.483200e-01 4.232000e-03 3.474480e-01
283 6.475800e-01 4.244000e-03 3.481760e-01
284 6.469120e-01 4.188000e-03 3.489000e-01
285 6.462080e-01 4.192000e-03 3.496000e-01
286 6.454680e-01 4.128000e-03 3.504040e-01
287 6.447680e-01 4.064000e-03 3.511680e-01
288 6.441280e-01 3.960000e-03 3.519120e-01
289 6.434320e-01 3.980000e-03 3.525880e-01
290 6.428800e-01 3.812000e-03 3.533080e-01
291 6.423560e-01 3.680000e-03 3.539640e-01
292 6.416600e-01 3.740000e-03 3.546000e-01
293 6.410720e-01 3.708000e-03 3.552200e-01
294 6.403920e-01 3.720000e-03 3.558880e-01
295 6.397200e-01 3.700000e-03 3.565800e-01
296 6.391040e-01 3.676000e-03 3.572200e-01
297 6.385360e-01 3.600000e-03 3.578640e-01
298 6.379120e-01 3.492000e-03 3.585960e-01
299 6.372840e-01 3.520000e-03 3.591960e-01
300 6.365360e-01 3.652000e-03 3.598120e-01
301 6.358280e-01 3.708000e-03 3.604640e-01
302 6.351520e-01 3.728000e-03 3.611200e-01
303 6.343560e-01 3.952000e-03 3.616920e-01
304 6.336080e-01 4.048000e-03 3.623440e-01
305 6.328800e-01 4.060000e-03 3.630600e-01
306 6.321640e-01 4.040000e-03 3.637960e-01
307 6.313520e-01 4.076000e-03 3.645720e-01
308 6.305600e-01 4.092000e-03 3.653480e-01
309 6.298320e-01 4.152000e-03 3.660160e-01
310 6.291120e-01 4.196000e-03 3.666920e-01
311 6.283560e-01 4.176000e-03 3.674680e-01
312 6.275440e-01 4.304000e-03 3.681520e-01
313 6.268880e-01 4.232000e-03 3.688800e-01
314 6.261920e-01 4.160000e-03 3.696480e-01
315 6.255560e-01 3.996000e-03 3.704480e-01
316 6.249400e-01 3.868000e-03 3.711920e-01
317 6.242280e-01 3.852000e-03 3.719200e-01
318 6.235600e-01 3.844000e-03 3.725960e-01
319 6.229800e-01 3.764000e-03 3.732560e-01
320 6.223480e-01 3.744000e-03 3.739080e-01
321 6.216880e-01 3.648000e-03 3.746640e-01
322 6.210320e-01 3.640000e-03 3.753280e-01
323 6.204800e-01 3.516000e-03 3.760040e-01
324 6.197600e-01 3.524000e-03 3.767160e-01
325 6.192040e-01 3.376000e-03 3.774200e-01
326 6.186120e-01 3.452000e-03 3.779360e-01
327 6.180760e-01 3.432000e-03 3.784920e-01
328 6.175160e-01 3.388000e-03 3.790960e-01
329 6.170280e-01 3.360000e-03 3.796120e-01
330 6.165280e-01 3.296000e-03 3.801760e-01
331 6.159440e-01 3.404000e-03 3.806520e-01
332 6.153040e-01 3.540000e-03 3.811560e-01
333 6.146840e-01 3.524000e-03 3.817920e-01
334 6.140480e-01 3.520000e-03 3.824320e-01
335 6.133880e-01 3.580000e-03 3.830320e-01
336 6.127800e-01 3.560000e-03 3.836600e-01
337 6.122640e-01 3.516000e-03 3.842200e-01
338 6.116360e-01 3.572000e-03 3.847920e-01
339 6.110320e-01 3.512000e-03 3.854560e-01
340 6.103960e-01 3.496000e-03 3.861080e-01
341 6.098720e-01 3.440000e-03 3.866880e-01
342 6.092880e-01 3.392000e-03 3.873200e-01
343 6.086400e-01 3.456000e-03 3.879040e-01
344 6.081600e-01 3.396000e-03 3.884440e-01
345 6.077080e-01 3.244000e-03 3.890480e-01
346 6.071000e-01 3.340000e-03 3.895600e-01
347 6.065800e-01 3.228000e-03 3.901920e-01
348 6.060200e-01 3.184000e-03 3.907960e-01
349 6.054640e-01 3.188000e-03 3.913480e-01
350 6.049520e-01 3.164000e-03 3.918840e-01
351 6.043720e-01 3.156000e-03 3.924720e-01
352 6.038360e-01 3.096000e-03 3.930680e-01
353 6.032000e-01 3.168000e-03 3.936320e-01
354 6.026800e-01 3.136000e-03 3.941840e-01
355 6.022240e-01 3.124000e-03 3.946520e-01
356 6.017480e-01 3.064000e-03 3.951880e-01
357 6.012360e-01 3.080000e-03 3.956840e-01
358 6.007760e-01 3.016000e-03 3.962080e-01
359 6.002240e-01 3.036000e-03 3.967400e-01
360 5.997880e-01 2.912000e-03 3.973000e-01
361 5.992920e-01 2.872000e-03 3.978360e-01
362 5.988880e-01 2.760000e-03 3.983520e-01
363 5.983840e-01 2.736000e-03 3.988800e-01
364 5.979920e-01 2.640000e-03 3.993680e-01
365 5.975560e-01 2.596000e-03 3.998480e-01
366 5.971360e-01 2.560000e-03 4.003040e-01
367 5.966400e-01 2.612000e-03 4.007480e-01
368 5.962240e-01 2.564000e-03 4.012120e-01
369 5.957360e-01 2.532000e-03 4.017320e-01
370 5.954320e-01 2.428000e-03 4.021400e-01
371 5.950760e-01 2.400000e-03 4.025240e-01
372 5.946160e-01 2.500000e-03 4.028840e-01
373 5.942640e-01 2.464000e-03 4.032720e-01
374 5.938080e-01 2.472000e-03 4.037200e-01
375 5.933760e-01 2.476000e-03 4.041480e-01
376 5.929760e-01 2.384000e-03 4.046400e-01
377 5.925920e-01 2.336000e-03 4.050720e-01
378 5.921440e-01 2.416000e-03 4.054400e-01
379 5.916800e-01 2.460000e-03 4.058600e-01
380 5.912080e-01 2.504000e-03 4.062880e-01
381 5.907760e-01 2.536000e-03 4.066880e-01
382 5.903400e-01 2.508000e-03 4.071520e-01
383 5.898720e-01 2.580000e-03 4.075480e-01
384 5.894920e-01 2.492000e-03 4.080160e-01
385 5.891080e-01 2.420000e-03 4.084720e-01
386 5.886920e-01 2.388000e-03 4.089200e-01
387 5.883520e-01 2.280000e-03 4.093680e-01
388 5.879000e-01 2.336000e-03 4.097640e-01
389 5.875040e-01 2.328000e-03 4.101680e-01
390 5.871320e-01 2.324000e-03 4.105440e-01
391 5.867480e-01 2.292000e-03 4.109600e-01
392 5.864120e-01 2.288000e-03 4.113000e-01
393 5.860880e-01 2.308000e-03 4.116040e-01
394 5.857560e-01 2.276000e-03 4.119680e-01
395 5.854520e-01 2.212000e-03 4.123360e-01
396 5.851120e-01 2.104000e-03 4.127840e-01
397 5.848040e-01 2.040000e-03 4.131560e-01
398 5.845040e-01 1.996000e-03 4.135000e-01
399 5.840880e-01 2.096000e-03 4.138160e-01
400 5.837320e-01 2.116000e-03 4.141520e-01
401 5.833320e-01 2.168000e-03 4.145000e-01
402 5.829280e-01 2.196000e-03 4.148760e-01
403 5.826160e-01 2.124000e-03 4.152600e-01
404 5.822760e-01 2.072000e-03 4.156520e-01
405 5.819200e-01 2.064000e-03 4.160160e-01
406 5.816240e-01 1.968000e-03 4.164080e-01
407 5.812960e-01 1.880000e-03 4.168240e-01
408 5.809760e-01 1.892000e-03 4.171320e-01
409 5.806080e-01 1.920000e-03 4.174720e-01
410 5.802800e-01 1.912000e-03 4.178080e-01
411 5.799920e-01 1.844000e-03 4.181640e-01
412 5.796560e-01 1.908000e-03 4.184360e-01
413 5.794680e-01 1.800000e-03 4.187320e-01
414 5.791960e-01 1.752000e-03 4.190520e-01
415 5.789360e-01 1.692000e-03 4.193720e-01
416 5.786680e-01 1.668000e-03 4.196640e-01
417 5.784120e-01 1.672000e-03 4.199160e-01
418 5.781760e-01 1.596000e-03 4.202280e-01
419 5.779480e-01 1.524000e-03 4.205280e-01
420 5.777320e-01 1.480000e-03 4.207880e-01
421 5.775280e-01 1.384000e-03 4.210880e-01
422 5.773080e-01 1.360000e-03 4.213320e-01
423 5.770800e-01 1.380000e-03 4.215400e-01
424 5.768840e-01 1.400000e-03 4.217160e-01
425 5.766400e-01 1.360000e-03 4.220000e-01
426 5.764680e-01 1.248000e-03 4.222840e-01
427 5.763200e-01 1.192000e-03 4.224880e-01
428 5.761560e-01 1.156000e-03 4.226880e-01
429 5.759760e-01 1.164000e-03 4.228600e-01
430 5.757680e-01 1.168000e-03 4.230640e-01
431 5.755320e-01 1.224000e-03 4.232440e-01
432 5.753640e-01 1.168000e-03 4.234680e-01
433 5.752080e-01 1.148000e-03 4.236440e-01
434 5.750040e-01 1.148000e-03 4.238480e-01
435 5.747840e-01 1.152000e-03 4.240640e-01
436 5.746200e-01 1.132000e-03 4.242480e-01
437 5.744320e-01 1.136000e-03 4.244320e-01
438 5.742240e-01 1.152000e-03 4.246240e-01
439 5.740320e-01 1.180000e-03 4.247880e-01
440 5.738680e-01 1.132000e-03 4.250000e-01
441 5.736640e-01 1.116000e-03 4.252200e-01
442 5.734600e-01 1.124000e-03 4.254160e-01
443 5.733440e-01 1.068000e-03 4.255880e-01
444 5.731920e-01 1.072000e-03 4.257360e-01
445 5.730320e-01 1.036000e-03 4.259320e-01
446 5.728800e-01 1.052000e-03 4.260680e-01
447 5.726760e-01 1.088000e-03 4.262360e-01
448 5.724600e-01 1.116000e-03 4.264240e-01
449 5.722440e-01 1.112000e-03 4.266440e-01
450 5.720280e-01 1.128000e-03 4.268440e-01
451 5.718840e-01 1.056000e-03 4.270600e-01
452 5.717240e-01 1.008000e-03 4.272680e-01
453 5.715520e-01 1.000000e-03 4.274480e-01
454 5.713880e-01 1.008000e-03 4.276040e-01
455 5.712640e-01 9.200000e-04 4.278160e-01
456 5.711520e-01 8.720000e-04 4.279760e-01
457 5.710600e-01 8.280000e-04 4.281120e-01
458 5.709320e-01 8.120000e-04 4.282560e-01
459 5.708280e-01 7.560000e-04 4.284160e-01
460 5.707000e-01 7.280000e-04 4.285720e-01
461 5.706120e-01 6.680000e-04 4.287200e-01
462 5.704880e-01 6.640000e-04 4.288480e-01
463 5.703520e-01 7.080000e-04 4.289400e-01
464 5.702120e-01 6.960000e-04 4.290920e-01
465 5.701360e-01 6.280000e-04 4.292360e-01
466 5.700640e-01 5.760000e-04 4.293600e-01
467 5.699680e-01 5.680000e-04 4.294640e-01
468 5.698840e-01 5.720000e-04 4.295440e-01
469 5.698280e-01 5.480000e-04 4.296240e-01
470 5.697480e-01 5.440000e-04 4.297080e-01
471 5.696720e-01 5.080000e-04 4.298200e-01
472 5.695960e-01 5.120000e-04 4.298920e-01
473 5.695280e-01 4.960000e-04 4.299760e-01
474 5.694680e-01 4.760000e-04 4.300560e-01
475 5.693800e-01 4.840000e-04 4.301360e-01
476 5.692680e-01 5.200000e-04 4.302120e-01
477 5.691560e-01 5.320000e-04 4.303120e-01
478 5.690520e-01 5.480000e-04 4.304000e-01
479 5.689400e-01 5.680000e-04 4.304920e-01
480 5.688480e-01 5.480000e-04 4.306040e-01
481 5.687400e-01 5.400000e-04 4.307200e-01
482 5.686640e-01 5.120000e-04 4.308240e-01
483 5.685160e-01 5.760000e-04 4.309080e-01
484 5.684240e-01 6.080000e-04 4.309680e-01
485 5.683240e-01 6.360000e-04 4.310400e-01
486 5.682200e-01 6.400000e-04 4.311400e-01
487 5.680800e-01 6.920000e-04 4.312280e-01
488 5.679560e-01 6.840000e-04 4.313600e-01
489 5.678000e-01 7.320000e-04 4.314680e-01
490 5.676560e-01 7.680000e-04 4.315760e-01
491 5.675440e-01 7.480000e-04 4.317080e-01
492 5.674680e-01 7.200000e-04 4.318120e-01
493 5.673560e-01 6.960000e-04 4.319480e-01
494 5.672440e-01 6.800000e-04 4.320760e-01
495 5.671040e-01 6.760000e-04 4.322200e-01
496 5.669600e-01 7.080000e-04 4.323320e-01
497 5.668640e-01 6.960000e-04 4.324400e-01
498 5.667320e-01 6.800000e-04 4.325880e-01
499 5.666320e-01 6.440000e-04 4.327240e-01
500 5.665480e-01 6.280000e-04 4.328240e-01
