1 9.991840e-01 6.920000e-04 1.240000e-04
2 9.986800e-01 1.040000e-03 2.800000e-04
3 9.980400e-01 1.460000e-03 5.000000e-04
4 9.973240e-01 1.840000e-03 8.360000e-04
5 9.965680e-01 2.200000e-03 1.232000e-03
6 9.957520e-01 2.516000e-03 1.732000e-03
7 9.950240e-01 2.760000e-03 2.216000e-03
8 9.942800e-01 2.912000e-03 2.808000e-03
9 9.934240e-01 3.220000e-03 3.356000e-03
10 9.926160e-01 3.436000e-03 3.948000e-03
11 9.918440e-01 3.540000e-03 4.616000e-03
12 9.909520e-01 3.856000e-03 5.192000e-03
13 9.899800e-01 4.116000e-03 5.904000e-03
14 9.890760e-01 4.292000e-03 6.632000e-03
15 9.881920e-01 4.380000e-03 7.428000e-03
16 9.872240e-01 4.576000e-03 8.200000e-03
17 9.863120e-01 4.708000e-03 8.980000e-03
18 9.854560e-01 4.620000e-03 9.924000e-03
19 9.844640e-01 4.872000e-03 1.066400e-02
20 9.834720e-01 5.116000e-03 1.141200e-02
21 9.823440e-01 5.296000e-03 1.236000e-02
22 9.812880e-01 5.496000e-03 1.321600e-02
23 9.803120e-01 5.408000e-03 1.428000e-02
24 9.792440e-01 5.496000e-03 1.526000e-02
25 9.781560e-01 5.624000e-03 1.622000e-02
26 9.769720e-01 5.864000e-03 1.716400e-02
27 9.757520e-01 6.036000e-03 1.821200e-02
28 9.746880e-01 6.040000e-03 1.927200e-02
29 9.734920e-01 6.200000e-03 2.030800e-02
30 9.721960e-01 6.396000e-03 2.140800e-02
31 9.709480e-01 6.608000e-03 2.244400e-02
32 9.696120e-01 6.760000e-03 2.362800e-02
33 9.682800e-01 6.948000e-03 2.477200e-02
34 9.670080e-01 6.960000e-03 2.603200e-02
35 9.656560e-01 7.092000e-03 2.725200e-02
36 9.642200e-01 7.344000e-03 2.843600e-02
37 9.627600e-01 7.396000e-03 2.984400e-02
38 9.612720e-01 7.608000e-03 3.112000e-02
39 9.600280e-01 7.500000e-03 3.247200e-02
40 9.587880e-01 7.504000e-03 3.370800e-02
41 9.573920e-01 7.480000e-03 3.512800e-02
42 9.560160e-01 7.532000e-03 3.645200e-02
43 9.546760e-01 7.600000e-03 3.772400e-02
44 9.533640e-01 7.540000e-03 3.909600e-02
45 9.519880e-01 7.520000e-03 4.049200e-02
46 9.505480e-01 7.644000e-03 4.180800e-02
47 9.491160e-01 7.520000e-03 4.336400e-02
48 9.477080e-01 7.592000e-03 4.470000e-02
49 9.463240e-01 7.564000e-03 4.611200e-02
50 9.450520e-01 7.652000e-03 4.729600e-02
51 9.435920e-01 7.720000e-03 4.868800e-02
52 9.422080e-01 7.816000e-03 4.997600e-02
53 9.408400e-01 7.924000e-03 5.123600e-02
54 9.394920e-01 8.008000e-03 5.250000e-02
55 9.381160e-01 7.924000e-03 5.396000e-02
56 9.366800e-01 8.072000e-03 5.524800e-02
57 9.352920e-01 8.048000e-03 5.666000e-02
58 9.337480e-01 8.176000e-03 5.807600e-02
59 9.323680e-01 8.188000e-03 5.944400e-02
60 9.308040e-01 8.248000e-03 6.094800e-02
61 9.293840e-01 8.200000e-03 6.241600e-02
62 9.279440e-01 8.320000e-03 6.373600e-02
63 9.262480e-01 8.480000e-03 6.527200e-02
64 9.247760e-01 8.472000e-03 6.675200e-02
65 9.233680e-01 8.448000e-03 6.818400e-02
66 9.218720e-01 8.496000e-03 6.963200e-02
67 9.203920e-01 8.592000e-03 7.101600e-02
68 9.188000e-01 8.532000e-03 7.266800e-02
69 9.172480e-01 8.680000e-03 7.407200e-02
70 9.157600e-01 8.636000e-03 7.560400e-02
71 9.144000e-01 8.428000e-03 7.717200e-02
72 9.128440e-01 8.456000e-03 7.870000e-02
73 9.113120e-01 8.416000e-03 8.027200e-02
74 9.099480e-01 8.196000e-03 8.185600e-02
75 9.085280e-01 8.184000e-03 8.328800e-02
76 9.071120e-01 8.156000e-03 8.473200e-02
77 9.057960e-01 8.024000e-03 8.618000e-02
78 9.044600e-01 7.932000e-03 8.760800e-02
79 9.031320e-01 7.856000e-03 8.901200e-02
80 9.017360e-01 7.844000e-03 9.042000e-02
81 9.005080e-01 7.716000e-03 9.177600e-02
82 8.991280e-01 7.664000e-03 9.320800e-02
83 8.977880e-01 7.676000e-03 9.453600e-02
84 8.962600e-01 7.824000e-03 9.591600e-02
85 8.947640e-01 8.028000e-03 9.720800e-02
86 8.931560e-01 8.060000e-03 9.878400e-02
87 8.916840e-01 8.208000e-03 1.001080e-01
88 8.901520e-01 8.328000e-03 1.015200e-01
89 8.885680e-01 8.460000e-03 1.029720e-01
90 8.871360e-01 8.484000e-03 1.043800e-01
91 8.856440e-01 8.456000e-03 1.059000e-01
92 8.839920e-01 8.572000e-03 1.074360e-01
93 8.824880e-01 8.608000e-03 1.089040e-01
94 8.809720e-01 8.520000e-03 1.105080e-01
95 8.795480e-01 8.484000e-03 1.119680e-01
96 8.779960e-01 8.480000e-03 1.135240e-01
97 8.764080e-01 8.648000e-03 1.149440e-01
98 8.747960e-01 8.700000e-03 1.165040e-01
99 8.733720e-01 8.656000e-03 1.179720e-01
100 8.718360e-01 8.704000e-03 1.194600e-01
101 8.702640e-01 8.784000e-03 1.209520e-01
102 8.687760e-01 8.824000e-03 1.224000e-01
103 8.672120e-01 8.848000e-03 1.239400e-01
104 8.656120e-01 8.852000e-03 1.255360e-01
105 8.638760e-01 8.968000e-03 1.271560e-01
106 8.620880e-01 9.256000e-03 1.286560e-01
107 8.603320e-01 9.324000e-03 1.303440e-01
108 8.586280e-01 9.280000e-03 1.320920e-01
109 8.569920e-01 9.184000e-03 1.338240e-01
110 8.552160e-01 9.348000e-03 1.354360e-01
111 8.535400e-01 9.496000e-03 1.369640e-01
112 8.519400e-01 9.376000e-03 1.386840e-01
113 8.500920e-01 9.648000e-03 1.402600e-01
114 8.482880e-01 9.816000e-03 1.418960e-01
115 8.464600e-01 9.804000e-03 1.437360e-01
116 8.447080e-01 9.784000e-03 1.455080e-01
117 8.431000e-01 9.752000e-03 1.471480e-01
118 8.413240e-01 9.764000e-03 1.489120e-01
119 8.396720e-01 9.788000e-03 1.505400e-01
120 8.381600e-01 9.752000e-03 1.520880e-01
121 8.366800e-01 9.592000e-03 1.537280e-01
122 8.351360e-01 9.392000e-03 1.554720e-01
123 8.334880e-01 9.344000e-03 1.571680e-01
124 8.320080e-01 9.136000e-03 1.588560e-01
125 8.305200e-01 9.148000e-03 1.603320e-01
126 8.290360e-01 8.964000e-03 1.620000e-01
127 8.276600e-01 8.824000e-03 1.635160e-01
128 8.262320e-01 8.820000e-03 1.649480e-01
129 8.248720e-01 8.716000e-03 1.664120e-01
130 8.234080e-01 8.740000e-03 1.678520e-01
131 8.220280e-01 8.472000e-03 1.695000e-01
132 8.206240e-01 8.388000e-03 1.709880e-01
133 8.189960e-01 8.740000e-03 1.722640e-01
134 8.174720e-01 8.764000e-03 1.737640e-01
135 8.161320e-01 8.612000e-03 1.752560e-01
136 8.148400e-01 8.416000e-03 1.767440e-01
137 8.133920e-01 8.400000e-03 1.782080e-01
138 8.120000e-01 8.252000e-03 1.797480e-01
139 8.106080e-01 8.232000e-03 1.811600e-01
140 8.093360e-01 8.020000e-03 1.826440e-01
141 8.078880e-01 8.068000e-03 1.840440e-01
142 8.065120e-01 8.084000e-03 1.854040e-01
143 8.053040e-01 7.888000e-03 1.868080e-01
144 8.040960e-01 7.720000e-03 1.881840e-01
145 8.028200e-01 7.708000e-03 1.894720e-01
146 8.017120e-01 7.492000e-03 1.907960e-01
147 8.005280e-01 7.436000e-03 1.920360e-01
148 7.992480e-01 7.404000e-03 1.933480e-01
149 7.980120e-01 7.216000e-03 1.947720e-01
150 7.967480e-01 7.160000e-03 1.960920e-01
151 7.956880e-01 7.028000e-03 1.972840e-01
152 7.945680e-01 6.852000e-03 1.985800e-01
153 7.934640e-01 6.800000e-03 1.997360e-01
154 7.924000e-01 6.800000e-03 2.008000e-01
155 7.912440e-01 6.816000e-03 2.019400e-01
156 7.900480e-01 6.832000e-03 2.031200e-01
157 7.889480e-01 6.856000e-03 2.041960e-01
158 7.877040e-01 6.952000e-03 2.053440e-01
159 7.866960e-01 6.864000e-03 2.064400e-01
160 7.854920e-01 6.844000e-03 2.076640e-01
161 7.842680e-01 6.836000e-03 2.088960e-01
162 7.830720e-01 6.784000e-03 2.101440e-01
163 7.818240e-01 6.804000e-03 2.113720e-01
164 7.806760e-01 6.728000e-03 2.125960e-01
165 7.794240e-01 6.812000e-03 2.137640e-01
166 7.781760e-01 6.792000e-03 2.150320e-01
167 7.768440e-01 6.944000e-03 2.162120e-01
168 7.755600e-01 7.028000e-03 2.174120e-01
169 7.744120e-01 6.952000e-03 2.186360e-01
170 7.731000e-01 7.000000e-03 2.199000e-01
171 7.717680e-01 7.052000e-03 2.211800e-01
172 7.706600e-01 7.004000e-03 2.223360e-01
173 7.696440e-01 6.828000e-03 2.235280e-01
174 7.684560e-01 6.804000e-03 2.247400e-01
175 7.673920e-01 6.708000e-03 2.259000e-01
176 7.662480e-01 6.704000e-03 2.270480e-01
177 7.651160e-01 6.660000e-03 2.282240e-01
178 7.640360e-01 6.560000e-03 2.294040e-01
179 7.629520e-01 6.504000e-03 2.305440e-01
180 7.619120e-01 6.416000e-03 2.316720e-01
181 7.608480e-01 6.336000e-03 2.328160e-01
182 7.597440e-01 6.180000e-03 2.340760e-01
183 7.587360e-01 6.228000e-03 2.350360e-01
184 7.578200e-01 6.088000e-03 2.360920e-01
185 7.568960e-01 5.840000e-03 2.372640e-01
186 7.559800e-01 5.668000e-03 2.383520e-01
187 7.550080e-01 5.544000e-03 2.394480e-01
188 7.539880e-01 5.584000e-03 2.404280e-01
189 7.529640e-01 5.704000e-03 2.413320e-01
190 7.520640e-01 5.568000e-03 2.423680e-01
191 7.511640e-01 5.508000e-03 2.433280e-01
192 7.501800e-01 5.428000e-03 2.443920e-01
193 7.492280e-01 5.376000e-03 2.453960e-01
194 7.483160e-01 5.336000e-03 2.463480e-01
195 7.474200e-01 5.320000e-03 2.472600e-01
196 7.465080e-01 5.360000e-03 2.481320e-01
197 7.455200e-01 5.372000e-03 2.491080e-01
198 7.445200e-01 5.496000e-03 2.499840e-01
199 7.436600e-01 5.424000e-03 2.509160e-01
200 7.427560e-01 5.472000e-03 2.517720e-01
201 7.418720e-01 5.380000e-03 2.527480e-01
202 7.409920e-01 5.316000e-03 2.536920e-01
203 7.400720e-01 5.216000e-03 2.547120e-01
204 7.392360e-01 5.164000e-03 2.556000e-01
205 7.385480e-01 4.956000e-03 2.564960e-01
206 7.377960e-01 4.728000e-03 2.574760e-01
207 7.369400e-01 4.780000e-03 2.582800e-01
208 7.361720e-01 4.748000e-03 2.590800e-01
209 7.352480e-01 4.828000e-03 2.599240e-01
210 7.342680e-01 4.932000e-03 2.608000e-01
211 7.333120e-01 4.936000e-03 2.617520e-01
212 7.325760e-01 4.880000e-03 2.625440e-01
213 7.317480e-01 4.956000e-03 2.632960e-01
214 7.309680e-01 4.956000e-03 2.640760e-01
215 7.301800e-01 4.884000e-03 2.649360e-01
216 7.292840e-01 4.800000e-03 2.659160e-01
217 7.284560e-01 4.856000e-03 2.666880e-01
218 7.276080e-01 4.872000e-03 2.675200e-01
219 7.268520e-01 4.792000e-03 2.683560e-01
220 7.261120e-01 4.724000e-03 2.691640e-01
221 7.253760e-01 4.604000e-03 2.700200e-01
222 7.246960e-01 4.504000e-03 2.708000e-01
223 7.240560e-01 4.420000e-03 2.715240e-01
224 7.233480e-01 4.388000e-03 2.722640e-01
225 7.225960e-01 4.424000e-03 2.729800e-01
226 7.219920e-01 4.224000e-03 2.737840e-01
227 7.212800e-01 4.244000e-03 2.744760e-01
228 7.206280e-01 4.060000e-03 2.753120e-01
229 7.198680e-01 4.148000e-03 2.759840e-01
230 7.192120e-01 4.100000e-03 2.766880e-01
231 7.184920e-01 4.108000e-03 2.774000e-01
232 7.177840e-01 4.056000e-03 2.781600e-01
233 7.171320e-01 3.992000e-03 2.788760e-01
234 7.165080e-01 4.024000e-03 2.794680e-01
235 7.158520e-01 4.020000e-03 2.801280e-01
236 7.151440e-01 4.044000e-03 2.808120e-01
237 7.143800e-01 4.128000e-03 2.814920e-01
238 7.137440e-01 4.044000e-03 2.822120e-01
239 7.130960e-01 3.968000e-03 2.829360e-01
240 7.123800e-01 3.996000e-03 2.836240e-01
241 7.116960e-01 3.968000e-03 2.843360e-01
242 7.110200e-01 3.968000e-03 2.850120e-01
243 7.102760e-01 3.932000e-03 2.857920e-01
244 7.095600e-01 3.864000e-03 2.865760e-01
245 7.088520e-01 3.908000e-03 2.872400e-01
246 7.081680e-01 3.896000e-03 2.879360e-01
247 7.074200e-01 3.940000e-03 2.886400e-01
248 7.067120e-01 4.016000e-03 2.892720e-01
249 7.060240e-01 3.908000e-03 2.900680e-01
250 7.053800e-01 3.892000e-03 2.907280e-01
251 7.047480e-01 3.744000e-03 2.915080e-01
252 7.041720e-01 3.688000e-03 2.921400e-01
253 7.036720e-01 3.520000e-03 2.928080e-01
254 7.031160e-01 3.496000e-03 2.933880e-01
255 7.025040e-01 3.464000e-03 2.940320e-01
256 7.017880e-01 3.644000e-03 2.945680e-01
257 7.010960e-01 3.656000e-03 2.952480e-01
258 7.004640e-01 3.560000e-03 2.959760e-01
259 6.997920e-01 3.568000e-03 2.966400e-01
260 6.992120e-01 3.552000e-03 2.972360e-01
261 6.987240e-01 3.396000e-03 2.978800e-01
262 6.980680e-01 3.496000e-03 2.984360e-01
263 6.974640e-01 3.496000e-03 2.990400e-01
264 6.968880e-01 3.472000e-03 2.996400e-01
265 6.963000e-01 3.488000e-03 3.002120e-01
266 6.957200e-01 3.516000e-03 3.007640e-01
267 6.950320e-01 3.592000e-03 3.013760e-01
268 6.943880e-01 3.688000e-03 3.019240e-01
269 6.936640e-01 3.712000e-03 3.026240e-01
270 6.929840e-01 3.716000e-03 3.033000e-01
271 6.923360e-01 3.732000e-03 3.039320e-01
272 6.916720e-01 3.640000e-03 3.046880e-01
273 6.910680e-01 3.572000e-03 3.053600e-01
274 6.903520e-01 3.556000e-03 3.060920e-01
275 6.896880e-01 3.596000e-03 3.067160e-01
276 6.891440e-01 3.408000e-03 3.074480e-01
277 6.884840e-01 3.480000e-03 3.080360e-01
278 6.878600e-01 3.460000e-03 3.086800e-01
279 6.872720e-01 3.456000e-03 3.092720e-01
280 6.867240e-01 3.368000e-03 3.099080e-01
281 6.862280e-01 3.260000e-03 3.105120e-01
282 6.856520e-01 3.220000e-03 3.111280e-01
283 6.851440e-01 3.192000e-03 3.116640e-01
284 6.846240e-01 3.088000e-03 3.122880e-01
285 6.840200e-01 3.112000e-03 3.128680e-01
286 6.834480e-01 3.096000e-03 3.134560e-01
287 6.828120e-01 3.116000e-03 3.140720e-01
288 6.822440e-01 3.056000e-03 3.147000e-01
289 6.815760e-01 3.224000e-03 3.152000e-01
290 6.809800e-01 3.264000e-03 3.157560e-01
291 6.803520e-01 3.280000e-03 3.163680e-01
292 6.797440e-01 3.268000e-03 3.169880e-01
293 6.791760e-01 3.276000e-03 3.175480e-01
294 6.787120e-01 3.228000e-03 3.180600e-01
295 6.781480e-01 3.196000e-03 3.186560e-01
296 6.776760e-01 3.136000e-03 3.191880e-01
297 6.772160e-01 3.028000e-03 3.197560e-01
298 6.767080e-01 2.928000e-03 3.203640e-01
299 6.762040e-01 2.924000e-03 3.208720e-01
300 6.757840e-01 2.820000e-03 3.213960e-01
301 6.753000e-01 2.764000e-03 3.219360e-01
302 6.746720e-01 2.924000e-03 3.224040e-01
303 6.741000e-01 3.056000e-03 3.228440e-01
304 6.734840e-01 3.156000e-03 3.233600e-01
305 6.728680e-01 3.184000e-03 3.239480e-01
306 6.722040e-01 3.364000e-03 3.244320e-01
307 6.714760e-01 3.508000e-03 3.250160e-01
308 6.708800e-01 3.472000e-03 3.256480e-01
309 6.702640e-01 3.444000e-03 3.262920e-01
310 6.697480e-01 3.428000e-03 3.268240e-01
311 6.691880e-01 3.392000e-03 3.274200e-01
312 6.686440e-01 3.308000e-03 3.280480e-01
313 6.681000e-01 3.276000e-03 3.286240e-01
314 6.674640e-01 3.312000e-03 3.292240e-01
315 6.669520e-01 3.236000e-03 3.298120e-01
316 6.663240e-01 3.400000e-03 3.302760e-01
317 6.658720e-01 3.224000e-03 3.309040e-01
318 6.653920e-01 3.176000e-03 3.314320e-01
319 6.648120e-01 3.172000e-03 3.320160e-01
320 6.643840e-01 3.044000e-03 3.325720e-01
321 6.639240e-01 2.968000e-03 3.331080e-01
322 6.634720e-01 2.888000e-03 3.336400e-01
323 6.629240e-01 2.920000e-03 3.341560e-01
324 6.624760e-01 2.984000e-03 3.345400e-01
325 6.620040e-01 2.988000e-03 3.350080e-01
326 6.615600e-01 3.000000e-03 3.354400e-01
327 6.611160e-01 2.884000e-03 3.360000e-01
328 6.607040e-01 2.756000e-03 3.365400e-01
329 6.604080e-01 2.616000e-03 3.369760e-01
330 6.600040e-01 2.636000e-03 3.373600e-01
331 6.596320e-01 2.544000e-03 3.378240e-01
332 6.592280e-01 2.504000e-03 3.382680e-01
333 6.588440e-01 2.452000e-03 3.387040e-01
334 6.584720e-01 2.432000e-03 3.390960e-01
335 6.580320e-01 2.464000e-03 3.395040e-01
336 6.576360e-01 2.404000e-03 3.399600e-01
337 6.572640e-01 2.304000e-03 3.404320e-01
338 6.569800e-01 2.188000e-03 3.408320e-01
339 6.566640e-01 2.104000e-03 3.412320e-01
340 6.563480e-01 2.100000e-03 3.415520e-01
341 6.560640e-01 2.084000e-03 3.418520e-01
342 6.557680e-01 2.020000e-03 3.422120e-01
343 6.553960e-01 1.988000e-03 3.426160e-01
344 6.551040e-01 1.960000e-03 3.429360e-01
345 6.547320e-01 1.964000e-03 3.433040e-01
346 6.543600e-01 2.024000e-03 3.436160e-01
347 6.540920e-01 1.952000e-03 3.439560e-01
348 6.537720e-01 1.952000e-03 3.442760e-01
349 6.534520e-01 1.964000e-03 3.445840e-01
350 6.530760e-01 2.012000e-03 3.449120e-01
351 6.527960e-01 1.912000e-03 3.452920e-01
352 6.524640e-01 1.888000e-03 3.456480e-01
353 6.521360e-01 1.888000e-03 3.459760e-01
354 6.518760e-01 1.808000e-03 3.463160e-01
355 6.516000e-01 1.760000e-03 3.466400e-01
356 6.512840e-01 1.804000e-03 3.469120e-01
357 6.509480e-01 1.824000e-03 3.472280e-01
358 6.506360e-01 1.736000e-03 3.476280e-01
359 6.503440e-01 1.700000e-03 3.479560e-01
360 6.500360e-01 1.704000e-03 3.482600e-01
361 6.497560e-01 1.672000e-03 3.485720e-01
362 6.495240e-01 1.572000e-03 3.489040e-01
363 6.492600e-01 1.596000e-03 3.491440e-01
364 6.489880e-01 1.584000e-03 3.494280e-01
365 6.487680e-01 1.472000e-03 3.497600e-01
366 6.485560e-01 1.480000e-03 3.499640e-01
367 6.483280e-01 1.440000e-03 3.502320e-01
368 6.480840e-01 1.408000e-03 3.505080e-01
369 6.478400e-01 1.384000e-03 3.507760e-01
370 6.475480e-01 1.388000e-03 3.510640e-01
371 6.473120e-01 1.348000e-03 3.513400e-01
372 6.470800e-01 1.356000e-03 3.515640e-01
373 6.468680e-01 1.328000e-03 3.518040e-01
374 6.466440e-01 1.316000e-03 3.520400e-01
375 6.463200e-01 1.420000e-03 3.522600e-01
376 6.460880e-01 1.424000e-03 3.524880e-01
377 6.458160e-01 1.388000e-03 3.527960e-01
378 6.455680e-01 1.440000e-03 3.529920e-01
379 6.452760e-01 1.524000e-03 3.532000e-01
380 6.450200e-01 1.584000e-03 3.533960e-01
381 6.447040e-01 1.664000e-03 3.536320e-01
382 6.444880e-01 1.624000e-03 3.538880e-01
383 6.441400e-01 1.664000e-03 3.541960e-01
384 6.438440e-01 1.696000e-03 3.544600e-01
385 6.435680e-01 1.636000e-03 3.547960e-01
386 6.433160e-01 1.652000e-03 3.550320e-01
387 6.430360e-01 1.632000e-03 3.553320e-01
388 6.427280e-01 1.700000e-03 3.555720e-01
389 6.424240e-01 1.664000e-03 3.559120e-01
390 6.421480e-01 1.608000e-03 3.562440e-01
391 6.418560e-01 1.628000e-03 3.565160e-01
392 6.415600e-01 1.592000e-03 3.568480e-01
393 6.413680e-01 1.516000e-03 3.571160e-01
394 6.411000e-01 1.564000e-03 3.573360e-01
395 6.408440e-01 1.540000e-03 3.576160e-01
396 6.405320e-01 1.616000e-03 3.578520e-01
397 6.402400e-01 1.588000e-03 3.581720e-01
398 6.399880e-01 1.612000e-03 3.584000e-01
399 6.397520e-01 1.532000e-03 3.587160e-01
400 6.395120e-01 1.492000e-03 3.589960e-01
401 6.392760e-01 1.488000e-03 3.592360e-01
402 6.390080e-01 1.488000e-03 3.595040e-01
403 6.387520e-01 1.460000e-03 3.597880e-01
404 6.384640e-01 1.440000e-03 3.600960e-01
405 6.382160e-01 1.440000e-03 3.603440e-01
406 6.379240e-01 1.492000e-03 3.605840e-01
407 6.376600e-01 1.472000e-03 3.608680e-01
408 6.374280e-01 1.436000e-03 3.611360e-01
409 6.371880e-01 1.428000e-03 3.613840e-01
410 6.369720e-01 1.364000e-03 3.616640e-01
411 6.367560e-01 1.360000e-03 3.618840e-01
412 6.365880e-01 1.276000e-03 3.621360e-01
413 6.363720e-01 1.264000e-03 3.623640e-01
414 6.361280e-01 1.316000e-03 3.625560e-01
415 6.359120e-01 1.304000e-03 3.627840e-01
416 6.356400e-01 1.360000e-03 3.630000e-01
417 6.354320e-01 1.284000e-03 3.632840e-01
418 6.351920e-01 1.304000e-03 3.635040e-01
419 6.349400e-01 1.344000e-03 3.637160e-01
420 6.347160e-01 1.352000e-03 3.639320e-01
421 6.344760e-01 1.356000e-03 3.641680e-01
422 6.342280e-01 1.360000e-03 3.644120e-01
423 6.340000e-01 1.328000e-03 3.646720e-01
424 6.337240e-01 1.400000e-03 3.648760e-01
425 6.335520e-01 1.336000e-03 3.651120e-01
426 6.333440e-01 1.332000e-03 3.653240e-01
427 6.331040e-01 1.328000e-03 3.655680e-01
428 6.328480e-01 1.364000e-03 3.657880e-01
429 6.325880e-01 1.400000e-03 3.660120e-01
430 6.323720e-01 1.332000e-03 3.662960e-01
431 6.321320e-01 1.360000e-03 3.665080e-01
432 6.319360e-01 1.336000e-03 3.667280e-01
433 6.317520e-01 1.288000e-03 3.669600e-01
434 6.315640e-01 1.248000e-03 3.671880e-01
435 6.313040e-01 1.312000e-03 3.673840e-01
436 6.309720e-01 1.416000e-03 3.676120e-01
437 6.307760e-01 1.384000e-03 3.678400e-01
438 6.305800e-01 1.364000e-03 3.680560e-01
439 6.303480e-01 1.348000e-03 3.683040e-01
440 6.301040e-01 1.320000e-03 3.685760e-01
441 6.299040e-01 1.268000e-03 3.688280e-01
442 6.296800e-01 1.280000e-03 3.690400e-01
443 6.294360e-01 1.268000e-03 3.692960e-01
444 6.292160e-01 1.252000e-03 3.695320e-01
445 6.290360e-01 1.184000e-03 3.697800e-01
446 6.288800e-01 1.144000e-03 3.699760e-01
447 6.287160e-01 1.092000e-03 3.701920e-01
448 6.285440e-01 1.088000e-03 3.703680e-01
449 6.283440e-01 1.060000e-03 3.705960e-01
450 6.281200e-01 1.052000e-03 3.708280e-01
451 6.278400e-01 1.152000e-03 3.710080e-01
452 6.276280e-01 1.176000e-03 3.711960e-01
453 6.274200e-01 1.200000e-03 3.713800e-01
454 6.272080e-01 1.216000e-03 3.715760e-01
455 6.270400e-01 1.156000e-03 3.718040e-01
456 6.268200e-01 1.212000e-03 3.719680e-01
457 6.266560e-01 1.192000e-03 3.721520e-01
458 6.264760e-01 1.140000e-03 3.723840e-01
459 6.262360e-01 1.124000e-03 3.726400e-01
460 6.260400e-01 1.120000e-03 3.728400e-01
461 6.258720e-01 1.116000e-03 3.730120e-01
462 6.256520e-01 1.160000e-03 3.731880e-01
463 6.254000e-01 1.196000e-03 3.734040e-01
464 6.251120e-01 1.252000e-03 3.736360e-01
465 6.248360e-01 1.324000e-03 3.738400e-01
466 6.245480e-01 1.380000e-03 3.740720e-01
467 6.243040e-01 1.420000e-03 3.742760e-01
468 6.240800e-01 1.436000e-03 3.744840e-01
469 6.238080e-01 1.504000e-03 3.746880e-01
470 6.235360e-01 1.552000e-03 3.749120e-01
471 6.232040e-01 1.644000e-03 3.751520e-01
472 6.229040e-01 1.640000e-03 3.754560e-01
473 6.225680e-01 1.660000e-03 3.757720e-01
474 6.222520e-01 1.680000e-03 3.760680e-01
475 6.219120e-01 1.684000e-03 3.764040e-01
476 6.216320e-01 1.700000e-03 3.766680e-01
477 6.213080e-01 1.804000e-03 3.768880e-01
478 6.209800e-01 1.824000e-03 3.771960e-01
479 6.207040e-01 1.816000e-03 3.774800e-01
480 6.203840e-01 1.836000e-03 3.777800e-01
481 6.201040e-01 1.820000e-03 3.780760e-01
482 6.198320e-01 1.736000e-03 3.784320e-01
483 6.195520e-01 1.756000e-03 3.786920e-01
484 6.193120e-01 1.752000e-03 3.789360e-01
485 6.190440e-01 1.632000e-03 3.793240e-01
486 6.187840e-01 1.616000e-03 3.796000e-01
487 6.185640e-01 1.568000e-03 3.798680e-01
488 6.183240e-01 1.512000e-03 3.801640e-01
489 6.181880e-01 1.412000e-03 3.804000e-01
490 6.180080e-01 1.344000e-03 3.806480e-01
491 6.178120e-01 1.296000e-03 3.808920e-01
492 6.176400e-01 1.260000e-03 3.811000e-01
493 6.174960e-01 1.240000e-03 3.812640e-01
494 6.173560e-01 1.136000e-03 3.815080e-01
495 6.172120e-01 1.080000e-03 3.817080e-01
496 6.170600e-01 1.064000e-03 3.818760e-01
497 6.169360e-01 1.000000e-03 3.820640e-01
498 6.168160e-01 9.760000e-04 3.822080e-01
499 6.166480e-01 9.160000e-04 3.824360e-01
500 6.165280e-01 9.160000e-04 3.825560e-01
