1 9.992840e-01 6.520000e-04 6.400000e-05
2 9.988080e-01 9.880000e-04 2.040000e-04
3 9.981680e-01 1.392000e-03 4.400000e-04
4 9.974920e-01 1.768000e-03 7.400000e-04
5 9.966840e-01 2.240000e-03 1.076000e-03
6 9.958640e-01 2.652000e-03 1.484000e-03
7 9.951160e-01 2.912000e-03 1.972000e-03
8 9.943720e-01 3.136000e-03 2.492000e-03
9 9.935680e-01 3.336000e-03 3.096000e-03
10 9.925440e-01 3.728000e-03 3.728000e-03
11 9.915120e-01 4.112000e-03 4.376000e-03
12 9.903680e-01 4.560000e-03 5.072000e-03
13 9.891640e-01 4.904000e-03 5.932000e-03
14 9.881000e-01 5.096000e-03 6.804000e-03
15 9.870080e-01 5.200000e-03 7.792000e-03
16 9.858920e-01 5.508000e-03 8.600000e-03
17 9.846320e-01 5.764000e-03 9.604000e-03
18 9.833440e-01 6.024000e-03 1.063200e-02
19 9.822200e-01 6.056000e-03 1.172400e-02
20 9.809600e-01 6.296000e-03 1.274400e-02
21 9.795040e-01 6.680000e-03 1.381600e-02
22 9.781960e-01 6.824000e-03 1.498000e-02
23 9.768240e-01 6.964000e-03 1.621200e-02
24 9.753960e-01 7.136000e-03 1.746800e-02
25 9.740000e-01 7.296000e-03 1.870400e-02
26 9.725840e-01 7.512000e-03 1.990400e-02
27 9.711600e-01 7.660000e-03 2.118000e-02
28 9.696560e-01 7.728000e-03 2.261600e-02
29 9.682200e-01 7.824000e-03 2.395600e-02
30 9.668640e-01 7.780000e-03 2.535600e-02
31 9.652840e-01 7.908000e-03 2.680800e-02
32 9.637680e-01 7.892000e-03 2.834000e-02
33 9.624160e-01 7.824000e-03 2.976000e-02
34 9.609840e-01 7.768000e-03 3.124800e-02
35 9.596000e-01 7.828000e-03 3.257200e-02
36 9.580640e-01 7.984000e-03 3.395200e-02
37 9.565760e-01 8.088000e-03 3.533600e-02
38 9.552200e-01 7.992000e-03 3.678800e-02
39 9.537320e-01 8.112000e-03 3.815600e-02
40 9.524120e-01 8.060000e-03 3.952800e-02
41 9.509280e-01 8.088000e-03 4.098400e-02
42 9.494800e-01 8.072000e-03 4.244800e-02
43 9.480480e-01 8.124000e-03 4.382800e-02
44 9.466440e-01 8.164000e-03 4.519200e-02
45 9.451360e-01 8.332000e-03 4.653200e-02
46 9.435720e-01 8.532000e-03 4.789600e-02
47 9.418680e-01 8.756000e-03 4.937600e-02
48 9.404560e-01 8.644000e-03 5.090000e-02
49 9.390960e-01 8.552000e-03 5.235200e-02
50 9.375800e-01 8.572000e-03 5.384800e-02
51 9.360280e-01 8.660000e-03 5.531200e-02
52 9.344520e-01 8.760000e-03 5.678800e-02
53 9.329680e-01 8.728000e-03 5.830400e-02
54 9.314360e-01 8.764000e-03 5.980000e-02
55 9.300480e-01 8.672000e-03 6.128000e-02
56 9.286040e-01 8.488000e-03 6.290800e-02
57 9.272360e-01 8.532000e-03 6.423200e-02
58 9.255680e-01 8.760000e-03 6.567200e-02
59 9.238800e-01 8.992000e-03 6.712800e-02
60 9.223960e-01 8.920000e-03 6.868400e-02
61 9.206680e-01 9.084000e-03 7.024800e-02
62 9.188680e-01 9.292000e-03 7.184000e-02
63 9.172280e-01 9.148000e-03 7.362400e-02
64 9.156600e-01 9.028000e-03 7.531200e-02
65 9.141000e-01 8.936000e-03 7.696400e-02
66 9.125120e-01 8.916000e-03 7.857200e-02
67 9.109720e-01 8.860000e-03 8.016800e-02
68 9.095040e-01 8.712000e-03 8.178400e-02
69 9.079440e-01 8.660000e-03 8.339600e-02
70 9.063840e-01 8.728000e-03 8.488800e-02
71 9.047920e-01 8.756000e-03 8.645200e-02
72 9.031480e-01 8.832000e-03 8.802000e-02
73 9.014640e-01 9.032000e-03 8.950400e-02
74 8.999000e-01 9.040000e-03 9.106000e-02
75 8.981800e-01 9.236000e-03 9.258400e-02
76 8.965040e-01 9.144000e-03 9.435200e-02
77 8.948720e-01 9.112000e-03 9.601600e-02
78 8.932080e-01 9.260000e-03 9.753200e-02
79 8.913480e-01 9.584000e-03 9.906800e-02
80 8.895800e-01 9.588000e-03 1.008320e-01
81 8.878440e-01 9.780000e-03 1.023760e-01
82 8.859440e-01 1.008400e-02 1.039720e-01
83 8.841520e-01 1.010400e-02 1.057440e-01
84 8.822200e-01 1.022800e-02 1.075520e-01
85 8.804280e-01 1.012800e-02 1.094440e-01
86 8.786200e-01 1.017200e-02 1.112080e-01
87 8.769600e-01 1.002000e-02 1.130200e-01
88 8.751320e-01 9.944000e-03 1.149240e-01
89 8.734160e-01 1.010400e-02 1.164800e-01
90 8.717080e-01 1.007200e-02 1.182200e-01
91 8.699000e-01 1.018800e-02 1.199120e-01
92 8.680280e-01 1.039200e-02 1.215800e-01
93 8.660840e-01 1.038000e-02 1.235360e-01
94 8.643840e-01 1.016800e-02 1.254480e-01
95 8.626760e-01 1.007200e-02 1.272520e-01
96 8.609760e-01 1.013200e-02 1.288920e-01
97 8.592920e-01 1.014800e-02 1.305600e-01
98 8.576520e-01 9.932000e-03 1.324160e-01
99 8.560440e-01 9.924000e-03 1.340320e-01
100 8.544120e-01 9.836000e-03 1.357520e-01
101 8.528440e-01 9.856000e-03 1.373000e-01
102 8.511280e-01 9.784000e-03 1.390880e-01
103 8.494320e-01 9.808000e-03 1.407600e-01
104 8.478640e-01 9.708000e-03 1.424280e-01
105 8.462840e-01 9.516000e-03 1.442000e-01
106 8.446480e-01 9.552000e-03 1.458000e-01
107 8.430360e-01 9.644000e-03 1.473200e-01
108 8.413160e-01 9.632000e-03 1.490520e-01
109 8.395360e-01 9.544000e-03 1.509200e-01
110 8.378720e-01 9.436000e-03 1.526920e-01
111 8.362840e-01 9.504000e-03 1.542120e-01
112 8.346600e-01 9.372000e-03 1.559680e-01
113 8.330280e-01 9.368000e-03 1.576040e-01
114 8.312760e-01 9.424000e-03 1.593000e-01
115 8.295520e-01 9.464000e-03 1.609840e-01
116 8.278400e-01 9.460000e-03 1.627000e-01
117 8.262000e-01 9.492000e-03 1.643080e-01
118 8.245560e-01 9.472000e-03 1.659720e-01
119 8.229280e-01 9.480000e-03 1.675920e-01
120 8.213280e-01 9.572000e-03 1.691000e-01
121 8.196320e-01 9.500000e-03 1.708680e-01
122 8.180840e-01 9.428000e-03 1.724880e-01
123 8.165840e-01 9.196000e-03 1.742200e-01
124 8.150320e-01 9.152000e-03 1.758160e-01
125 8.134800e-01 9.224000e-03 1.772960e-01
126 8.116760e-01 9.412000e-03 1.789120e-01
127 8.100280e-01 9.396000e-03 1.805760e-01
128 8.085200e-01 9.228000e-03 1.822520e-01
129 8.069760e-01 9.160000e-03 1.838640e-01
130 8.055520e-01 8.904000e-03 1.855440e-01
131 8.040240e-01 8.972000e-03 1.870040e-01
132 8.025920e-01 8.628000e-03 1.887800e-01
133 8.009800e-01 8.796000e-03 1.902240e-01
134 7.994240e-01 8.796000e-03 1.917800e-01
135 7.980200e-01 8.692000e-03 1.932880e-01
136 7.967000e-01 8.404000e-03 1.948960e-01
137 7.952200e-01 8.340000e-03 1.964400e-01
138 7.938760e-01 8.272000e-03 1.978520e-01
139 7.924080e-01 8.376000e-03 1.992160e-01
140 7.909080e-01 8.372000e-03 2.007200e-01
141 7.893480e-01 8.540000e-03 2.021120e-01
142 7.879680e-01 8.520000e-03 2.035120e-01
143 7.864320e-01 8.644000e-03 2.049240e-01
144 7.849440e-01 8.724000e-03 2.063320e-01
145 7.835320e-01 8.736000e-03 2.077320e-01
146 7.821280e-01 8.628000e-03 2.092440e-01
147 7.806720e-01 8.540000e-03 2.107880e-01
148 7.791760e-01 8.568000e-03 2.122560e-01
149 7.777800e-01 8.444000e-03 2.137760e-01
150 7.764080e-01 8.392000e-03 2.152000e-01
151 7.750200e-01 8.328000e-03 2.166520e-01
152 7.738280e-01 8.168000e-03 2.180040e-01
153 7.725400e-01 8.116000e-03 2.193440e-01
154 7.712720e-01 8.068000e-03 2.206600e-01
155 7.700600e-01 7.824000e-03 2.221160e-01
156 7.688760e-01 7.724000e-03 2.234000e-01
157 7.677040e-01 7.488000e-03 2.248080e-01
158 7.665040e-01 7.272000e-03 2.262240e-01
159 7.652680e-01 7.220000e-03 2.275120e-01
160 7.640520e-01 7.240000e-03 2.287080e-01
161 7.629720e-01 7.192000e-03 2.298360e-01
162 7.618920e-01 7.004000e-03 2.311040e-01
163 7.606000e-01 7.108000e-03 2.322920e-01
164 7.594360e-01 6.972000e-03 2.335920e-01
165 7.583480e-01 6.884000e-03 2.347680e-01
166 7.572000e-01 6.836000e-03 2.359640e-01
167 7.560800e-01 6.676000e-03 2.372440e-01
168 7.549160e-01 6.608000e-03 2.384760e-01
169 7.538440e-01 6.504000e-03 2.396520e-01
170 7.526560e-01 6.520000e-03 2.408240e-01
171 7.514600e-01 6.540000e-03 2.420000e-01
172 7.504120e-01 6.476000e-03 2.431120e-01
173 7.492400e-01 6.584000e-03 2.441760e-01
174 7.481640e-01 6.580000e-03 2.452560e-01
175 7.470640e-01 6.492000e-03 2.464440e-01
176 7.460120e-01 6.448000e-03 2.475400e-01
177 7.451280e-01 6.192000e-03 2.486800e-01
178 7.441440e-01 6.180000e-03 2.496760e-01
179 7.430400e-01 6.204000e-03 2.507560e-01
180 7.419640e-01 6.276000e-03 2.517600e-01
181 7.409760e-01 6.120000e-03 2.529040e-01
182 7.399600e-01 6.100000e-03 2.539400e-01
183 7.388360e-01 6.124000e-03 2.550400e-01
184 7.379360e-01 5.908000e-03 2.561560e-01
185 7.369000e-01 5.884000e-03 2.572160e-01
186 7.359160e-01 5.880000e-03 2.582040e-01
187 7.349000e-01 5.916000e-03 2.591840e-01
188 7.339240e-01 5.804000e-03 2.602720e-01
189 7.329360e-01 5.776000e-03 2.612880e-01
190 7.319240e-01 5.800000e-03 2.622760e-01
191 7.309240e-01 5.640000e-03 2.634360e-01
192 7.299240e-01 5.544000e-03 2.645320e-01
193 7.290160e-01 5.436000e-03 2.655480e-01
194 7.280960e-01 5.336000e-03 2.665680e-01
195 7.271720e-01 5.376000e-03 2.674520e-01
196 7.262400e-01 5.392000e-03 2.683680e-01
197 7.253520e-01 5.236000e-03 2.694120e-01
198 7.245360e-01 5.032000e-03 2.704320e-01
199 7.236200e-01 5.084000e-03 2.712960e-01
200 7.227360e-01 5.128000e-03 2.721360e-01
201 7.218000e-01 5.276000e-03 2.729240e-01
202 7.208880e-01 5.260000e-03 2.738520e-01
203 7.199880e-01 5.160000e-03 2.748520e-01
204 7.192000e-01 5.032000e-03 2.757680e-01
205 7.184760e-01 4.912000e-03 2.766120e-01
206 7.176240e-01 4.916000e-03 2.774600e-01
207 7.168080e-01 4.832000e-03 2.783600e-01
208 7.160400e-01 4.636000e-03 2.793240e-01
209 7.153400e-01 4.512000e-03 2.801480e-01
210 7.145320e-01 4.452000e-03 2.810160e-01
211 7.137680e-01 4.500000e-03 2.817320e-01
212 7.129280e-01 4.544000e-03 2.825280e-01
213 7.121600e-01 4.544000e-03 2.832960e-01
214 7.114400e-01 4.432000e-03 2.841280e-01
215 7.107200e-01 4.372000e-03 2.849080e-01
216 7.100480e-01 4.308000e-03 2.856440e-01
217 7.093840e-01 4.204000e-03 2.864120e-01
218 7.088120e-01 4.068000e-03 2.871200e-01
219 7.081600e-01 3.988000e-03 2.878520e-01
220 7.074640e-01 4.020000e-03 2.885160e-01
221 7.068040e-01 3.968000e-03 2.892280e-01
222 7.060720e-01 4.012000e-03 2.899160e-01
223 7.051960e-01 4.308000e-03 2.904960e-01
224 7.043760e-01 4.388000e-03 2.912360e-01
225 7.036160e-01 4.320000e-03 2.920640e-01
226 7.028680e-01 4.400000e-03 2.927320e-01
227 7.021200e-01 4.464000e-03 2.934160e-01
228 7.013480e-01 4.508000e-03 2.941440e-01
229 7.005240e-01 4.612000e-03 2.948640e-01
230 6.996080e-01 4.656000e-03 2.957360e-01
231 6.987280e-01 4.668000e-03 2.966040e-01
232 6.979800e-01 4.556000e-03 2.974640e-01
233 6.971480e-01 4.532000e-03 2.983200e-01
234 6.964320e-01 4.444000e-03 2.991240e-01
235 6.957080e-01 4.416000e-03 2.998760e-01
236 6.949480e-01 4.364000e-03 3.006880e-01
237 6.941880e-01 4.340000e-03 3.014720e-01
238 6.935840e-01 4.188000e-03 3.022280e-01
239 6.928160e-01 4.240000e-03 3.029440e-01
240 6.920000e-01 4.276000e-03 3.037240e-01
241 6.913160e-01 4.124000e-03 3.045600e-01
242 6.905040e-01 4.196000e-03 3.053000e-01
243 6.897200e-01 4.200000e-03 3.060800e-01
244 6.890200e-01 4.156000e-03 3.068240e-01
245 6.882480e-01 4.132000e-03 3.076200e-01
246 6.875520e-01 4.168000e-03 3.082800e-01
247 6.868720e-01 4.108000e-03 3.090200e-01
248 6.861160e-01 4.132000e-03 3.097520e-01
249 6.854880e-01 4.108000e-03 3.104040e-01
250 6.846960e-01 4.236000e-03 3.110680e-01
251 6.840120e-01 4.156000e-03 3.118320e-01
252 6.832720e-01 4.196000e-03 3.125320e-01
253 6.825360e-01 4.120000e-03 3.133440e-01
254 6.818200e-01 4.108000e-03 3.140720e-01
255 6.812760e-01 4.000000e-03 3.147240e-01
256 6.806440e-01 3.960000e-03 3.153960e-01
257 6.799680e-01 3.952000e-03 3.160800e-01
258 6.793000e-01 3.956000e-03 3.167440e-01
259 6.785520e-01 3.960000e-03 3.174880e-01
260 6.779280e-01 3.888000e-03 3.181840e-01
261 6.772840e-01 3.896000e-03 3.188200e-01
262 6.766560e-01 3.888000e-03 3.194560e-01
263 6.760080e-01 3.832000e-03 3.201600e-01
264 6.753560e-01 3.776000e-03 3.208680e-01
265 6.747280e-01 3.704000e-03 3.215680e-01
266 6.741560e-01 3.604000e-03 3.222400e-01
267 6.735560e-01 3.560000e-03 3.228840e-01
268 6.729320e-01 3.576000e-03 3.234920e-01
269 6.722720e-01 3.596000e-03 3.241320e-01
270 6.717000e-01 3.528000e-03 3.247720e-01
271 6.710920e-01 3.552000e-03 3.253560e-01
272 6.704080e-01 3.628000e-03 3.259640e-01
273 6.697800e-01 3.584000e-03 3.266360e-01
274 6.692080e-01 3.572000e-03 3.272200e-01
275 6.687200e-01 3.500000e-03 3.277800e-01
276 6.681880e-01 3.492000e-03 3.283200e-01
277 6.675400e-01 3.552000e-03 3.289080e-01
278 6.668960e-01 3.512000e-03 3.295920e-01
279 6.663440e-01 3.456000e-03 3.302000e-01
280 6.658120e-01 3.252000e-03 3.309360e-01
281 6.652080e-01 3.212000e-03 3.315800e-01
282 6.646040e-01 3.300000e-03 3.320960e-01
283 6.639960e-01 3.344000e-03 3.326600e-01
284 6.634920e-01 3.240000e-03 3.332680e-01
285 6.629480e-01 3.224000e-03 3.338280e-01
286 6.623760e-01 3.236000e-03 3.343880e-01
287 6.618440e-01 3.252000e-03 3.349040e-01
288 6.613400e-01 3.140000e-03 3.355200e-01
289 6.608080e-01 3.148000e-03 3.360440e-01
290 6.602080e-01 3.256000e-03 3.365360e-01
291 6.597200e-01 3.236000e-03 3.370440e-01
292 6.591720e-01 3.188000e-03 3.376400e-01
293 6.585960e-01 3.180000e-03 3.382240e-01
294 6.581160e-01 3.040000e-03 3.388440e-01
295 6.576800e-01 2.960000e-03 3.393600e-01
296 6.572560e-01 2.868000e-03 3.398760e-01
297 6.568080e-01 2.896000e-03 3.402960e-01
298 6.564000e-01 2.808000e-03 3.407920e-01
299 6.560120e-01 2.736000e-03 3.412520e-01
300 6.555400e-01 2.784000e-03 3.416760e-01
301 6.551440e-01 2.764000e-03 3.420920e-01
302 6.547080e-01 2.744000e-03 3.425480e-01
303 6.542480e-01 2.784000e-03 3.429680e-01
304 6.537760e-01 2.776000e-03 3.434480e-01
305 6.533240e-01 2.740000e-03 3.439360e-01
306 6.529440e-01 2.648000e-03 3.444080e-01
307 6.525920e-01 2.520000e-03 3.448880e-01
308 6.522120e-01 2.484000e-03 3.453040e-01
309 6.518520e-01 2.408000e-03 3.457400e-01
310 6.514360e-01 2.404000e-03 3.461600e-01
311 6.510560e-01 2.332000e-03 3.466120e-01
312 6.505920e-01 2.372000e-03 3.470360e-01
313 6.501560e-01 2.384000e-03 3.474600e-01
314 6.496920e-01 2.412000e-03 3.478960e-01
315 6.493080e-01 2.360000e-03 3.483320e-01
316 6.489960e-01 2.200000e-03 3.488040e-01
317 6.486800e-01 2.100000e-03 3.492200e-01
318 6.482840e-01 2.156000e-03 3.495600e-01
319 6.479400e-01 2.084000e-03 3.499760e-01
320 6.476320e-01 2.028000e-03 3.503400e-01
321 6.472720e-01 2.060000e-03 3.506680e-01
322 6.469760e-01 2.020000e-03 3.510040e-01
323 6.466240e-01 2.012000e-03 3.513640e-01
324 6.463360e-01 1.948000e-03 3.517160e-01
325 6.459600e-01 1.992000e-03 3.520480e-01
326 6.456320e-01 1.972000e-03 3.523960e-01
327 6.453120e-01 1.964000e-03 3.527240e-01
328 6.449680e-01 1.988000e-03 3.530440e-01
329 6.446120e-01 2.036000e-03 3.533520e-01
330 6.442720e-01 2.044000e-03 3.536840e-01
331 6.439640e-01 1.988000e-03 3.540480e-01
332 6.436280e-01 1.980000e-03 3.543920e-01
333 6.433200e-01 1.908000e-03 3.547720e-01
334 6.430080e-01 1.916000e-03 3.550760e-01
335 6.427240e-01 1.908000e-03 3.553680e-01
336 6.424240e-01 1.864000e-03 3.557120e-01
337 6.421800e-01 1.804000e-03 3.560160e-01
338 6.418720e-01 1.820000e-03 3.563080e-01
339 6.415280e-01 1.828000e-03 3.566440e-01
340 6.412240e-01 1.832000e-03 3.569440e-01
341 6.408720e-01 1.880000e-03 3.572480e-01
342 6.406360e-01 1.864000e-03 3.575000e-01
343 6.403320e-01 1.812000e-03 3.578560e-01
344 6.400560e-01 1.760000e-03 3.581840e-01
345 6.397040e-01 1.840000e-03 3.584560e-01
346 6.394400e-01 1.732000e-03 3.588280e-01
347 6.391160e-01 1.704000e-03 3.591800e-01
348 6.388520e-01 1.628000e-03 3.595200e-01
349 6.386040e-01 1.564000e-03 3.598320e-01
350 6.383000e-01 1.588000e-03 3.601120e-01
351 6.379960e-01 1.648000e-03 3.603560e-01
352 6.376160e-01 1.800000e-03 3.605840e-01
353 6.372920e-01 1.804000e-03 3.609040e-01
354 6.369600e-01 1.756000e-03 3.612840e-01
355 6.367840e-01 1.672000e-03 3.615440e-01
356 6.365080e-01 1.660000e-03 3.618320e-01
357 6.361800e-01 1.668000e-03 3.621520e-01
358 6.358480e-01 1.736000e-03 3.624160e-01
359 6.355240e-01 1.744000e-03 3.627320e-01
360 6.352400e-01 1.724000e-03 3.630360e-01
361 6.348560e-01 1.808000e-03 3.633360e-01
362 6.346200e-01 1.696000e-03 3.636840e-01
363 6.343840e-01 1.624000e-03 3.639920e-01
364 6.340600e-01 1.660000e-03 3.642800e-01
365 6.338000e-01 1.596000e-03 3.646040e-01
366 6.335720e-01 1.612000e-03 3.648160e-01
367 6.332760e-01 1.580000e-03 3.651440e-01
368 6.330120e-01 1.576000e-03 3.654120e-01
369 6.327600e-01 1.576000e-03 3.656640e-01
370 6.325400e-01 1.528000e-03 3.659320e-01
371 6.322880e-01 1.468000e-03 3.662440e-01
372 6.321280e-01 1.392000e-03 3.664800e-01
373 6.319520e-01 1.308000e-03 3.667400e-01
374 6.317960e-01 1.252000e-03 3.669520e-01
375 6.316040e-01 1.208000e-03 3.671880e-01
376 6.314920e-01 1.120000e-03 3.673880e-01
377 6.313360e-01 1.104000e-03 3.675600e-01
378 6.311560e-01 1.128000e-03 3.677160e-01
379 6.309720e-01 1.080000e-03 3.679480e-01
380 6.307440e-01 1.156000e-03 3.681000e-01
381 6.306440e-01 1.052000e-03 3.683040e-01
382 6.304320e-01 1.068000e-03 3.685000e-01
383 6.301960e-01 1.116000e-03 3.686880e-01
384 6.299520e-01 1.164000e-03 3.688840e-01
385 6.296840e-01 1.208000e-03 3.691080e-01
386 6.294760e-01 1.204000e-03 3.693200e-01
387 6.292920e-01 1.208000e-03 3.695000e-01
388 6.290960e-01 1.136000e-03 3.697680e-01
389 6.289120e-01 1.092000e-03 3.699960e-01
390 6.286800e-01 1.192000e-03 3.701280e-01
391 6.284280e-01 1.192000e-03 3.703800e-01
392 6.282560e-01 1.144000e-03 3.706000e-01
393 6.280480e-01 1.108000e-03 3.708440e-01
394 6.278960e-01 1.096000e-03 3.710080e-01
395 6.277600e-01 9.920000e-04 3.712480e-01
396 6.276120e-01 9.600000e-04 3.714280e-01
397 6.274520e-01 9.480000e-04 3.716000e-01
398 6.273520e-01 9.040000e-04 3.717440e-01
399 6.272280e-01 9.000000e-04 3.718720e-01
400 6.270920e-01 8.960000e-04 3.720120e-01
401 6.269600e-01 8.320000e-04 3.722080e-01
402 6.267800e-01 8.720000e-04 3.723480e-01
403 6.266720e-01 8.520000e-04 3.724760e-01
404 6.265680e-01 7.880000e-04 3.726440e-01
405 6.264520e-01 7.400000e-04 3.728080e-01
406 6.263720e-01 6.760000e-04 3.729520e-01
407 6.262520e-01 6.960000e-04 3.730520e-01
408 6.261480e-01 7.080000e-04 3.731440e-01
409 6.260640e-01 6.720000e-04 3.732640e-01
410 6.259880e-01 6.040000e-04 3.734080e-01
411 6.259160e-01 5.360000e-04 3.735480e-01
412 6.258000e-01 5.760000e-04 3.736240e-01
413 6.256840e-01 6.200000e-04 3.736960e-01
414 6.256040e-01 6.000000e-04 3.737960e-01
415 6.255560e-01 5.480000e-04 3.738960e-01
416 6.254120e-01 5.840000e-04 3.740040e-01
417 6.252760e-01 6.080000e-04 3.741160e-01
418 6.251640e-01 6.360000e-04 3.742000e-01
419 6.251080e-01 6.080000e-04 3.742840e-01
420 6.250080e-01 6.120000e-04 3.743800e-01
421 6.249080e-01 6.320000e-04 3.744600e-01
422 6.248240e-01 6.040000e-04 3.745720e-01
423 6.246960e-01 6.600000e-04 3.746440e-01
424 6.245760e-01 6.520000e-04 3.747720e-01
425 6.244560e-01 6.360000e-04 3.749080e-01
426 6.243600e-01 6.240000e-04 3.750160e-01
427 6.242600e-01 6.320000e-04 3.751080e-01
428 6.241440e-01 6.320000e-04 3.752240e-01
429 6.240320e-01 6.520000e-04 3.753160e-01
430 6.239360e-01 6.360000e-04 3.754280e-01
431 6.238640e-01 6.040000e-04 3.755320e-01
432 6.237680e-01 6.160000e-04 3.756160e-01
433 6.236480e-01 6.320000e-04 3.757200e-01
434 6.235680e-01 5.960000e-04 3.758360e-01
435 6.234520e-01 6.280000e-04 3.759200e-01
436 6.233720e-01 5.760000e-04 3.760520e-01
437 6.232800e-01 5.440000e-04 3.761760e-01
438 6.231640e-01 5.680000e-04 3.762680e-01
439 6.230920e-01 5.400000e-04 3.763680e-01
440 6.229840e-01 5.680000e-04 3.764480e-01
441 6.229040e-01 5.600000e-04 3.765360e-01
442 6.228040e-01 5.640000e-04 3.766320e-01
443 6.227080e-01 5.640000e-04 3.767280e-01
444 6.226400e-01 5.320000e-04 3.768280e-01
445 6.225880e-01 4.960000e-04 3.769160e-01
446 6.225320e-01 4.360000e-04 3.770320e-01
447 6.224480e-01 4.640000e-04 3.770880e-01
448 6.223840e-01 4.480000e-04 3.771680e-01
449 6.222920e-01 4.720000e-04 3.772360e-01
450 6.221760e-01 5.000000e-04 3.773240e-01
451 6.220880e-01 5.280000e-04 3.773840e-01
452 6.219840e-01 5.480000e-04 3.774680e-01
453 6.218760e-01 5.600000e-04 3.775640e-01
454 6.217480e-01 6.080000e-04 3.776440e-01
455 6.216520e-01 5.960000e-04 3.777520e-01
456 6.215640e-01 5.480000e-04 3.778880e-01
457 6.214720e-01 5.760000e-04 3.779520e-01
458 6.213960e-01 5.360000e-04 3.780680e-01
459 6.213040e-01 5.440000e-04 3.781520e-01
460 6.212360e-01 5.160000e-04 3.782480e-01
461 6.211640e-01 5.160000e-04 3.783200e-01
462 6.210720e-01 5.440000e-04 3.783840e-01
463 6.209720e-01 5.400000e-04 3.784880e-01
464 6.208760e-01 5.400000e-04 3.785840e-01
465 6.208080e-01 5.400000e-04 3.786520e-01
466 6.207240e-01 5.240000e-04 3.787520e-01
467 6.206360e-01 4.960000e-04 3.788680e-01
468 6.205680e-01 4.440000e-04 3.789880e-01
469 6.204720e-01 4.640000e-04 3.790640e-01
470 6.203720e-01 4.680000e-04 3.791600e-01
471 6.202600e-01 4.840000e-04 3.792560e-01
472 6.201200e-01 5.440000e-04 3.793360e-01
473 6.200000e-01 6.080000e-04 3.793920e-01
474 6.198880e-01 6.320000e-04 3.794800e-01
475 6.197480e-01 6.760000e-04 3.795760e-01
476 6.196280e-01 6.560000e-04 3.797160e-01
477 6.195600e-01 6.440000e-04 3.797960e-01
478 6.194600e-01 6.200000e-04 3.799200e-01
479 6.193720e-01 6.000000e-04 3.800280e-01
480 6.192680e-01 5.960000e-04 3.801360e-01
481 6.191880e-01 5.680000e-04 3.802440e-01
482 6.191120e-01 5.640000e-04 3.803240e-01
483 6.190200e-01 5.560000e-04 3.804240e-01
484 6.189280e-01 5.440000e-04 3.805280e-01
485 6.188560e-01 5.400000e-04 3.806040e-01
486 6.187640e-01 5.360000e-04 3.807000e-01
487 6.187040e-01 5.240000e-04 3.807720e-01
488 6.186200e-01 5.280000e-04 3.808520e-01
489 6.185400e-01 5.360000e-04 3.809240e-01
490 6.184840e-01 4.960000e-04 3.810200e-01
491 6.184440e-01 4.600000e-04 3.810960e-01
492 6.183520e-01 4.880000e-04 3.811600e-01
493 6.182960e-01 4.440000e-04 3.812600e-01
494 6.182560e-01 3.920000e-04 3.813520e-01
495 6.182120e-01 3.960000e-04 3.813920e-01
496 6.181720e-01 3.480000e-04 3.814800e-01
497 6.181400e-01 3.120000e-04 3.815480e-01
498 6.180840e-01 3.080000e-04 3.816080e-01
499 6.180160e-01 3.320000e-04 3.816520e-01
500 6.179680e-01 3.480000e-04 3.816840e-01
