1 9.991880e-01 7.360000e-04 7.600000e-05
2 9.986520e-01 1.060000e-03 2.880000e-04
3 9.979240e-01 1.544000e-03 5.320000e-04
4 9.971560e-01 1.968000e-03 8.760000e-04
5 9.963680e-01 2.340000e-03 1.292000e-03
6 9.954360e-01 2.748000e-03 1.816000e-03
7 9.945560e-01 3.096000e-03 2.348000e-03
8 9.935880e-01 3.516000e-03 2.896000e-03
9 9.925160e-01 3.964000e-03 3.520000e-03
10 9.916000e-01 4.136000e-03 4.264000e-03
11 9.905680e-01 4.464000e-03 4.968000e-03
12 9.893120e-01 4.988000e-03 5.700000e-03
13 9.882320e-01 5.124000e-03 6.644000e-03
14 9.871320e-01 5.232000e-03 7.636000e-03
15 9.861480e-01 5.248000e-03 8.604000e-03
16 9.850880e-01 5.396000e-03 9.516000e-03
17 9.839120e-01 5.632000e-03 1.045600e-02
18 9.827600e-01 5.876000e-03 1.136400e-02
19 9.815080e-01 6.080000e-03 1.241200e-02
20 9.802880e-01 6.292000e-03 1.342000e-02
21 9.790560e-01 6.448000e-03 1.449600e-02
22 9.777760e-01 6.444000e-03 1.578000e-02
23 9.766520e-01 6.476000e-03 1.687200e-02
24 9.753840e-01 6.584000e-03 1.803200e-02
25 9.740640e-01 6.756000e-03 1.918000e-02
26 9.726560e-01 6.992000e-03 2.035200e-02
27 9.713840e-01 7.064000e-03 2.155200e-02
28 9.700800e-01 7.068000e-03 2.285200e-02
29 9.686280e-01 7.364000e-03 2.400800e-02
30 9.672760e-01 7.368000e-03 2.535600e-02
31 9.658200e-01 7.604000e-03 2.657600e-02
32 9.644000e-01 7.744000e-03 2.785600e-02
33 9.629040e-01 7.868000e-03 2.922800e-02
34 9.613720e-01 8.144000e-03 3.048400e-02
35 9.599040e-01 8.208000e-03 3.188800e-02
36 9.585000e-01 8.192000e-03 3.330800e-02
37 9.569640e-01 8.240000e-03 3.479600e-02
38 9.552960e-01 8.468000e-03 3.623600e-02
39 9.536960e-01 8.544000e-03 3.776000e-02
40 9.521560e-01 8.620000e-03 3.922400e-02
41 9.505520e-01 8.704000e-03 4.074400e-02
42 9.490520e-01 8.680000e-03 4.226800e-02
43 9.474800e-01 8.808000e-03 4.371200e-02
44 9.459880e-01 8.676000e-03 4.533600e-02
45 9.444160e-01 8.764000e-03 4.682000e-02
46 9.429400e-01 8.684000e-03 4.837600e-02
47 9.415920e-01 8.608000e-03 4.980000e-02
48 9.401880e-01 8.680000e-03 5.113200e-02
49 9.387880e-01 8.464000e-03 5.274800e-02
50 9.374120e-01 8.304000e-03 5.428400e-02
51 9.359560e-01 8.320000e-03 5.572400e-02
52 9.344120e-01 8.464000e-03 5.712400e-02
53 9.328240e-01 8.424000e-03 5.875200e-02
54 9.314360e-01 8.328000e-03 6.023600e-02
55 9.299080e-01 8.440000e-03 6.165200e-02
56 9.284320e-01 8.568000e-03 6.300000e-02
57 9.270800e-01 8.540000e-03 6.438000e-02
58 9.256480e-01 8.452000e-03 6.590000e-02
59 9.244000e-01 8.156000e-03 6.744400e-02
60 9.231400e-01 7.956000e-03 6.890400e-02
61 9.218720e-01 7.860000e-03 7.026800e-02
62 9.203920e-01 8.120000e-03 7.148800e-02
63 9.190080e-01 8.076000e-03 7.291600e-02
64 9.176360e-01 8.016000e-03 7.434800e-02
65 9.161400e-01 8.132000e-03 7.572800e-02
66 9.147640e-01 8.160000e-03 7.707600e-02
67 9.134760e-01 8.264000e-03 7.826000e-02
68 9.121000e-01 8.220000e-03 7.968000e-02
69 9.106320e-01 8.280000e-03 8.108800e-02
70 9.093280e-01 8.196000e-03 8.247600e-02
71 9.080400e-01 7.972000e-03 8.398800e-02
72 9.066560e-01 8.044000e-03 8.530000e-02
73 9.053120e-01 7.992000e-03 8.669600e-02
74 9.038640e-01 8.056000e-03 8.808000e-02
75 9.024160e-01 8.164000e-03 8.942000e-02
76 9.011960e-01 8.076000e-03 9.072800e-02
77 8.998920e-01 7.912000e-03 9.219600e-02
78 8.985480e-01 7.996000e-03 9.345600e-02
79 8.972240e-01 7.976000e-03 9.480000e-02
80 8.958080e-01 8.048000e-03 9.614400e-02
81 8.946240e-01 7.804000e-03 9.757200e-02
82 8.932720e-01 7.712000e-03 9.901600e-02
83 8.919160e-01 7.748000e-03 1.003360e-01
84 8.905960e-01 7.780000e-03 1.016240e-01
85 8.892920e-01 7.656000e-03 1.030520e-01
86 8.878680e-01 7.732000e-03 1.044000e-01
87 8.866000e-01 7.668000e-03 1.057320e-01
88 8.852680e-01 7.676000e-03 1.070560e-01
89 8.840200e-01 7.636000e-03 1.083440e-01
90 8.826560e-01 7.640000e-03 1.097040e-01
91 8.811840e-01 7.692000e-03 1.111240e-01
92 8.797280e-01 7.692000e-03 1.125800e-01
93 8.782200e-01 7.896000e-03 1.138840e-01
94 8.768720e-01 7.860000e-03 1.152680e-01
95 8.755440e-01 7.792000e-03 1.166640e-01
96 8.741760e-01 7.784000e-03 1.180400e-01
97 8.728440e-01 7.760000e-03 1.193960e-01
98 8.714360e-01 7.912000e-03 1.206520e-01
99 8.701600e-01 7.844000e-03 1.219960e-01
100 8.687880e-01 7.932000e-03 1.232800e-01
101 8.675680e-01 7.876000e-03 1.245560e-01
102 8.663680e-01 7.640000e-03 1.259920e-01
103 8.652920e-01 7.332000e-03 1.273760e-01
104 8.639400e-01 7.408000e-03 1.286520e-01
105 8.628120e-01 7.160000e-03 1.300280e-01
106 8.615680e-01 7.148000e-03 1.312840e-01
107 8.602680e-01 7.132000e-03 1.326000e-01
108 8.590720e-01 7.084000e-03 1.338440e-01
109 8.578680e-01 7.012000e-03 1.351200e-01
110 8.568200e-01 6.784000e-03 1.363960e-01
111 8.555720e-01 6.788000e-03 1.376400e-01
112 8.542280e-01 6.868000e-03 1.389040e-01
113 8.529920e-01 6.768000e-03 1.402400e-01
114 8.517120e-01 6.820000e-03 1.414680e-01
115 8.506040e-01 6.728000e-03 1.426680e-01
116 8.494800e-01 6.648000e-03 1.438720e-01
117 8.483760e-01 6.644000e-03 1.449800e-01
118 8.471800e-01 6.692000e-03 1.461280e-01
119 8.461360e-01 6.580000e-03 1.472840e-01
120 8.448920e-01 6.764000e-03 1.483440e-01
121 8.435560e-01 6.796000e-03 1.496480e-01
122 8.424440e-01 6.788000e-03 1.507680e-01
123 8.414640e-01 6.432000e-03 1.521040e-01
124 8.404240e-01 6.308000e-03 1.532680e-01
125 8.392840e-01 6.360000e-03 1.543560e-01
126 8.383520e-01 6.260000e-03 1.553880e-01
127 8.372800e-01 6.356000e-03 1.563640e-01
128 8.361360e-01 6.360000e-03 1.575040e-01
129 8.352280e-01 6.024000e-03 1.587480e-01
130 8.342240e-01 5.928000e-03 1.598480e-01
131 8.332360e-01 5.860000e-03 1.609040e-01
132 8.322120e-01 5.840000e-03 1.619480e-01
133 8.312560e-01 5.804000e-03 1.629400e-01
134 8.303680e-01 5.788000e-03 1.638440e-01
135 8.295400e-01 5.624000e-03 1.648360e-01
136 8.286360e-01 5.528000e-03 1.658360e-01
137 8.277280e-01 5.520000e-03 1.667520e-01
138 8.268240e-01 5.512000e-03 1.676640e-01
139 8.260080e-01 5.368000e-03 1.686240e-01
140 8.250840e-01 5.276000e-03 1.696400e-01
141 8.241640e-01 5.200000e-03 1.706360e-01
142 8.232920e-01 5.176000e-03 1.715320e-01
143 8.225680e-01 4.964000e-03 1.724680e-01
144 8.217200e-01 5.008000e-03 1.732720e-01
145 8.208560e-01 5.076000e-03 1.740680e-01
146 8.199360e-01 5.084000e-03 1.749800e-01
147 8.189480e-01 5.128000e-03 1.759240e-01
148 8.180400e-01 5.152000e-03 1.768080e-01
149 8.172080e-01 5.228000e-03 1.775640e-01
150 8.163280e-01 5.180000e-03 1.784920e-01
151 8.155560e-01 5.044000e-03 1.794000e-01
152 8.147000e-01 4.924000e-03 1.803760e-01
153 8.138040e-01 4.892000e-03 1.813040e-01
154 8.130440e-01 4.808000e-03 1.821480e-01
155 8.121840e-01 4.868000e-03 1.829480e-01
156 8.113480e-01 4.816000e-03 1.838360e-01
157 8.105280e-01 4.784000e-03 1.846880e-01
158 8.096240e-01 4.824000e-03 1.855520e-01
159 8.089000e-01 4.708000e-03 1.863920e-01
160 8.081320e-01 4.612000e-03 1.872560e-01
161 8.073880e-01 4.512000e-03 1.881000e-01
162 8.065560e-01 4.548000e-03 1.888960e-01
163 8.058200e-01 4.484000e-03 1.896960e-01
164 8.049960e-01 4.432000e-03 1.905720e-01
165 8.042640e-01 4.452000e-03 1.912840e-01
166 8.034440e-01 4.516000e-03 1.920400e-01
167 8.026120e-01 4.548000e-03 1.928400e-01
168 8.018840e-01 4.524000e-03 1.935920e-01
169 8.011800e-01 4.532000e-03 1.942880e-01
170 8.004320e-01 4.552000e-03 1.950160e-01
171 7.996000e-01 4.632000e-03 1.957680e-01
172 7.986800e-01 4.680000e-03 1.966400e-01
173 7.978240e-01 4.744000e-03 1.974320e-01
174 7.969080e-01 4.748000e-03 1.983440e-01
175 7.960680e-01 4.700000e-03 1.992320e-01
176 7.952280e-01 4.756000e-03 2.000160e-01
177 7.943560e-01 4.764000e-03 2.008800e-01
178 7.934600e-01 4.840000e-03 2.017000e-01
179 7.926200e-01 4.848000e-03 2.025320e-01
180 7.919360e-01 4.680000e-03 2.033840e-01
181 7.910520e-01 4.808000e-03 2.041400e-01
182 7.901560e-01 4.884000e-03 2.049600e-01
183 7.892800e-01 4.852000e-03 2.058680e-01
184 7.884640e-01 4.800000e-03 2.067360e-01
185 7.875640e-01 4.892000e-03 2.075440e-01
186 7.867920e-01 4.824000e-03 2.083840e-01
187 7.859080e-01 4.856000e-03 2.092360e-01
188 7.850760e-01 4.864000e-03 2.100600e-01
189 7.841960e-01 4.984000e-03 2.108200e-01
190 7.832040e-01 5.124000e-03 2.116720e-01
191 7.823000e-01 5.172000e-03 2.125280e-01
192 7.813880e-01 5.084000e-03 2.135280e-01
193 7.804680e-01 5.040000e-03 2.144920e-01
194 7.794960e-01 5.144000e-03 2.153600e-01
195 7.787200e-01 5.016000e-03 2.162640e-01
196 7.778680e-01 4.988000e-03 2.171440e-01
197 7.771160e-01 4.796000e-03 2.180880e-01
198 7.763040e-01 4.736000e-03 2.189600e-01
199 7.755040e-01 4.624000e-03 2.198720e-01
200 7.746960e-01 4.648000e-03 2.206560e-01
201 7.739320e-01 4.684000e-03 2.213840e-01
202 7.731880e-01 4.608000e-03 2.222040e-01
203 7.725120e-01 4.500000e-03 2.229880e-01
204 7.718560e-01 4.440000e-03 2.237040e-01
205 7.711760e-01 4.368000e-03 2.244560e-01
206 7.704040e-01 4.404000e-03 2.251920e-01
207 7.696360e-01 4.400000e-03 2.259640e-01
208 7.689600e-01 4.372000e-03 2.266680e-01
209 7.682960e-01 4.228000e-03 2.274760e-01
210 7.676760e-01 4.196000e-03 2.281280e-01
211 7.669440e-01 4.204000e-03 2.288520e-01
212 7.662400e-01 4.136000e-03 2.296240e-01
213 7.655600e-01 4.152000e-03 2.302880e-01
214 7.647960e-01 4.168000e-03 2.310360e-01
215 7.640720e-01 4.188000e-03 2.317400e-01
216 7.632520e-01 4.240000e-03 2.325080e-01
217 7.624640e-01 4.344000e-03 2.331920e-01
218 7.616600e-01 4.368000e-03 2.339720e-01
219 7.608800e-01 4.396000e-03 2.347240e-01
220 7.600600e-01 4.436000e-03 2.355040e-01
221 7.593040e-01 4.392000e-03 2.363040e-01
222 7.586120e-01 4.328000e-03 2.370600e-01
223 7.577840e-01 4.384000e-03 2.378320e-01
224 7.570640e-01 4.336000e-03 2.386000e-01
225 7.563760e-01 4.248000e-03 2.393760e-01
226 7.556320e-01 4.256000e-03 2.401120e-01
227 7.549520e-01 4.092000e-03 2.409560e-01
228 7.543880e-01 3.964000e-03 2.416480e-01
229 7.538880e-01 3.804000e-03 2.423080e-01
230 7.531640e-01 3.792000e-03 2.430440e-01
231 7.525520e-01 3.772000e-03 2.436760e-01
232 7.519440e-01 3.628000e-03 2.444280e-01
233 7.513680e-01 3.580000e-03 2.450520e-01
234 7.507280e-01 3.556000e-03 2.457160e-01
235 7.500560e-01 3.636000e-03 2.463080e-01
236 7.494680e-01 3.568000e-03 2.469640e-01
237 7.488720e-01 3.528000e-03 2.476000e-01
238 7.482880e-01 3.552000e-03 2.481600e-01
239 7.477480e-01 3.516000e-03 2.487360e-01
240 7.471200e-01 3.480000e-03 2.494000e-01
241 7.466520e-01 3.368000e-03 2.499800e-01
242 7.460920e-01 3.340000e-03 2.505680e-01
243 7.454080e-01 3.428000e-03 2.511640e-01
244 7.447880e-01 3.540000e-03 2.516720e-01
245 7.441680e-01 3.504000e-03 2.523280e-01
246 7.434640e-01 3.580000e-03 2.529560e-01
247 7.428440e-01 3.464000e-03 2.536920e-01
248 7.422080e-01 3.472000e-03 2.543200e-01
249 7.416200e-01 3.488000e-03 2.548920e-01
250 7.411080e-01 3.356000e-03 2.555360e-01
251 7.405600e-01 3.376000e-03 2.560640e-01
252 7.400160e-01 3.432000e-03 2.565520e-01
253 7.394960e-01 3.384000e-03 2.571200e-01
254 7.389560e-01 3.312000e-03 2.577320e-01
255 7.383560e-01 3.276000e-03 2.583680e-01
256 7.378480e-01 3.236000e-03 2.589160e-01
257 7.372760e-01 3.172000e-03 2.595520e-01
258 7.367120e-01 3.256000e-03 2.600320e-01
259 7.361560e-01 3.216000e-03 2.606280e-01
260 7.355760e-01 3.304000e-03 2.611200e-01
261 7.349640e-01 3.320000e-03 2.617160e-01
262 7.344560e-01 3.256000e-03 2.622880e-01
263 7.338960e-01 3.232000e-03 2.628720e-01
264 7.334040e-01 3.132000e-03 2.634640e-01
265 7.328680e-01 3.012000e-03 2.641200e-01
266 7.324240e-01 2.948000e-03 2.646280e-01
267 7.319400e-01 2.940000e-03 2.651200e-01
268 7.314360e-01 2.900000e-03 2.656640e-01
269 7.310160e-01 2.836000e-03 2.661480e-01
270 7.305200e-01 2.792000e-03 2.666880e-01
271 7.300720e-01 2.708000e-03 2.672200e-01
272 7.295840e-01 2.764000e-03 2.676520e-01
273 7.291360e-01 2.708000e-03 2.681560e-01
274 7.286480e-01 2.732000e-03 2.686200e-01
275 7.281240e-01 2.816000e-03 2.690600e-01
276 7.276800e-01 2.744000e-03 2.695760e-01
277 7.272120e-01 2.748000e-03 2.700400e-01
278 7.267360e-01 2.732000e-03 2.705320e-01
279 7.263080e-01 2.684000e-03 2.710080e-01
280 7.258800e-01 2.648000e-03 2.714720e-01
281 7.254960e-01 2.640000e-03 2.718640e-01
282 7.251160e-01 2.604000e-03 2.722800e-01
283 7.247120e-01 2.460000e-03 2.728280e-01
284 7.243040e-01 2.380000e-03 2.733160e-01
285 7.238640e-01 2.408000e-03 2.737280e-01
286 7.234920e-01 2.360000e-03 2.741480e-01
287 7.231440e-01 2.284000e-03 2.745720e-01
288 7.228360e-01 2.180000e-03 2.749840e-01
289 7.224640e-01 2.184000e-03 2.753520e-01
290 7.220960e-01 2.124000e-03 2.757800e-01
291 7.217680e-01 2.072000e-03 2.761600e-01
292 7.213560e-01 2.064000e-03 2.765800e-01
293 7.210520e-01 1.988000e-03 2.769600e-01
294 7.207480e-01 1.968000e-03 2.772840e-01
295 7.203840e-01 1.928000e-03 2.776880e-01
296 7.200640e-01 1.920000e-03 2.780160e-01
297 7.196760e-01 1.940000e-03 2.783840e-01
298 7.193280e-01 1.932000e-03 2.787400e-01
299 7.189840e-01 1.964000e-03 2.790520e-01
300 7.187000e-01 1.960000e-03 2.793400e-01
301 7.183960e-01 1.944000e-03 2.796600e-01
302 7.180880e-01 1.940000e-03 2.799720e-01
303 7.177560e-01 1.912000e-03 2.803320e-01
304 7.174320e-01 1.896000e-03 2.806720e-01
305 7.170680e-01 1.924000e-03 2.810080e-01
306 7.167360e-01 1.936000e-03 2.813280e-01
307 7.163600e-01 2.008000e-03 2.816320e-01
308 7.159920e-01 1.996000e-03 2.820120e-01
309 7.156400e-01 1.976000e-03 2.823840e-01
310 7.153520e-01 1.932000e-03 2.827160e-01
311 7.150640e-01 1.828000e-03 2.831080e-01
312 7.147280e-01 1.784000e-03 2.834880e-01
313 7.144000e-01 1.824000e-03 2.837760e-01
314 7.140560e-01 1.848000e-03 2.840960e-01
315 7.137080e-01 1.856000e-03 2.844360e-01
316 7.133800e-01 1.904000e-03 2.847160e-01
317 7.131040e-01 1.860000e-03 2.850360e-01
318 7.127160e-01 1.868000e-03 2.854160e-01
319 7.123040e-01 1.900000e-03 2.857960e-01
320 7.119920e-01 1.864000e-03 2.861440e-01
321 7.117160e-01 1.768000e-03 2.865160e-01
322 7.114960e-01 1.680000e-03 2.868240e-01
323 7.112360e-01 1.632000e-03 2.871320e-01
324 7.109480e-01 1.704000e-03 2.873480e-01
325 7.106040e-01 1.668000e-03 2.877280e-01
326 7.102440e-01 1.776000e-03 2.879800e-01
327 7.099280e-01 1.728000e-03 2.883440e-01
328 7.095920e-01 1.772000e-03 2.886360e-01
329 7.092800e-01 1.804000e-03 2.889160e-01
330 7.089000e-01 1.880000e-03 2.892200e-01
331 7.085800e-01 1.880000e-03 2.895400e-01
332 7.081920e-01 1.940000e-03 2.898680e-01
333 7.078280e-01 1.916000e-03 2.902560e-01
334 7.074880e-01 1.996000e-03 2.905160e-01
335 7.070520e-01 2.032000e-03 2.909160e-01
336 7.067200e-01 1.956000e-03 2.913240e-01
337 7.063480e-01 2.004000e-03 2.916480e-01
338 7.059240e-01 2.076000e-03 2.920000e-01
339 7.055120e-01 2.124000e-03 2.923640e-01
340 7.050760e-01 2.204000e-03 2.927200e-01
341 7.046720e-01 2.232000e-03 2.930960e-01
342 7.043200e-01 2.200000e-03 2.934800e-01
343 7.039240e-01 2.228000e-03 2.938480e-01
344 7.036120e-01 2.160000e-03 2.942280e-01
345 7.032880e-01 2.084000e-03 2.946280e-01
346 7.029320e-01 2.072000e-03 2.949960e-01
347 7.025720e-01 2.080000e-03 2.953480e-01
348 7.022040e-01 2.060000e-03 2.957360e-01
349 7.018520e-01 2.024000e-03 2.961240e-01
350 7.014560e-01 2.044000e-03 2.965000e-01
351 7.011120e-01 2.012000e-03 2.968760e-01
352 7.007360e-01 2.032000e-03 2.972320e-01
353 7.003760e-01 2.056000e-03 2.975680e-01
354 7.000280e-01 2.000000e-03 2.979720e-01
355 6.997120e-01 2.000000e-03 2.982880e-01
356 6.994680e-01 1.904000e-03 2.986280e-01
357 6.991760e-01 1.864000e-03 2.989600e-01
358 6.988280e-01 1.880000e-03 2.992920e-01
359 6.984600e-01 1.924000e-03 2.996160e-01
360 6.981160e-01 1.940000e-03 2.999440e-01
361 6.977040e-01 1.948000e-03 3.003480e-01
362 6.973360e-01 1.972000e-03 3.006920e-01
363 6.970200e-01 1.932000e-03 3.010480e-01
364 6.967120e-01 1.892000e-03 3.013960e-01
365 6.964040e-01 1.872000e-03 3.017240e-01
366 6.960320e-01 1.912000e-03 3.020560e-01
367 6.956280e-01 1.928000e-03 3.024440e-01
368 6.952800e-01 1.928000e-03 3.027920e-01
369 6.949160e-01 1.972000e-03 3.031120e-01
370 6.945320e-01 1.992000e-03 3.034760e-01
371 6.940960e-01 2.068000e-03 3.038360e-01
372 6.937120e-01 2.080000e-03 3.042080e-01
373 6.932920e-01 2.140000e-03 3.045680e-01
374 6.928600e-01 2.168000e-03 3.049720e-01
375 6.924800e-01 2.212000e-03 3.053080e-01
376 6.921160e-01 2.176000e-03 3.057080e-01
377 6.917040e-01 2.208000e-03 3.060880e-01
378 6.913600e-01 2.232000e-03 3.064080e-01
379 6.910240e-01 2.204000e-03 3.067720e-01
380 6.906880e-01 2.160000e-03 3.071520e-01
381 6.903560e-01 2.136000e-03 3.075080e-01
382 6.900000e-01 2.100000e-03 3.079000e-01
383 6.896760e-01 2.028000e-03 3.082960e-01
384 6.893720e-01 1.952000e-03 3.086760e-01
385 6.891360e-01 1.828000e-03 3.090360e-01
386 6.888480e-01 1.812000e-03 3.093400e-01
387 6.884920e-01 1.876000e-03 3.096320e-01
388 6.882240e-01 1.816000e-03 3.099600e-01
389 6.879040e-01 1.852000e-03 3.102440e-01
390 6.876320e-01 1.776000e-03 3.105920e-01
391 6.873640e-01 1.756000e-03 3.108800e-01
392 6.870800e-01 1.744000e-03 3.111760e-01
393 6.867800e-01 1.744000e-03 3.114760e-01
394 6.865440e-01 1.688000e-03 3.117680e-01
395 6.862320e-01 1.740000e-03 3.120280e-01
396 6.858800e-01 1.776000e-03 3.123440e-01
397 6.855240e-01 1.784000e-03 3.126920e-01
398 6.852640e-01 1.800000e-03 3.129360e-01
399 6.849360e-01 1.820000e-03 3.132440e-01
400 6.845800e-01 1.860000e-03 3.135600e-01
401 6.842760e-01 1.780000e-03 3.139440e-01
402 6.839480e-01 1.748000e-03 3.143040e-01
403 6.836480e-01 1.728000e-03 3.146240e-01
404 6.833840e-01 1.704000e-03 3.149120e-01
405 6.831320e-01 1.596000e-03 3.152720e-01
406 6.827520e-01 1.692000e-03 3.155560e-01
407 6.824720e-01 1.672000e-03 3.158560e-01
408 6.822000e-01 1.644000e-03 3.161560e-01
409 6.819560e-01 1.616000e-03 3.164280e-01
410 6.817120e-01 1.552000e-03 3.167360e-01
411 6.814640e-01 1.528000e-03 3.170080e-01
412 6.811960e-01 1.484000e-03 3.173200e-01
413 6.809440e-01 1.496000e-03 3.175600e-01
414 6.807120e-01 1.452000e-03 3.178360e-01
415 6.804400e-01 1.520000e-03 3.180400e-01
416 6.801600e-01 1.548000e-03 3.182920e-01
417 6.798880e-01 1.520000e-03 3.185920e-01
418 6.795200e-01 1.604000e-03 3.188760e-01
419 6.791760e-01 1.680000e-03 3.191440e-01
420 6.788240e-01 1.720000e-03 3.194560e-01
421 6.785160e-01 1.736000e-03 3.197480e-01
422 6.781880e-01 1.724000e-03 3.200880e-01
423 6.779000e-01 1.616000e-03 3.204840e-01
424 6.775880e-01 1.692000e-03 3.207200e-01
425 6.773000e-01 1.696000e-03 3.210040e-01
426 6.770160e-01 1.684000e-03 3.213000e-01
427 6.768040e-01 1.576000e-03 3.216200e-01
428 6.765320e-01 1.548000e-03 3.219200e-01
429 6.762840e-01 1.540000e-03 3.221760e-01
430 6.760960e-01 1.440000e-03 3.224640e-01
431 6.758120e-01 1.428000e-03 3.227600e-01
432 6.755120e-01 1.536000e-03 3.229520e-01
433 6.752440e-01 1.520000e-03 3.232360e-01
434 6.748960e-01 1.644000e-03 3.234600e-01
435 6.745640e-01 1.680000e-03 3.237560e-01
436 6.742760e-01 1.660000e-03 3.240640e-01
437 6.740280e-01 1.592000e-03 3.243800e-01
438 6.737080e-01 1.692000e-03 3.246000e-01
439 6.734280e-01 1.616000e-03 3.249560e-01
440 6.731080e-01 1.644000e-03 3.252480e-01
441 6.728520e-01 1.564000e-03 3.255840e-01
442 6.725920e-01 1.528000e-03 3.258800e-01
443 6.723360e-01 1.488000e-03 3.261760e-01
444 6.721160e-01 1.468000e-03 3.264160e-01
445 6.718520e-01 1.496000e-03 3.266520e-01
446 6.715200e-01 1.552000e-03 3.269280e-01
447 6.712440e-01 1.608000e-03 3.271480e-01
448 6.709480e-01 1.636000e-03 3.274160e-01
449 6.706240e-01 1.704000e-03 3.276720e-01
450 6.703560e-01 1.608000e-03 3.280360e-01
451 6.700960e-01 1.556000e-03 3.283480e-01
452 6.698200e-01 1.608000e-03 3.285720e-01
453 6.695520e-01 1.604000e-03 3.288440e-01
454 6.692960e-01 1.568000e-03 3.291360e-01
455 6.690520e-01 1.508000e-03 3.294400e-01
456 6.687800e-01 1.508000e-03 3.297120e-01
457 6.685120e-01 1.408000e-03 3.300800e-01
458 6.682640e-01 1.424000e-03 3.303120e-01
459 6.679840e-01 1.404000e-03 3.306120e-01
460 6.677840e-01 1.376000e-03 3.308400e-01
461 6.675600e-01 1.324000e-03 3.311160e-01
462 6.673160e-01 1.396000e-03 3.312880e-01
463 6.670480e-01 1.396000e-03 3.315560e-01
464 6.667120e-01 1.456000e-03 3.318320e-01
465 6.663280e-01 1.568000e-03 3.321040e-01
466 6.660840e-01 1.524000e-03 3.323920e-01
467 6.657800e-01 1.600000e-03 3.326200e-01
468 6.655160e-01 1.592000e-03 3.328920e-01
469 6.652360e-01 1.588000e-03 3.331760e-01
470 6.648920e-01 1.684000e-03 3.334240e-01
471 6.646480e-01 1.624000e-03 3.337280e-01
472 6.644080e-01 1.592000e-03 3.340000e-01
473 6.642080e-01 1.520000e-03 3.342720e-01
474 6.639880e-01 1.524000e-03 3.344880e-01
475 6.637360e-01 1.480000e-03 3.347840e-01
476 6.634280e-01 1.524000e-03 3.350480e-01
477 6.631880e-01 1.552000e-03 3.352600e-01
478 6.630320e-01 1.452000e-03 3.355160e-01
479 6.628520e-01 1.368000e-03 3.357800e-01
480 6.626680e-01 1.272000e-03 3.360600e-01
481 6.624760e-01 1.264000e-03 3.362600e-01
482 6.622560e-01 1.284000e-03 3.364600e-01
483 6.621160e-01 1.164000e-03 3.367200e-01
484 6.619840e-01 1.096000e-03 3.369200e-01
485 6.618120e-01 1.080000e-03 3.371080e-01
486 6.616680e-01 1.052000e-03 3.372800e-01
487 6.615080e-01 1.012000e-03 3.374800e-01
488 6.613360e-01 1.008000e-03 3.376560e-01
489 6.611480e-01 1.044000e-03 3.378080e-01
490 6.609280e-01 1.072000e-03 3.380000e-01
491 6.606640e-01 1.128000e-03 3.382080e-01
492 6.603720e-01 1.244000e-03 3.383840e-01
493 6.601320e-01 1.256000e-03 3.386120e-01
494 6.599200e-01 1.228000e-03 3.388520e-01
495 6.597560e-01 1.200000e-03 3.390440e-01
496 6.596000e-01 1.112000e-03 3.392880e-01
497 6.594160e-01 1.112000e-03 3.394720e-01
498 6.591440e-01 1.184000e-03 3.396720e-01
499 6.589200e-01 1.172000e-03 3.399080e-01
500 6.586960e-01 1.212000e-03 3.400920e-01
