1 9.991800e-01 7.320000e-04 8.800000e-05
2 9.985760e-01 1.216000e-03 2.080000e-04
3 9.978040e-01 1.780000e-03 4.160000e-04
4 9.969880e-01 2.144000e-03 8.680000e-04
5 9.961000e-01 2.668000e-03 1.232000e-03
6 9.951880e-01 3.032000e-03 1.780000e-03
7 9.941960e-01 3.512000e-03 2.292000e-03
8 9.931120e-01 3.940000e-03 2.948000e-03
9 9.918920e-01 4.372000e-03 3.736000e-03
10 9.906400e-01 4.940000e-03 4.420000e-03
11 9.893960e-01 5.228000e-03 5.376000e-03
12 9.881920e-01 5.480000e-03 6.328000e-03
13 9.869440e-01 5.748000e-03 7.308000e-03
14 9.854040e-01 6.328000e-03 8.268000e-03
15 9.840480e-01 6.576000e-03 9.376000e-03
16 9.826720e-01 6.740000e-03 1.058800e-02
17 9.811880e-01 7.056000e-03 1.175600e-02
18 9.796840e-01 7.420000e-03 1.289600e-02
19 9.779560e-01 7.988000e-03 1.405600e-02
20 9.763800e-01 8.108000e-03 1.551200e-02
21 9.748600e-01 8.252000e-03 1.688800e-02
22 9.731640e-01 8.576000e-03 1.826000e-02
23 9.715920e-01 8.596000e-03 1.981200e-02
24 9.697920e-01 8.896000e-03 2.131200e-02
25 9.681560e-01 8.944000e-03 2.290000e-02
26 9.664440e-01 9.120000e-03 2.443600e-02
27 9.649720e-01 8.908000e-03 2.612000e-02
28 9.633080e-01 9.028000e-03 2.766400e-02
29 9.615400e-01 9.096000e-03 2.936400e-02
30 9.599680e-01 8.964000e-03 3.106800e-02
31 9.583360e-01 8.860000e-03 3.280400e-02
32 9.566520e-01 8.916000e-03 3.443200e-02
33 9.550800e-01 8.992000e-03 3.592800e-02
34 9.534720e-01 9.064000e-03 3.746400e-02
35 9.516840e-01 9.172000e-03 3.914400e-02
36 9.499520e-01 9.388000e-03 4.066000e-02
37 9.482200e-01 9.560000e-03 4.222000e-02
38 9.464600e-01 9.604000e-03 4.393600e-02
39 9.447440e-01 9.516000e-03 4.574000e-02
40 9.427680e-01 9.772000e-03 4.746000e-02
41 9.410200e-01 9.884000e-03 4.909600e-02
42 9.393080e-01 9.700000e-03 5.099200e-02
43 9.375160e-01 9.776000e-03 5.270800e-02
44 9.357400e-01 9.896000e-03 5.436400e-02
45 9.340960e-01 9.672000e-03 5.623200e-02
46 9.324440e-01 9.652000e-03 5.790400e-02
47 9.307720e-01 9.616000e-03 5.961200e-02
48 9.289360e-01 9.888000e-03 6.117600e-02
49 9.270080e-01 1.022000e-02 6.277200e-02
50 9.253360e-01 1.002000e-02 6.464400e-02
51 9.236400e-01 1.000000e-02 6.636000e-02
52 9.219720e-01 9.900000e-03 6.812800e-02
53 9.202600e-01 9.748000e-03 6.999200e-02
54 9.185600e-01 9.732000e-03 7.170800e-02
55 9.168960e-01 9.676000e-03 7.342800e-02
56 9.152240e-01 9.696000e-03 7.508000e-02
57 9.134080e-01 9.960000e-03 7.663200e-02
58 9.116520e-01 9.864000e-03 7.848400e-02
59 9.100000e-01 9.944000e-03 8.005600e-02
60 9.082120e-01 1.008800e-02 8.170000e-02
61 9.062960e-01 1.039600e-02 8.330800e-02
62 9.043760e-01 1.055600e-02 8.506800e-02
63 9.024560e-01 1.055600e-02 8.698800e-02
64 9.005520e-01 1.060800e-02 8.884000e-02
65 8.986920e-01 1.070000e-02 9.060800e-02
66 8.967240e-01 1.073600e-02 9.254000e-02
67 8.948080e-01 1.086000e-02 9.433200e-02
68 8.927960e-01 1.099600e-02 9.620800e-02
69 8.908560e-01 1.103600e-02 9.810800e-02
70 8.889440e-01 1.100000e-02 1.000560e-01
71 8.870600e-01 1.095600e-02 1.019840e-01
72 8.850320e-01 1.096000e-02 1.040080e-01
73 8.832360e-01 1.090000e-02 1.058640e-01
74 8.813920e-01 1.103200e-02 1.075760e-01
75 8.795840e-01 1.098400e-02 1.094320e-01
76 8.779560e-01 1.083200e-02 1.112120e-01
77 8.760560e-01 1.070800e-02 1.132360e-01
78 8.743600e-01 1.038400e-02 1.152560e-01
79 8.727960e-01 1.007600e-02 1.171280e-01
80 8.712360e-01 9.856000e-03 1.189080e-01
81 8.697120e-01 9.640000e-03 1.206480e-01
82 8.678800e-01 9.880000e-03 1.222400e-01
83 8.661080e-01 9.852000e-03 1.240400e-01
84 8.645680e-01 9.688000e-03 1.257440e-01
85 8.629080e-01 9.820000e-03 1.272720e-01
86 8.612120e-01 9.792000e-03 1.289960e-01
87 8.595480e-01 9.808000e-03 1.306440e-01
88 8.580320e-01 9.612000e-03 1.323560e-01
89 8.564720e-01 9.424000e-03 1.341040e-01
90 8.548040e-01 9.612000e-03 1.355840e-01
91 8.531360e-01 9.656000e-03 1.372080e-01
92 8.514840e-01 9.616000e-03 1.389000e-01
93 8.497720e-01 9.620000e-03 1.406080e-01
94 8.481480e-01 9.456000e-03 1.423960e-01
95 8.467160e-01 9.292000e-03 1.439920e-01
96 8.450600e-01 9.348000e-03 1.455920e-01
97 8.435720e-01 9.232000e-03 1.471960e-01
98 8.421320e-01 8.916000e-03 1.489520e-01
99 8.405200e-01 8.888000e-03 1.505920e-01
100 8.389080e-01 8.828000e-03 1.522640e-01
101 8.371920e-01 8.948000e-03 1.538600e-01
102 8.356000e-01 9.032000e-03 1.553680e-01
103 8.342600e-01 8.876000e-03 1.568640e-01
104 8.328720e-01 8.780000e-03 1.583480e-01
105 8.315080e-01 8.576000e-03 1.599160e-01
106 8.300600e-01 8.512000e-03 1.614280e-01
107 8.286320e-01 8.420000e-03 1.629480e-01
108 8.271880e-01 8.488000e-03 1.643240e-01
109 8.258360e-01 8.328000e-03 1.658360e-01
110 8.244560e-01 8.280000e-03 1.672640e-01
111 8.230800e-01 8.128000e-03 1.687920e-01
112 8.218080e-01 7.964000e-03 1.702280e-01
113 8.205360e-01 7.792000e-03 1.716720e-01
114 8.192720e-01 7.660000e-03 1.730680e-01
115 8.180040e-01 7.716000e-03 1.742800e-01
116 8.165960e-01 7.864000e-03 1.755400e-01
117 8.152080e-01 7.888000e-03 1.769040e-01
118 8.139960e-01 7.804000e-03 1.782000e-01
119 8.126520e-01 7.764000e-03 1.795840e-01
120 8.114320e-01 7.732000e-03 1.808360e-01
121 8.101560e-01 7.768000e-03 1.820760e-01
122 8.088960e-01 7.772000e-03 1.833320e-01
123 8.076640e-01 7.680000e-03 1.846560e-01
124 8.064680e-01 7.580000e-03 1.859520e-01
125 8.051800e-01 7.468000e-03 1.873520e-01
126 8.039720e-01 7.400000e-03 1.886280e-01
127 8.025760e-01 7.392000e-03 1.900320e-01
128 8.013440e-01 7.368000e-03 1.912880e-01
129 8.001320e-01 7.256000e-03 1.926120e-01
130 7.987240e-01 7.460000e-03 1.938160e-01
131 7.975000e-01 7.304000e-03 1.951960e-01
132 7.962640e-01 7.200000e-03 1.965360e-01
133 7.950760e-01 7.228000e-03 1.976960e-01
134 7.939600e-01 7.140000e-03 1.989000e-01
135 7.926760e-01 7.160000e-03 2.001640e-01
136 7.914640e-01 7.204000e-03 2.013320e-01
137 7.902840e-01 7.136000e-03 2.025800e-01
138 7.890920e-01 7.036000e-03 2.038720e-01
139 7.878840e-01 7.060000e-03 2.050560e-01
140 7.867120e-01 7.132000e-03 2.061560e-01
141 7.856920e-01 7.020000e-03 2.072880e-01
142 7.844520e-01 7.076000e-03 2.084720e-01
143 7.832800e-01 7.076000e-03 2.096440e-01
144 7.821440e-01 6.940000e-03 2.109160e-01
145 7.810640e-01 6.884000e-03 2.120520e-01
146 7.799920e-01 6.844000e-03 2.131640e-01
147 7.789440e-01 6.652000e-03 2.144040e-01
148 7.779120e-01 6.476000e-03 2.156120e-01
149 7.768720e-01 6.368000e-03 2.167600e-01
150 7.758880e-01 6.236000e-03 2.178760e-01
151 7.748520e-01 6.280000e-03 2.188680e-01
152 7.736800e-01 6.280000e-03 2.200400e-01
153 7.726760e-01 6.260000e-03 2.210640e-01
154 7.715520e-01 6.328000e-03 2.221200e-01
155 7.704960e-01 6.232000e-03 2.232720e-01
156 7.695280e-01 6.100000e-03 2.243720e-01
157 7.685120e-01 6.056000e-03 2.254320e-01
158 7.674440e-01 5.984000e-03 2.265720e-01
159 7.664120e-01 6.000000e-03 2.275880e-01
160 7.654960e-01 5.980000e-03 2.285240e-01
161 7.646000e-01 5.848000e-03 2.295520e-01
162 7.636760e-01 5.700000e-03 2.306240e-01
163 7.627320e-01 5.692000e-03 2.315760e-01
164 7.617280e-01 5.708000e-03 2.325640e-01
165 7.607240e-01 5.764000e-03 2.335120e-01
166 7.597440e-01 5.732000e-03 2.345240e-01
167 7.588760e-01 5.636000e-03 2.354880e-01
168 7.580280e-01 5.520000e-03 2.364520e-01
169 7.571040e-01 5.480000e-03 2.374160e-01
170 7.562320e-01 5.368000e-03 2.384000e-01
171 7.552760e-01 5.420000e-03 2.393040e-01
172 7.544720e-01 5.216000e-03 2.403120e-01
173 7.535840e-01 5.212000e-03 2.412040e-01
174 7.526720e-01 5.112000e-03 2.422160e-01
175 7.517400e-01 5.176000e-03 2.430840e-01
176 7.507840e-01 5.288000e-03 2.439280e-01
177 7.498840e-01 5.260000e-03 2.448560e-01
178 7.489240e-01 5.420000e-03 2.456560e-01
179 7.480080e-01 5.336000e-03 2.466560e-01
180 7.470280e-01 5.368000e-03 2.476040e-01
181 7.461000e-01 5.316000e-03 2.485840e-01
182 7.452160e-01 5.240000e-03 2.495440e-01
183 7.442440e-01 5.308000e-03 2.504480e-01
184 7.433120e-01 5.268000e-03 2.514200e-01
185 7.425040e-01 5.048000e-03 2.524480e-01
186 7.416880e-01 4.948000e-03 2.533640e-01
187 7.408960e-01 4.900000e-03 2.542040e-01
188 7.402320e-01 4.696000e-03 2.550720e-01
189 7.394400e-01 4.704000e-03 2.558560e-01
190 7.386320e-01 4.680000e-03 2.566880e-01
191 7.378160e-01 4.752000e-03 2.574320e-01
192 7.369680e-01 4.768000e-03 2.582640e-01
193 7.363120e-01 4.556000e-03 2.591320e-01
194 7.354720e-01 4.656000e-03 2.598720e-01
195 7.346440e-01 4.688000e-03 2.606680e-01
196 7.337200e-01 4.816000e-03 2.614640e-01
197 7.328400e-01 4.852000e-03 2.623080e-01
198 7.319120e-01 4.940000e-03 2.631480e-01
199 7.309400e-01 5.108000e-03 2.639520e-01
200 7.298880e-01 5.228000e-03 2.648840e-01
201 7.288400e-01 5.376000e-03 2.657840e-01
202 7.278560e-01 5.456000e-03 2.666880e-01
203 7.268920e-01 5.472000e-03 2.676360e-01
204 7.261360e-01 5.296000e-03 2.685680e-01
205 7.253480e-01 5.160000e-03 2.694920e-01
206 7.244800e-01 5.188000e-03 2.703320e-01
207 7.236560e-01 5.196000e-03 2.711480e-01
208 7.228920e-01 5.000000e-03 2.721080e-01
209 7.220760e-01 4.928000e-03 2.729960e-01
210 7.213160e-01 4.884000e-03 2.738000e-01
211 7.205800e-01 4.732000e-03 2.746880e-01
212 7.197480e-01 4.776000e-03 2.754760e-01
213 7.189400e-01 4.796000e-03 2.762640e-01
214 7.180320e-01 4.804000e-03 2.771640e-01
215 7.171760e-01 4.776000e-03 2.780480e-01
216 7.163720e-01 4.756000e-03 2.788720e-01
217 7.155160e-01 4.776000e-03 2.797080e-01
218 7.145760e-01 4.816000e-03 2.806080e-01
219 7.138440e-01 4.620000e-03 2.815360e-01
220 7.131200e-01 4.516000e-03 2.823640e-01
221 7.124200e-01 4.340000e-03 2.832400e-01
222 7.118640e-01 4.176000e-03 2.839600e-01
223 7.111960e-01 4.136000e-03 2.846680e-01
224 7.105920e-01 4.028000e-03 2.853800e-01
225 7.099160e-01 4.168000e-03 2.859160e-01
226 7.093200e-01 4.088000e-03 2.865920e-01
227 7.086320e-01 4.088000e-03 2.872800e-01
228 7.079800e-01 4.008000e-03 2.880120e-01
229 7.073480e-01 3.892000e-03 2.887600e-01
230 7.067160e-01 3.824000e-03 2.894600e-01
231 7.061440e-01 3.700000e-03 2.901560e-01
232 7.056080e-01 3.556000e-03 2.908360e-01
233 7.050400e-01 3.568000e-03 2.913920e-01
234 7.045360e-01 3.452000e-03 2.920120e-01
235 7.039880e-01 3.404000e-03 2.926080e-01
236 7.034480e-01 3.308000e-03 2.932440e-01
237 7.029880e-01 3.188000e-03 2.938240e-01
238 7.024880e-01 3.060000e-03 2.944520e-01
239 7.019560e-01 3.044000e-03 2.950000e-01
240 7.014640e-01 2.968000e-03 2.955680e-01
241 7.008600e-01 3.024000e-03 2.961160e-01
242 7.003080e-01 3.012000e-03 2.966800e-01
243 6.997840e-01 2.944000e-03 2.972720e-01
244 6.992760e-01 2.960000e-03 2.977640e-01
245 6.988080e-01 2.904000e-03 2.982880e-01
246 6.982960e-01 2.904000e-03 2.988000e-01
247 6.978360e-01 2.812000e-03 2.993520e-01
248 6.973880e-01 2.796000e-03 2.998160e-01
249 6.969760e-01 2.704000e-03 3.003200e-01
250 6.964760e-01 2.672000e-03 3.008520e-01
251 6.960880e-01 2.612000e-03 3.013000e-01
252 6.955720e-01 2.620000e-03 3.018080e-01
253 6.951160e-01 2.632000e-03 3.022520e-01
254 6.946640e-01 2.600000e-03 3.027360e-01
255 6.942240e-01 2.696000e-03 3.030800e-01
256 6.938360e-01 2.616000e-03 3.035480e-01
257 6.933840e-01 2.556000e-03 3.040600e-01
258 6.928320e-01 2.604000e-03 3.045640e-01
259 6.923520e-01 2.676000e-03 3.049720e-01
260 6.919040e-01 2.612000e-03 3.054840e-01
261 6.914040e-01 2.708000e-03 3.058880e-01
262 6.909040e-01 2.720000e-03 3.063760e-01
263 6.904880e-01 2.720000e-03 3.067920e-01
264 6.900800e-01 2.604000e-03 3.073160e-01
265 6.896440e-01 2.600000e-03 3.077560e-01
266 6.892120e-01 2.576000e-03 3.082120e-01
267 6.888520e-01 2.484000e-03 3.086640e-01
268 6.885000e-01 2.404000e-03 3.090960e-01
269 6.881480e-01 2.272000e-03 3.095800e-01
270 6.878520e-01 2.200000e-03 3.099480e-01
271 6.875560e-01 2.056000e-03 3.103880e-01
272 6.872120e-01 2.004000e-03 3.107840e-01
273 6.869280e-01 1.944000e-03 3.111280e-01
274 6.865960e-01 1.920000e-03 3.114840e-01
275 6.862400e-01 1.920000e-03 3.118400e-01
276 6.859360e-01 1.860000e-03 3.122040e-01
277 6.856320e-01 1.780000e-03 3.125880e-01
278 6.852600e-01 1.896000e-03 3.128440e-01
279 6.849160e-01 1.904000e-03 3.131800e-01
280 6.845640e-01 1.872000e-03 3.135640e-01
281 6.841800e-01 1.940000e-03 3.138800e-01
282 6.837840e-01 2.028000e-03 3.141880e-01
283 6.833560e-01 2.116000e-03 3.145280e-01
284 6.829560e-01 2.144000e-03 3.149000e-01
285 6.825040e-01 2.192000e-03 3.153040e-01
286 6.821200e-01 2.168000e-03 3.157120e-01
287 6.816560e-01 2.176000e-03 3.161680e-01
288 6.812200e-01 2.224000e-03 3.165560e-01
289 6.807600e-01 2.292000e-03 3.169480e-01
290 6.803360e-01 2.256000e-03 3.174080e-01
291 6.798760e-01 2.308000e-03 3.178160e-01
292 6.794280e-01 2.408000e-03 3.181640e-01
293 6.789920e-01 2.404000e-03 3.186040e-01
294 6.786320e-01 2.340000e-03 3.190280e-01
295 6.781800e-01 2.432000e-03 3.193880e-01
296 6.777400e-01 2.452000e-03 3.198080e-01
297 6.773000e-01 2.476000e-03 3.202240e-01
298 6.769080e-01 2.460000e-03 3.206320e-01
299 6.765080e-01 2.468000e-03 3.210240e-01
300 6.760720e-01 2.496000e-03 3.214320e-01
301 6.756000e-01 2.508000e-03 3.218920e-01
302 6.751360e-01 2.500000e-03 3.223640e-01
303 6.747480e-01 2.404000e-03 3.228480e-01
304 6.743760e-01 2.400000e-03 3.232240e-01
305 6.740280e-01 2.296000e-03 3.236760e-01
306 6.735600e-01 2.384000e-03 3.240560e-01
307 6.731280e-01 2.408000e-03 3.244640e-01
308 6.726520e-01 2.440000e-03 3.249080e-01
309 6.722160e-01 2.424000e-03 3.253600e-01
310 6.718720e-01 2.380000e-03 3.257480e-01
311 6.713880e-01 2.460000e-03 3.261520e-01
312 6.708520e-01 2.540000e-03 3.266080e-01
313 6.703960e-01 2.544000e-03 3.270600e-01
314 6.699440e-01 2.548000e-03 3.275080e-01
315 6.695240e-01 2.584000e-03 3.278920e-01
316 6.691120e-01 2.556000e-03 3.283320e-01
317 6.686400e-01 2.552000e-03 3.288080e-01
318 6.681440e-01 2.640000e-03 3.292160e-01
319 6.677200e-01 2.568000e-03 3.297120e-01
320 6.673400e-01 2.496000e-03 3.301640e-01
321 6.669720e-01 2.436000e-03 3.305920e-01
322 6.666080e-01 2.416000e-03 3.309760e-01
323 6.662640e-01 2.320000e-03 3.314160e-01
324 6.659160e-01 2.292000e-03 3.317920e-01
325 6.655200e-01 2.308000e-03 3.321720e-01
326 6.651880e-01 2.228000e-03 3.325840e-01
327 6.648400e-01 2.212000e-03 3.329480e-01
328 6.644920e-01 2.168000e-03 3.333400e-01
329 6.641600e-01 2.188000e-03 3.336520e-01
330 6.638480e-01 2.128000e-03 3.340240e-01
331 6.634920e-01 2.120000e-03 3.343880e-01
332 6.631680e-01 2.004000e-03 3.348280e-01
333 6.628400e-01 2.028000e-03 3.351320e-01
334 6.625080e-01 2.000000e-03 3.354920e-01
335 6.620760e-01 2.100000e-03 3.358240e-01
336 6.616840e-01 2.156000e-03 3.361600e-01
337 6.612800e-01 2.216000e-03 3.365040e-01
338 6.609360e-01 2.264000e-03 3.368000e-01
339 6.605240e-01 2.336000e-03 3.371400e-01
340 6.601720e-01 2.328000e-03 3.375000e-01
341 6.598040e-01 2.340000e-03 3.378560e-01
342 6.594800e-01 2.204000e-03 3.383160e-01
343 6.592480e-01 2.052000e-03 3.387000e-01
344 6.589080e-01 2.020000e-03 3.390720e-01
345 6.585560e-01 2.020000e-03 3.394240e-01
346 6.582480e-01 2.024000e-03 3.397280e-01
347 6.580040e-01 1.972000e-03 3.400240e-01
348 6.577360e-01 1.896000e-03 3.403680e-01
349 6.574960e-01 1.908000e-03 3.405960e-01
350 6.572120e-01 1.888000e-03 3.409000e-01
351 6.569520e-01 1.776000e-03 3.412720e-01
352 6.567080e-01 1.696000e-03 3.415960e-01
353 6.564600e-01 1.640000e-03 3.419000e-01
354 6.561720e-01 1.652000e-03 3.421760e-01
355 6.558960e-01 1.704000e-03 3.424000e-01
356 6.556560e-01 1.584000e-03 3.427600e-01
357 6.553960e-01 1.564000e-03 3.430400e-01
358 6.550520e-01 1.692000e-03 3.432560e-01
359 6.546760e-01 1.840000e-03 3.434840e-01
360 6.544000e-01 1.816000e-03 3.437840e-01
361 6.540040e-01 1.924000e-03 3.440720e-01
362 6.535920e-01 2.036000e-03 3.443720e-01
363 6.532600e-01 1.980000e-03 3.447600e-01
364 6.529000e-01 2.072000e-03 3.450280e-01
365 6.525240e-01 2.100000e-03 3.453760e-01
366 6.521880e-01 2.120000e-03 3.456920e-01
367 6.518480e-01 2.116000e-03 3.460360e-01
368 6.515480e-01 2.040000e-03 3.464120e-01
369 6.512120e-01 1.956000e-03 3.468320e-01
370 6.509160e-01 1.892000e-03 3.471920e-01
371 6.505880e-01 1.908000e-03 3.475040e-01
372 6.503160e-01 1.944000e-03 3.477400e-01
373 6.499800e-01 1.956000e-03 3.480640e-01
374 6.497240e-01 1.896000e-03 3.483800e-01
375 6.494880e-01 1.788000e-03 3.487240e-01
376 6.492480e-01 1.728000e-03 3.490240e-01
377 6.489360e-01 1.728000e-03 3.493360e-01
378 6.486400e-01 1.700000e-03 3.496600e-01
379 6.483440e-01 1.688000e-03 3.499680e-01
380 6.480760e-01 1.612000e-03 3.503120e-01
381 6.477800e-01 1.636000e-03 3.505840e-01
382 6.474760e-01 1.712000e-03 3.508120e-01
383 6.471680e-01 1.724000e-03 3.511080e-01
384 6.469360e-01 1.612000e-03 3.514520e-01
385 6.466600e-01 1.632000e-03 3.517080e-01
386 6.464280e-01 1.560000e-03 3.520120e-01
387 6.461520e-01 1.576000e-03 3.522720e-01
388 6.458920e-01 1.548000e-03 3.525600e-01
389 6.456680e-01 1.476000e-03 3.528560e-01
390 6.455240e-01 1.344000e-03 3.531320e-01
391 6.452880e-01 1.316000e-03 3.533960e-01
392 6.451280e-01 1.260000e-03 3.536120e-01
393 6.449360e-01 1.248000e-03 3.538160e-01
394 6.447600e-01 1.208000e-03 3.540320e-01
395 6.445680e-01 1.168000e-03 3.542640e-01
396 6.443760e-01 1.112000e-03 3.545120e-01
397 6.442200e-01 1.092000e-03 3.546880e-01
398 6.439920e-01 1.116000e-03 3.548920e-01
399 6.437720e-01 1.124000e-03 3.551040e-01
400 6.435440e-01 1.156000e-03 3.553000e-01
401 6.432880e-01 1.192000e-03 3.555200e-01
402 6.431120e-01 1.144000e-03 3.557440e-01
403 6.429280e-01 1.124000e-03 3.559480e-01
404 6.427400e-01 1.072000e-03 3.561880e-01
405 6.425520e-01 1.076000e-03 3.563720e-01
406 6.423040e-01 1.160000e-03 3.565360e-01
407 6.421200e-01 1.140000e-03 3.567400e-01
408 6.419520e-01 1.124000e-03 3.569240e-01
409 6.417400e-01 1.156000e-03 3.571040e-01
410 6.415040e-01 1.212000e-03 3.572840e-01
411 6.413080e-01 1.204000e-03 3.574880e-01
412 6.410560e-01 1.208000e-03 3.577360e-01
413 6.408000e-01 1.216000e-03 3.579840e-01
414 6.406400e-01 1.156000e-03 3.582040e-01
415 6.403480e-01 1.244000e-03 3.584080e-01
416 6.400000e-01 1.372000e-03 3.586280e-01
417 6.396720e-01 1.436000e-03 3.588920e-01
418 6.393640e-01 1.444000e-03 3.591920e-01
419 6.390280e-01 1.556000e-03 3.594160e-01
420 6.386600e-01 1.680000e-03 3.596600e-01
421 6.383800e-01 1.640000e-03 3.599800e-01
422 6.380520e-01 1.680000e-03 3.602680e-01
423 6.378280e-01 1.568000e-03 3.606040e-01
424 6.375800e-01 1.536000e-03 3.608840e-01
425 6.373200e-01 1.524000e-03 3.611560e-01
426 6.371040e-01 1.380000e-03 3.615160e-01
427 6.368080e-01 1.480000e-03 3.617120e-01
428 6.365160e-01 1.508000e-03 3.619760e-01
429 6.362680e-01 1.480000e-03 3.622520e-01
430 6.359960e-01 1.516000e-03 3.624880e-01
431 6.357720e-01 1.492000e-03 3.627360e-01
432 6.355160e-01 1.544000e-03 3.629400e-01
433 6.352280e-01 1.572000e-03 3.632000e-01
434 6.349280e-01 1.584000e-03 3.634880e-01
435 6.346640e-01 1.556000e-03 3.637800e-01
436 6.343560e-01 1.576000e-03 3.640680e-01
437 6.341160e-01 1.532000e-03 3.643520e-01
438 6.338400e-01 1.568000e-03 3.645920e-01
439 6.335320e-01 1.616000e-03 3.648520e-01
440 6.332400e-01 1.664000e-03 3.650960e-01
441 6.328920e-01 1.724000e-03 3.653840e-01
442 6.326000e-01 1.768000e-03 3.656320e-01
443 6.323200e-01 1.784000e-03 3.658960e-01
444 6.320640e-01 1.724000e-03 3.662120e-01
445 6.317400e-01 1.740000e-03 3.665200e-01
446 6.315240e-01 1.672000e-03 3.668040e-01
447 6.312440e-01 1.616000e-03 3.671400e-01
448 6.310080e-01 1.596000e-03 3.673960e-01
449 6.306720e-01 1.600000e-03 3.677280e-01
450 6.304040e-01 1.636000e-03 3.679600e-01
451 6.301440e-01 1.644000e-03 3.682120e-01
452 6.298720e-01 1.636000e-03 3.684920e-01
453 6.296560e-01 1.540000e-03 3.688040e-01
454 6.294160e-01 1.516000e-03 3.690680e-01
455 6.290720e-01 1.576000e-03 3.693520e-01
456 6.287600e-01 1.600000e-03 3.696400e-01
457 6.284800e-01 1.548000e-03 3.699720e-01
458 6.282200e-01 1.524000e-03 3.702560e-01
459 6.279680e-01 1.480000e-03 3.705520e-01
460 6.277320e-01 1.420000e-03 3.708480e-01
461 6.275240e-01 1.396000e-03 3.710800e-01
462 6.273120e-01 1.352000e-03 3.713360e-01
463 6.271120e-01 1.316000e-03 3.715720e-01
464 6.268760e-01 1.332000e-03 3.717920e-01
465 6.266480e-01 1.288000e-03 3.720640e-01
466 6.263480e-01 1.356000e-03 3.722960e-01
467 6.260760e-01 1.352000e-03 3.725720e-01
468 6.258720e-01 1.360000e-03 3.727680e-01
469 6.256920e-01 1.336000e-03 3.729720e-01
470 6.254680e-01 1.308000e-03 3.732240e-01
471 6.252320e-01 1.312000e-03 3.734560e-01
472 6.250080e-01 1.304000e-03 3.736880e-01
473 6.248080e-01 1.292000e-03 3.739000e-01
474 6.245760e-01 1.292000e-03 3.741320e-01
475 6.243520e-01 1.300000e-03 3.743480e-01
476 6.241040e-01 1.340000e-03 3.745560e-01
477 6.238400e-01 1.384000e-03 3.747760e-01
478 6.236200e-01 1.356000e-03 3.750240e-01
479 6.233840e-01 1.356000e-03 3.752600e-01
480 6.232080e-01 1.256000e-03 3.755360e-01
481 6.230640e-01 1.220000e-03 3.757160e-01
482 6.228880e-01 1.176000e-03 3.759360e-01
483 6.227480e-01 1.060000e-03 3.761920e-01
484 6.225920e-01 1.020000e-03 3.763880e-01
485 6.224200e-01 1.044000e-03 3.765360e-01
486 6.222520e-01 1.048000e-03 3.767000e-01
487 6.220760e-01 1.000000e-03 3.769240e-01
488 6.219400e-01 9.720000e-04 3.770880e-01
489 6.218360e-01 9.400000e-04 3.772240e-01
490 6.216600e-01 9.720000e-04 3.773680e-01
491 6.215280e-01 9.280000e-04 3.775440e-01
492 6.214200e-01 8.480000e-04 3.777320e-01
493 6.212720e-01 8.840000e-04 3.778440e-01
494 6.211760e-01 8.240000e-04 3.780000e-01
495 6.210480e-01 8.120000e-04 3.781400e-01
496 6.209080e-01 8.040000e-04 3.782880e-01
497 6.207480e-01 8.440000e-04 3.784080e-01
498 6.206120e-01 8.360000e-04 3.785520e-01
499 6.204880e-01 8.120000e-04 3.787000e-01
500 6.203400e-01 8.600000e-04 3.788000e-01
