1 9.992440e-01 6.680000e-04 8.800000e-05
2 9.987080e-01 1.040000e-03 2.520000e-04
3 9.981360e-01 1.424000e-03 4.400000e-04
4 9.972720e-01 2.008000e-03 7.200000e-04
5 9.963880e-01 2.504000e-03 1.108000e-03
6 9.956080e-01 2.844000e-03 1.548000e-03
7 9.947560e-01 3.156000e-03 2.088000e-03
8 9.938680e-01 3.432000e-03 2.700000e-03
9 9.928960e-01 3.848000e-03 3.256000e-03
10 9.919480e-01 4.016000e-03 4.036000e-03
11 9.908800e-01 4.320000e-03 4.800000e-03
12 9.899600e-01 4.572000e-03 5.468000e-03
13 9.887720e-01 4.992000e-03 6.236000e-03
14 9.876520e-01 5.172000e-03 7.176000e-03
15 9.865120e-01 5.396000e-03 8.092000e-03
16 9.853200e-01 5.708000e-03 8.972000e-03
17 9.842320e-01 5.692000e-03 1.007600e-02
18 9.830880e-01 5.880000e-03 1.103200e-02
19 9.818920e-01 6.012000e-03 1.209600e-02
20 9.807280e-01 6.132000e-03 1.314000e-02
21 9.796360e-01 6.104000e-03 1.426000e-02
22 9.785160e-01 6.200000e-03 1.528400e-02
23 9.773560e-01 6.208000e-03 1.643600e-02
24 9.761040e-01 6.264000e-03 1.763200e-02
25 9.749360e-01 6.392000e-03 1.867200e-02
26 9.737080e-01 6.384000e-03 1.990800e-02
27 9.725720e-01 6.412000e-03 2.101600e-02
28 9.712960e-01 6.484000e-03 2.222000e-02
29 9.700040e-01 6.580000e-03 2.341600e-02
30 9.686520e-01 6.744000e-03 2.460400e-02
31 9.674600e-01 6.764000e-03 2.577600e-02
32 9.661360e-01 6.848000e-03 2.701600e-02
33 9.650000e-01 6.752000e-03 2.824800e-02
34 9.637200e-01 6.816000e-03 2.946400e-02
35 9.623480e-01 7.080000e-03 3.057200e-02
36 9.610960e-01 7.100000e-03 3.180400e-02
37 9.598800e-01 7.136000e-03 3.298400e-02
38 9.585640e-01 7.084000e-03 3.435200e-02
39 9.573240e-01 7.096000e-03 3.558000e-02
40 9.559520e-01 7.224000e-03 3.682400e-02
41 9.545360e-01 7.364000e-03 3.810000e-02
42 9.531080e-01 7.480000e-03 3.941200e-02
43 9.518160e-01 7.520000e-03 4.066400e-02
44 9.504600e-01 7.564000e-03 4.197600e-02
45 9.490680e-01 7.584000e-03 4.334800e-02
46 9.476880e-01 7.632000e-03 4.468000e-02
47 9.463440e-01 7.684000e-03 4.597200e-02
48 9.451080e-01 7.540000e-03 4.735200e-02
49 9.437640e-01 7.644000e-03 4.859200e-02
50 9.424040e-01 7.684000e-03 4.991200e-02
51 9.410840e-01 7.648000e-03 5.126800e-02
52 9.396960e-01 7.560000e-03 5.274400e-02
53 9.384000e-01 7.544000e-03 5.405600e-02
54 9.370200e-01 7.456000e-03 5.552400e-02
55 9.358000e-01 7.368000e-03 5.683200e-02
56 9.346400e-01 7.324000e-03 5.803600e-02
57 9.334640e-01 7.084000e-03 5.945200e-02
58 9.323360e-01 6.948000e-03 6.071600e-02
59 9.310720e-01 7.052000e-03 6.187600e-02
60 9.298680e-01 6.976000e-03 6.315600e-02
61 9.284480e-01 7.172000e-03 6.438000e-02
62 9.270800e-01 7.288000e-03 6.563200e-02
63 9.257880e-01 7.276000e-03 6.693600e-02
64 9.243400e-01 7.440000e-03 6.822000e-02
65 9.230560e-01 7.332000e-03 6.961200e-02
66 9.218840e-01 7.156000e-03 7.096000e-02
67 9.206440e-01 7.208000e-03 7.214800e-02
68 9.193480e-01 7.244000e-03 7.340800e-02
69 9.179880e-01 7.332000e-03 7.468000e-02
70 9.168440e-01 7.220000e-03 7.593600e-02
71 9.156120e-01 7.168000e-03 7.722000e-02
72 9.142200e-01 7.276000e-03 7.850400e-02
73 9.126640e-01 7.536000e-03 7.980000e-02
74 9.113120e-01 7.496000e-03 8.119200e-02
75 9.099120e-01 7.552000e-03 8.253600e-02
76 9.085680e-01 7.588000e-03 8.384400e-02
77 9.073200e-01 7.468000e-03 8.521200e-02
78 9.061200e-01 7.400000e-03 8.648000e-02
79 9.049640e-01 7.308000e-03 8.772800e-02
80 9.037000e-01 7.188000e-03 8.911200e-02
81 9.023880e-01 7.232000e-03 9.038000e-02
82 9.009880e-01 7.384000e-03 9.162800e-02
83 8.997200e-01 7.376000e-03 9.290400e-02
84 8.984800e-01 7.352000e-03 9.416800e-02
85 8.972920e-01 7.268000e-03 9.544000e-02
86 8.960880e-01 7.140000e-03 9.677200e-02
87 8.949480e-01 7.008000e-03 9.804400e-02
88 8.938400e-01 6.888000e-03 9.927200e-02
89 8.926400e-01 6.880000e-03 1.004800e-01
90 8.914280e-01 6.856000e-03 1.017160e-01
91 8.902320e-01 6.892000e-03 1.028760e-01
92 8.889160e-01 7.024000e-03 1.040600e-01
93 8.876640e-01 7.076000e-03 1.052600e-01
94 8.864800e-01 7.116000e-03 1.064040e-01
95 8.852080e-01 7.076000e-03 1.077160e-01
96 8.838840e-01 7.132000e-03 1.089840e-01
97 8.825840e-01 7.288000e-03 1.101280e-01
98 8.812520e-01 7.268000e-03 1.114800e-01
99 8.799040e-01 7.304000e-03 1.127920e-01
100 8.785880e-01 7.400000e-03 1.140120e-01
101 8.772800e-01 7.464000e-03 1.152560e-01
102 8.758720e-01 7.532000e-03 1.165960e-01
103 8.744840e-01 7.612000e-03 1.179040e-01
104 8.729800e-01 7.828000e-03 1.191920e-01
105 8.715920e-01 7.884000e-03 1.205240e-01
106 8.703400e-01 7.788000e-03 1.218720e-01
107 8.689680e-01 7.688000e-03 1.233440e-01
108 8.677480e-01 7.440000e-03 1.248120e-01
109 8.665400e-01 7.432000e-03 1.260280e-01
110 8.652560e-01 7.504000e-03 1.272400e-01
111 8.640320e-01 7.472000e-03 1.284960e-01
112 8.628280e-01 7.460000e-03 1.297120e-01
113 8.614960e-01 7.356000e-03 1.311480e-01
114 8.603000e-01 7.252000e-03 1.324480e-01
115 8.590880e-01 7.168000e-03 1.337440e-01
116 8.578000e-01 7.212000e-03 1.349880e-01
117 8.566800e-01 7.088000e-03 1.362320e-01
118 8.555320e-01 7.016000e-03 1.374520e-01
119 8.544480e-01 6.880000e-03 1.386720e-01
120 8.533440e-01 6.816000e-03 1.398400e-01
121 8.521960e-01 6.788000e-03 1.410160e-01
122 8.511280e-01 6.664000e-03 1.422080e-01
123 8.500960e-01 6.416000e-03 1.434880e-01
124 8.491160e-01 6.124000e-03 1.447600e-01
125 8.483000e-01 5.736000e-03 1.459640e-01
126 8.474120e-01 5.684000e-03 1.469040e-01
127 8.465720e-01 5.560000e-03 1.478680e-01
128 8.458640e-01 5.332000e-03 1.488040e-01
129 8.450360e-01 5.188000e-03 1.497760e-01
130 8.442080e-01 5.132000e-03 1.506600e-01
131 8.433120e-01 5.112000e-03 1.515760e-01
132 8.425400e-01 5.048000e-03 1.524120e-01
133 8.416920e-01 5.024000e-03 1.532840e-01
134 8.407840e-01 5.080000e-03 1.541360e-01
135 8.398760e-01 5.032000e-03 1.550920e-01
136 8.390160e-01 4.952000e-03 1.560320e-01
137 8.381480e-01 4.964000e-03 1.568880e-01
138 8.371200e-01 5.144000e-03 1.577360e-01
139 8.360720e-01 5.252000e-03 1.586760e-01
140 8.349800e-01 5.404000e-03 1.596160e-01
141 8.341080e-01 5.412000e-03 1.604800e-01
142 8.330120e-01 5.596000e-03 1.613920e-01
143 8.320360e-01 5.600000e-03 1.623640e-01
144 8.311560e-01 5.544000e-03 1.633000e-01
145 8.302000e-01 5.448000e-03 1.643520e-01
146 8.293240e-01 5.296000e-03 1.653800e-01
147 8.284360e-01 5.248000e-03 1.663160e-01
148 8.276120e-01 5.156000e-03 1.672320e-01
149 8.267360e-01 5.152000e-03 1.681120e-01
150 8.258880e-01 5.100000e-03 1.690120e-01
151 8.250000e-01 5.088000e-03 1.699120e-01
152 8.242040e-01 5.080000e-03 1.707160e-01
153 8.232600e-01 5.116000e-03 1.716240e-01
154 8.222680e-01 5.240000e-03 1.724920e-01
155 8.212000e-01 5.404000e-03 1.733960e-01
156 8.202600e-01 5.424000e-03 1.743160e-01
157 8.192240e-01 5.448000e-03 1.753280e-01
158 8.182520e-01 5.424000e-03 1.763240e-01
159 8.171880e-01 5.604000e-03 1.772080e-01
160 8.162160e-01 5.624000e-03 1.781600e-01
161 8.153160e-01 5.564000e-03 1.791200e-01
162 8.144320e-01 5.472000e-03 1.800960e-01
163 8.135760e-01 5.364000e-03 1.810600e-01
164 8.127920e-01 5.220000e-03 1.819880e-01
165 8.120760e-01 4.984000e-03 1.829400e-01
166 8.112840e-01 4.972000e-03 1.837440e-01
167 8.104640e-01 4.852000e-03 1.846840e-01
168 8.096320e-01 4.852000e-03 1.855160e-01
169 8.089000e-01 4.688000e-03 1.864120e-01
170 8.081160e-01 4.660000e-03 1.872240e-01
171 8.073440e-01 4.716000e-03 1.879400e-01
172 8.065320e-01 4.608000e-03 1.888600e-01
173 8.056400e-01 4.640000e-03 1.897200e-01
174 8.048400e-01 4.676000e-03 1.904840e-01
175 8.039520e-01 4.752000e-03 1.912960e-01
176 8.031240e-01 4.668000e-03 1.922080e-01
177 8.024000e-01 4.580000e-03 1.930200e-01
178 8.015440e-01 4.752000e-03 1.937040e-01
179 8.007120e-01 4.708000e-03 1.945800e-01
180 7.998680e-01 4.760000e-03 1.953720e-01
181 7.990680e-01 4.756000e-03 1.961760e-01
182 7.982600e-01 4.728000e-03 1.970120e-01
183 7.975560e-01 4.576000e-03 1.978680e-01
184 7.968440e-01 4.456000e-03 1.987000e-01
185 7.960640e-01 4.408000e-03 1.995280e-01
186 7.953040e-01 4.352000e-03 2.003440e-01
187 7.946040e-01 4.292000e-03 2.011040e-01
188 7.938880e-01 4.344000e-03 2.017680e-01
189 7.932000e-01 4.244000e-03 2.025560e-01
190 7.924720e-01 4.212000e-03 2.033160e-01
191 7.917760e-01 4.188000e-03 2.040360e-01
192 7.911080e-01 4.096000e-03 2.047960e-01
193 7.904080e-01 4.084000e-03 2.055080e-01
194 7.898320e-01 3.964000e-03 2.062040e-01
195 7.892600e-01 3.876000e-03 2.068640e-01
196 7.885680e-01 3.848000e-03 2.075840e-01
197 7.878920e-01 3.848000e-03 2.082600e-01
198 7.871440e-01 4.000000e-03 2.088560e-01
199 7.865040e-01 3.904000e-03 2.095920e-01
200 7.857200e-01 3.984000e-03 2.102960e-01
201 7.848680e-01 4.088000e-03 2.110440e-01
202 7.841080e-01 4.192000e-03 2.117000e-01
203 7.832840e-01 4.272000e-03 2.124440e-01
204 7.824760e-01 4.324000e-03 2.132000e-01
205 7.817560e-01 4.328000e-03 2.139160e-01
206 7.809560e-01 4.292000e-03 2.147520e-01
207 7.802960e-01 4.152000e-03 2.155520e-01
208 7.795960e-01 4.104000e-03 2.163000e-01
209 7.788480e-01 4.136000e-03 2.170160e-01
210 7.780600e-01 4.192000e-03 2.177480e-01
211 7.772560e-01 4.320000e-03 2.184240e-01
212 7.764360e-01 4.404000e-03 2.191600e-01
213 7.757360e-01 4.308000e-03 2.199560e-01
214 7.750400e-01 4.356000e-03 2.206040e-01
215 7.743720e-01 4.112000e-03 2.215160e-01
216 7.738160e-01 3.948000e-03 2.222360e-01
217 7.730320e-01 3.960000e-03 2.230080e-01
218 7.724520e-01 3.924000e-03 2.236240e-01
219 7.717040e-01 4.020000e-03 2.242760e-01
220 7.710120e-01 4.032000e-03 2.249560e-01
221 7.703800e-01 3.996000e-03 2.256240e-01
222 7.697160e-01 3.972000e-03 2.263120e-01
223 7.690280e-01 3.996000e-03 2.269760e-01
224 7.683600e-01 3.896000e-03 2.277440e-01
225 7.677440e-01 3.800000e-03 2.284560e-01
226 7.671200e-01 3.728000e-03 2.291520e-01
227 7.664960e-01 3.672000e-03 2.298320e-01
228 7.658400e-01 3.632000e-03 2.305280e-01
229 7.652680e-01 3.536000e-03 2.311960e-01
230 7.647040e-01 3.448000e-03 2.318480e-01
231 7.641440e-01 3.388000e-03 2.324680e-01
232 7.635040e-01 3.444000e-03 2.330520e-01
233 7.628360e-01 3.476000e-03 2.336880e-01
234 7.622240e-01 3.428000e-03 2.343480e-01
235 7.616280e-01 3.388000e-03 2.349840e-01
236 7.609720e-01 3.404000e-03 2.356240e-01
237 7.602680e-01 3.596000e-03 2.361360e-01
238 7.596680e-01 3.532000e-03 2.368000e-01
239 7.588920e-01 3.620000e-03 2.374880e-01
240 7.581280e-01 3.832000e-03 2.380400e-01
241 7.574640e-01 3.776000e-03 2.387600e-01
242 7.568240e-01 3.768000e-03 2.394080e-01
243 7.561320e-01 3.852000e-03 2.400160e-01
244 7.554600e-01 3.872000e-03 2.406680e-01
245 7.546720e-01 3.972000e-03 2.413560e-01
246 7.540320e-01 3.920000e-03 2.420480e-01
247 7.533520e-01 3.924000e-03 2.427240e-01
248 7.527440e-01 3.848000e-03 2.434080e-01
249 7.520280e-01 3.956000e-03 2.440160e-01
250 7.513120e-01 4.020000e-03 2.446680e-01
251 7.506080e-01 3.964000e-03 2.454280e-01
252 7.498760e-01 3.940000e-03 2.461840e-01
253 7.491760e-01 4.012000e-03 2.468120e-01
254 7.484880e-01 3.920000e-03 2.475920e-01
255 7.477960e-01 3.924000e-03 2.482800e-01
256 7.470600e-01 3.876000e-03 2.490640e-01
257 7.463880e-01 3.828000e-03 2.497840e-01
258 7.456440e-01 3.872000e-03 2.504840e-01
259 7.448760e-01 3.948000e-03 2.511760e-01
260 7.441640e-01 4.056000e-03 2.517800e-01
261 7.435240e-01 3.988000e-03 2.524880e-01
262 7.428400e-01 3.936000e-03 2.532240e-01
263 7.421720e-01 3.892000e-03 2.539360e-01
264 7.414320e-01 3.964000e-03 2.546040e-01
265 7.408520e-01 3.936000e-03 2.552120e-01
266 7.401040e-01 3.972000e-03 2.559240e-01
267 7.394800e-01 3.912000e-03 2.566080e-01
268 7.388000e-01 3.960000e-03 2.572400e-01
269 7.380760e-01 3.912000e-03 2.580120e-01
270 7.373640e-01 3.984000e-03 2.586520e-01
271 7.365840e-01 4.016000e-03 2.594000e-01
272 7.357840e-01 4.132000e-03 2.600840e-01
273 7.350640e-01 4.080000e-03 2.608560e-01
274 7.343560e-01 4.052000e-03 2.615920e-01
275 7.335520e-01 4.120000e-03 2.623280e-01
276 7.328080e-01 4.056000e-03 2.631360e-01
277 7.321320e-01 4.064000e-03 2.638040e-01
278 7.314720e-01 4.068000e-03 2.644600e-01
279 7.307920e-01 4.144000e-03 2.650640e-01
280 7.301480e-01 4.156000e-03 2.656960e-01
281 7.295680e-01 4.064000e-03 2.663680e-01
282 7.289520e-01 3.968000e-03 2.670800e-01
283 7.284280e-01 3.824000e-03 2.677480e-01
284 7.277880e-01 3.792000e-03 2.684200e-01
285 7.272600e-01 3.668000e-03 2.690720e-01
286 7.266800e-01 3.620000e-03 2.697000e-01
287 7.261040e-01 3.612000e-03 2.702840e-01
288 7.255800e-01 3.428000e-03 2.709920e-01
289 7.250480e-01 3.404000e-03 2.715480e-01
290 7.245080e-01 3.360000e-03 2.721320e-01
291 7.239960e-01 3.292000e-03 2.727120e-01
292 7.234200e-01 3.312000e-03 2.732680e-01
293 7.228920e-01 3.272000e-03 2.738360e-01
294 7.223120e-01 3.212000e-03 2.744760e-01
295 7.217840e-01 3.212000e-03 2.750040e-01
296 7.212400e-01 3.228000e-03 2.755320e-01
297 7.206720e-01 3.228000e-03 2.761000e-01
298 7.201720e-01 3.216000e-03 2.766120e-01
299 7.196320e-01 3.200000e-03 2.771680e-01
300 7.191000e-01 3.272000e-03 2.776280e-01
301 7.184480e-01 3.296000e-03 2.782560e-01
302 7.179000e-01 3.240000e-03 2.788600e-01
303 7.173600e-01 3.236000e-03 2.794040e-01
304 7.168280e-01 3.224000e-03 2.799480e-01
305 7.164000e-01 3.076000e-03 2.805240e-01
306 7.159960e-01 2.956000e-03 2.810480e-01
307 7.154920e-01 2.864000e-03 2.816440e-01
308 7.151600e-01 2.692000e-03 2.821480e-01
309 7.147720e-01 2.596000e-03 2.826320e-01
310 7.143360e-01 2.604000e-03 2.830600e-01
311 7.139760e-01 2.440000e-03 2.835840e-01
312 7.135640e-01 2.464000e-03 2.839720e-01
313 7.131280e-01 2.496000e-03 2.843760e-01
314 7.126920e-01 2.504000e-03 2.848040e-01
315 7.122560e-01 2.528000e-03 2.852160e-01
316 7.118560e-01 2.452000e-03 2.856920e-01
317 7.114920e-01 2.432000e-03 2.860760e-01
318 7.111520e-01 2.308000e-03 2.865400e-01
319 7.107840e-01 2.204000e-03 2.870120e-01
320 7.104040e-01 2.156000e-03 2.874400e-01
321 7.100520e-01 2.092000e-03 2.878560e-01
322 7.096960e-01 2.084000e-03 2.882200e-01
323 7.093160e-01 2.056000e-03 2.886280e-01
324 7.089400e-01 2.068000e-03 2.889920e-01
325 7.085160e-01 2.200000e-03 2.892840e-01
326 7.080960e-01 2.252000e-03 2.896520e-01
327 7.076400e-01 2.276000e-03 2.900840e-01
328 7.072120e-01 2.280000e-03 2.905080e-01
329 7.068320e-01 2.300000e-03 2.908680e-01
330 7.063640e-01 2.372000e-03 2.912640e-01
331 7.059160e-01 2.412000e-03 2.916720e-01
332 7.054800e-01 2.380000e-03 2.921400e-01
333 7.050880e-01 2.324000e-03 2.925880e-01
334 7.047680e-01 2.240000e-03 2.929920e-01
335 7.043840e-01 2.252000e-03 2.933640e-01
336 7.040760e-01 2.140000e-03 2.937840e-01
337 7.036680e-01 2.228000e-03 2.941040e-01
338 7.032520e-01 2.232000e-03 2.945160e-01
339 7.028760e-01 2.200000e-03 2.949240e-01
340 7.025960e-01 2.116000e-03 2.952880e-01
341 7.021680e-01 2.076000e-03 2.957560e-01
342 7.017840e-01 2.128000e-03 2.960880e-01
343 7.015880e-01 1.928000e-03 2.964840e-01
344 7.012840e-01 1.908000e-03 2.968080e-01
345 7.010360e-01 1.788000e-03 2.971760e-01
346 7.007840e-01 1.740000e-03 2.974760e-01
347 7.005200e-01 1.652000e-03 2.978280e-01
348 7.002200e-01 1.692000e-03 2.980880e-01
349 7.000640e-01 1.544000e-03 2.983920e-01
350 6.997400e-01 1.608000e-03 2.986520e-01
351 6.994880e-01 1.528000e-03 2.989840e-01
352 6.991960e-01 1.572000e-03 2.992320e-01
353 6.989320e-01 1.572000e-03 2.994960e-01
354 6.986800e-01 1.564000e-03 2.997560e-01
355 6.983440e-01 1.628000e-03 3.000280e-01
356 6.981080e-01 1.596000e-03 3.002960e-01
357 6.978040e-01 1.616000e-03 3.005800e-01
358 6.975480e-01 1.556000e-03 3.008960e-01
359 6.972640e-01 1.628000e-03 3.011080e-01
360 6.970320e-01 1.596000e-03 3.013720e-01
361 6.968080e-01 1.516000e-03 3.016760e-01
362 6.965960e-01 1.480000e-03 3.019240e-01
363 6.963800e-01 1.444000e-03 3.021760e-01
364 6.961920e-01 1.344000e-03 3.024640e-01
365 6.960120e-01 1.296000e-03 3.026920e-01
366 6.958240e-01 1.268000e-03 3.029080e-01
367 6.956320e-01 1.260000e-03 3.031080e-01
368 6.954280e-01 1.196000e-03 3.033760e-01
369 6.952040e-01 1.196000e-03 3.036000e-01
370 6.949680e-01 1.204000e-03 3.038280e-01
371 6.947360e-01 1.252000e-03 3.040120e-01
372 6.944680e-01 1.284000e-03 3.042480e-01
373 6.942400e-01 1.312000e-03 3.044480e-01
374 6.940600e-01 1.244000e-03 3.046960e-01
375 6.938560e-01 1.212000e-03 3.049320e-01
376 6.936920e-01 1.148000e-03 3.051600e-01
377 6.935640e-01 1.068000e-03 3.053680e-01
378 6.934280e-01 1.012000e-03 3.055600e-01
379 6.932320e-01 9.880000e-04 3.057800e-01
380 6.930840e-01 9.640000e-04 3.059520e-01
381 6.929760e-01 9.240000e-04 3.061000e-01
382 6.928080e-01 9.400000e-04 3.062520e-01
383 6.926680e-01 9.280000e-04 3.064040e-01
384 6.924800e-01 9.160000e-04 3.066040e-01
385 6.922680e-01 9.880000e-04 3.067440e-01
386 6.921360e-01 9.480000e-04 3.069160e-01
387 6.920200e-01 8.920000e-04 3.070880e-01
388 6.918880e-01 9.120000e-04 3.072000e-01
389 6.917840e-01 8.480000e-04 3.073680e-01
390 6.916760e-01 7.800000e-04 3.075440e-01
391 6.915760e-01 7.440000e-04 3.076800e-01
392 6.914640e-01 7.400000e-04 3.077960e-01
393 6.913920e-01 7.120000e-04 3.078960e-01
394 6.912560e-01 7.040000e-04 3.080400e-01
395 6.911320e-01 7.160000e-04 3.081520e-01
396 6.910480e-01 6.680000e-04 3.082840e-01
397 6.909680e-01 6.400000e-04 3.083920e-01
398 6.908320e-01 6.800000e-04 3.084880e-01
399 6.907520e-01 6.400000e-04 3.086080e-01
400 6.906560e-01 6.200000e-04 3.087240e-01
401 6.905040e-01 6.800000e-04 3.088160e-01
402 6.903680e-01 6.800000e-04 3.089520e-01
403 6.902520e-01 6.800000e-04 3.090680e-01
404 6.901680e-01 6.040000e-04 3.092280e-01
405 6.900360e-01 6.600000e-04 3.093040e-01
406 6.899160e-01 6.640000e-04 3.094200e-01
407 6.897920e-01 6.320000e-04 3.095760e-01
408 6.897080e-01 6.240000e-04 3.096680e-01
409 6.896040e-01 6.160000e-04 3.097800e-01
410 6.895000e-01 6.280000e-04 3.098720e-01
411 6.893920e-01 6.400000e-04 3.099680e-01
412 6.892880e-01 6.440000e-04 3.100680e-01
413 6.891800e-01 6.600000e-04 3.101600e-01
414 6.890240e-01 6.720000e-04 3.103040e-01
415 6.889480e-01 6.280000e-04 3.104240e-01
416 6.888480e-01 6.240000e-04 3.105280e-01
417 6.887880e-01 5.920000e-04 3.106200e-01
418 6.887120e-01 5.480000e-04 3.107400e-01
419 6.886720e-01 4.720000e-04 3.108560e-01
420 6.886160e-01 4.360000e-04 3.109480e-01
421 6.885600e-01 4.360000e-04 3.110040e-01
422 6.884680e-01 4.520000e-04 3.110800e-01
423 6.883840e-01 4.520000e-04 3.111640e-01
424 6.883160e-01 4.320000e-04 3.112520e-01
425 6.882640e-01 4.120000e-04 3.113240e-01
426 6.882120e-01 4.040000e-04 3.113840e-01
427 6.881320e-01 4.280000e-04 3.114400e-01
428 6.880880e-01 4.160000e-04 3.114960e-01
429 6.880480e-01 3.720000e-04 3.115800e-01
430 6.879920e-01 3.800000e-04 3.116280e-01
431 6.878840e-01 4.200000e-04 3.116960e-01
432 6.877480e-01 4.880000e-04 3.117640e-01
433 6.876560e-01 5.080000e-04 3.118360e-01
434 6.875920e-01 4.720000e-04 3.119360e-01
435 6.875400e-01 4.280000e-04 3.120320e-01
436 6.874960e-01 3.840000e-04 3.121200e-01
437 6.874520e-01 3.720000e-04 3.121760e-01
438 6.873920e-01 3.680000e-04 3.122400e-01
439 6.873520e-01 3.320000e-04 3.123160e-01
440 6.873200e-01 2.920000e-04 3.123880e-01
441 6.872360e-01 3.240000e-04 3.124400e-01
442 6.871960e-01 3.040000e-04 3.125000e-01
443 6.871560e-01 2.760000e-04 3.125680e-01
444 6.871040e-01 2.800000e-04 3.126160e-01
445 6.870320e-01 2.960000e-04 3.126720e-01
446 6.869880e-01 2.840000e-04 3.127280e-01
447 6.869600e-01 2.640000e-04 3.127760e-01
448 6.869200e-01 2.720000e-04 3.128080e-01
449 6.868640e-01 2.960000e-04 3.128400e-01
450 6.868320e-01 2.840000e-04 3.128840e-01
451 6.868120e-01 2.760000e-04 3.129120e-01
452 6.867920e-01 2.320000e-04 3.129760e-01
453 6.867680e-01 2.280000e-04 3.130040e-01
454 6.867440e-01 2.240000e-04 3.130320e-01
455 6.867120e-01 2.280000e-04 3.130600e-01
456 6.866800e-01 2.200000e-04 3.131000e-01
457 6.866440e-01 1.920000e-04 3.131640e-01
458 6.866280e-01 1.840000e-04 3.131880e-01
459 6.866120e-01 1.640000e-04 3.132240e-01
460 6.865960e-01 1.480000e-04 3.132560e-01
461 6.865880e-01 1.240000e-04 3.132880e-01
462 6.865640e-01 1.320000e-04 3.133040e-01
463 6.865520e-01 1.360000e-04 3.133120e-01
464 6.864920e-01 1.600000e-04 3.133480e-01
465 6.864560e-01 1.800000e-04 3.133640e-01
466 6.864160e-01 1.880000e-04 3.133960e-01
467 6.863600e-01 2.160000e-04 3.134240e-01
468 6.863240e-01 1.880000e-04 3.134880e-01
469 6.863000e-01 1.720000e-04 3.135280e-01
470 6.862480e-01 1.840000e-04 3.135680e-01
471 6.862280e-01 1.680000e-04 3.136040e-01
472 6.861760e-01 1.840000e-04 3.136400e-01
473 6.861320e-01 2.120000e-04 3.136560e-01
474 6.860800e-01 2.360000e-04 3.136840e-01
475 6.860120e-01 2.680000e-04 3.137200e-01
476 6.859360e-01 2.880000e-04 3.137760e-01
477 6.858560e-01 3.240000e-04 3.138200e-01
478 6.857680e-01 3.760000e-04 3.138560e-01
479 6.856680e-01 4.320000e-04 3.139000e-01
480 6.855640e-01 4.480000e-04 3.139880e-01
481 6.854600e-01 4.840000e-04 3.140560e-01
482 6.853720e-01 5.000000e-04 3.141280e-01
483 6.852640e-01 5.440000e-04 3.141920e-01
484 6.851960e-01 5.560000e-04 3.142480e-01
485 6.851120e-01 5.560000e-04 3.143320e-01
486 6.850000e-01 5.720000e-04 3.144280e-01
487 6.848760e-01 5.520000e-04 3.145720e-01
488 6.847520e-01 5.720000e-04 3.146760e-01
489 6.846080e-01 6.080000e-04 3.147840e-01
490 6.844880e-01 6.120000e-04 3.149000e-01
491 6.843360e-01 6.440000e-04 3.150200e-01
492 6.842200e-01 6.560000e-04 3.151240e-01
493 6.840960e-01 6.560000e-04 3.152480e-01
494 6.839760e-01 6.960000e-04 3.153280e-01
495 6.838760e-01 7.200000e-04 3.154040e-01
496 6.837720e-01 7.080000e-04 3.155200e-01
497 6.836720e-01 6.200000e-04 3.157080e-01
498 6.835200e-01 6.760000e-04 3.158040e-01
499 6.834240e-01 6.680000e-04 3.159080e-01
500 6.833040e-01 6.800000e-04 3.160160e-01
