1 9.992000e-01 6.960000e-04 1.040000e-04
2 9.986480e-01 1.092000e-03 2.600000e-04
3 9.980080e-01 1.504000e-03 4.880000e-04
4 9.971800e-01 1.964000e-03 8.560000e-04
5 9.962840e-01 2.428000e-03 1.288000e-03
6 9.953960e-01 2.824000e-03 1.780000e-03
7 9.943920e-01 3.300000e-03 2.308000e-03
8 9.933520e-01 3.684000e-03 2.964000e-03
9 9.923000e-01 4.040000e-03 3.660000e-03
10 9.913400e-01 4.284000e-03 4.376000e-03
11 9.903360e-01 4.448000e-03 5.216000e-03
12 9.894000e-01 4.568000e-03 6.032000e-03
13 9.882600e-01 4.964000e-03 6.776000e-03
14 9.872680e-01 5.116000e-03 7.616000e-03
15 9.861600e-01 5.312000e-03 8.528000e-03
16 9.849800e-01 5.448000e-03 9.572000e-03
17 9.837920e-01 5.676000e-03 1.053200e-02
18 9.826560e-01 5.816000e-03 1.152800e-02
19 9.814560e-01 5.956000e-03 1.258800e-02
20 9.803000e-01 6.092000e-03 1.360800e-02
21 9.789840e-01 6.344000e-03 1.467200e-02
22 9.775920e-01 6.592000e-03 1.581600e-02
23 9.763280e-01 6.584000e-03 1.708800e-02
24 9.751560e-01 6.684000e-03 1.816000e-02
25 9.738960e-01 6.816000e-03 1.928800e-02
26 9.725360e-01 6.952000e-03 2.051200e-02
27 9.711840e-01 7.076000e-03 2.174000e-02
28 9.698640e-01 7.140000e-03 2.299600e-02
29 9.684360e-01 7.168000e-03 2.439600e-02
30 9.672600e-01 7.084000e-03 2.565600e-02
31 9.661000e-01 6.896000e-03 2.700400e-02
32 9.649040e-01 6.820000e-03 2.827600e-02
33 9.634400e-01 7.060000e-03 2.950000e-02
34 9.621480e-01 7.192000e-03 3.066000e-02
35 9.607320e-01 7.520000e-03 3.174800e-02
36 9.592360e-01 7.768000e-03 3.299600e-02
37 9.577480e-01 7.964000e-03 3.428800e-02
38 9.561520e-01 8.116000e-03 3.573200e-02
39 9.546160e-01 8.284000e-03 3.710000e-02
40 9.529920e-01 8.508000e-03 3.850000e-02
41 9.513840e-01 8.580000e-03 4.003600e-02
42 9.499000e-01 8.700000e-03 4.140000e-02
43 9.484000e-01 8.612000e-03 4.298800e-02
44 9.468680e-01 8.660000e-03 4.447200e-02
45 9.453360e-01 8.656000e-03 4.600800e-02
46 9.438000e-01 8.636000e-03 4.756400e-02
47 9.422080e-01 8.564000e-03 4.922800e-02
48 9.406880e-01 8.604000e-03 5.070800e-02
49 9.392880e-01 8.424000e-03 5.228800e-02
50 9.377680e-01 8.416000e-03 5.381600e-02
51 9.360520e-01 8.520000e-03 5.542800e-02
52 9.345840e-01 8.532000e-03 5.688400e-02
53 9.332240e-01 8.460000e-03 5.831600e-02
54 9.318160e-01 8.472000e-03 5.971200e-02
55 9.302080e-01 8.632000e-03 6.116000e-02
56 9.286760e-01 8.612000e-03 6.271200e-02
57 9.271960e-01 8.676000e-03 6.412800e-02
58 9.256080e-01 8.892000e-03 6.550000e-02
59 9.241400e-01 8.724000e-03 6.713600e-02
60 9.225680e-01 8.744000e-03 6.868800e-02
61 9.211680e-01 8.520000e-03 7.031200e-02
62 9.197360e-01 8.400000e-03 7.186400e-02
63 9.181880e-01 8.536000e-03 7.327600e-02
64 9.167040e-01 8.404000e-03 7.489200e-02
65 9.150800e-01 8.516000e-03 7.640400e-02
66 9.136560e-01 8.500000e-03 7.784400e-02
67 9.121840e-01 8.420000e-03 7.939600e-02
68 9.107360e-01 8.296000e-03 8.096800e-02
69 9.092040e-01 8.404000e-03 8.239200e-02
70 9.078840e-01 8.172000e-03 8.394400e-02
71 9.063560e-01 8.284000e-03 8.536000e-02
72 9.047400e-01 8.436000e-03 8.682400e-02
73 9.031840e-01 8.520000e-03 8.829600e-02
74 9.015800e-01 8.520000e-03 8.990000e-02
75 8.998600e-01 8.772000e-03 9.136800e-02
76 8.981920e-01 8.948000e-03 9.286000e-02
77 8.965840e-01 8.960000e-03 9.445600e-02
78 8.949360e-01 9.076000e-03 9.598800e-02
79 8.933840e-01 9.008000e-03 9.760800e-02
80 8.919920e-01 8.892000e-03 9.911600e-02
81 8.905440e-01 8.688000e-03 1.007680e-01
82 8.890280e-01 8.696000e-03 1.022760e-01
83 8.875880e-01 8.784000e-03 1.036280e-01
84 8.860080e-01 8.800000e-03 1.051920e-01
85 8.845720e-01 8.608000e-03 1.068200e-01
86 8.832400e-01 8.324000e-03 1.084360e-01
87 8.818000e-01 8.228000e-03 1.099720e-01
88 8.805080e-01 7.992000e-03 1.115000e-01
89 8.790280e-01 8.016000e-03 1.129560e-01
90 8.776560e-01 7.980000e-03 1.143640e-01
91 8.763320e-01 7.976000e-03 1.156920e-01
92 8.748240e-01 8.108000e-03 1.170680e-01
93 8.734200e-01 7.952000e-03 1.186280e-01
94 8.721160e-01 7.876000e-03 1.200080e-01
95 8.705640e-01 8.060000e-03 1.213760e-01
96 8.691280e-01 8.048000e-03 1.228240e-01
97 8.677200e-01 8.152000e-03 1.241280e-01
98 8.663920e-01 8.060000e-03 1.255480e-01
99 8.651160e-01 7.956000e-03 1.269280e-01
100 8.638920e-01 7.732000e-03 1.283760e-01
101 8.627200e-01 7.500000e-03 1.297800e-01
102 8.615480e-01 7.264000e-03 1.311880e-01
103 8.601640e-01 7.368000e-03 1.324680e-01
104 8.588800e-01 7.368000e-03 1.337520e-01
105 8.574320e-01 7.520000e-03 1.350480e-01
106 8.561040e-01 7.456000e-03 1.364400e-01
107 8.547120e-01 7.548000e-03 1.377400e-01
108 8.533600e-01 7.492000e-03 1.391480e-01
109 8.519880e-01 7.560000e-03 1.404520e-01
110 8.506760e-01 7.636000e-03 1.416880e-01
111 8.492360e-01 7.692000e-03 1.430720e-01
112 8.477640e-01 7.768000e-03 1.444680e-01
113 8.463680e-01 7.896000e-03 1.457360e-01
114 8.448360e-01 8.140000e-03 1.470240e-01
115 8.433360e-01 8.228000e-03 1.484360e-01
116 8.418960e-01 8.284000e-03 1.498200e-01
117 8.402520e-01 8.496000e-03 1.512520e-01
118 8.387360e-01 8.536000e-03 1.527280e-01
119 8.374160e-01 8.448000e-03 1.541360e-01
120 8.359680e-01 8.472000e-03 1.555600e-01
121 8.346880e-01 8.340000e-03 1.569720e-01
122 8.333680e-01 8.236000e-03 1.583960e-01
123 8.319080e-01 8.296000e-03 1.597960e-01
124 8.304920e-01 8.312000e-03 1.611960e-01
125 8.291080e-01 8.324000e-03 1.625680e-01
126 8.277960e-01 8.228000e-03 1.639760e-01
127 8.262840e-01 8.292000e-03 1.654240e-01
128 8.250120e-01 8.048000e-03 1.669400e-01
129 8.234600e-01 8.200000e-03 1.683400e-01
130 8.220240e-01 8.044000e-03 1.699320e-01
131 8.207400e-01 7.796000e-03 1.714640e-01
132 8.194440e-01 7.700000e-03 1.728560e-01
133 8.182440e-01 7.616000e-03 1.741400e-01
134 8.168120e-01 7.564000e-03 1.756240e-01
135 8.153480e-01 7.692000e-03 1.769600e-01
136 8.139600e-01 7.676000e-03 1.783640e-01
137 8.126280e-01 7.680000e-03 1.796920e-01
138 8.114560e-01 7.608000e-03 1.809360e-01
139 8.102320e-01 7.584000e-03 1.821840e-01
140 8.089960e-01 7.460000e-03 1.835440e-01
141 8.078200e-01 7.304000e-03 1.848760e-01
142 8.066520e-01 7.228000e-03 1.861200e-01
143 8.054360e-01 7.092000e-03 1.874720e-01
144 8.042560e-01 6.940000e-03 1.888040e-01
145 8.030920e-01 6.888000e-03 1.900200e-01
146 8.017600e-01 7.012000e-03 1.912280e-01
147 8.005560e-01 7.072000e-03 1.923720e-01
148 7.991240e-01 7.248000e-03 1.936280e-01
149 7.977240e-01 7.392000e-03 1.948840e-01
150 7.962720e-01 7.564000e-03 1.961640e-01
151 7.949360e-01 7.552000e-03 1.975120e-01
152 7.935000e-01 7.644000e-03 1.988560e-01
153 7.921440e-01 7.784000e-03 2.000720e-01
154 7.909280e-01 7.688000e-03 2.013840e-01
155 7.895840e-01 7.760000e-03 2.026560e-01
156 7.882640e-01 7.620000e-03 2.041160e-01
157 7.869600e-01 7.620000e-03 2.054200e-01
158 7.855040e-01 7.732000e-03 2.067640e-01
159 7.841320e-01 7.680000e-03 2.081880e-01
160 7.827840e-01 7.660000e-03 2.095560e-01
161 7.813680e-01 7.728000e-03 2.109040e-01
162 7.800600e-01 7.680000e-03 2.122600e-01
163 7.787320e-01 7.584000e-03 2.136840e-01
164 7.775320e-01 7.376000e-03 2.150920e-01
165 7.761160e-01 7.568000e-03 2.163160e-01
166 7.748760e-01 7.432000e-03 2.176920e-01
167 7.735640e-01 7.504000e-03 2.189320e-01
168 7.723760e-01 7.372000e-03 2.202520e-01
169 7.711600e-01 7.328000e-03 2.215120e-01
170 7.698080e-01 7.492000e-03 2.227000e-01
171 7.684680e-01 7.460000e-03 2.240720e-01
172 7.671520e-01 7.436000e-03 2.254120e-01
173 7.659520e-01 7.324000e-03 2.267240e-01
174 7.646880e-01 7.296000e-03 2.280160e-01
175 7.633320e-01 7.540000e-03 2.291280e-01
176 7.619360e-01 7.672000e-03 2.303920e-01
177 7.604440e-01 7.796000e-03 2.317600e-01
178 7.589720e-01 7.848000e-03 2.331800e-01
179 7.577520e-01 7.644000e-03 2.346040e-01
180 7.564200e-01 7.616000e-03 2.359640e-01
181 7.550680e-01 7.628000e-03 2.373040e-01
182 7.536640e-01 7.692000e-03 2.386440e-01
183 7.523640e-01 7.700000e-03 2.399360e-01
184 7.511800e-01 7.492000e-03 2.413280e-01
185 7.499640e-01 7.440000e-03 2.425960e-01
186 7.488320e-01 7.356000e-03 2.438120e-01
187 7.477440e-01 7.172000e-03 2.450840e-01
188 7.466800e-01 7.068000e-03 2.462520e-01
189 7.455160e-01 7.052000e-03 2.474320e-01
190 7.445080e-01 6.772000e-03 2.487200e-01
191 7.434960e-01 6.632000e-03 2.498720e-01
192 7.424360e-01 6.524000e-03 2.510400e-01
193 7.412480e-01 6.644000e-03 2.521080e-01
194 7.401080e-01 6.680000e-03 2.532120e-01
195 7.389680e-01 6.624000e-03 2.544080e-01
196 7.379320e-01 6.596000e-03 2.554720e-01
197 7.369720e-01 6.456000e-03 2.565720e-01
198 7.359040e-01 6.444000e-03 2.576520e-01
199 7.347800e-01 6.456000e-03 2.587640e-01
200 7.337320e-01 6.352000e-03 2.599160e-01
201 7.328200e-01 6.104000e-03 2.610760e-01
202 7.318000e-01 6.008000e-03 2.621920e-01
203 7.309160e-01 5.900000e-03 2.631840e-01
204 7.299360e-01 5.820000e-03 2.642440e-01
205 7.289880e-01 5.824000e-03 2.651880e-01
206 7.280440e-01 5.716000e-03 2.662400e-01
207 7.271840e-01 5.508000e-03 2.673080e-01
208 7.262920e-01 5.536000e-03 2.681720e-01
209 7.253480e-01 5.488000e-03 2.691640e-01
210 7.244520e-01 5.432000e-03 2.701160e-01
211 7.235360e-01 5.416000e-03 2.710480e-01
212 7.225920e-01 5.452000e-03 2.719560e-01
213 7.216200e-01 5.464000e-03 2.729160e-01
214 7.205760e-01 5.548000e-03 2.738760e-01
215 7.197680e-01 5.512000e-03 2.747200e-01
216 7.189440e-01 5.296000e-03 2.757600e-01
217 7.181520e-01 5.136000e-03 2.767120e-01
218 7.173240e-01 5.080000e-03 2.775960e-01
219 7.165320e-01 4.976000e-03 2.784920e-01
220 7.157640e-01 4.940000e-03 2.792960e-01
221 7.148760e-01 5.020000e-03 2.801040e-01
222 7.140040e-01 4.968000e-03 2.810280e-01
223 7.132120e-01 4.972000e-03 2.818160e-01
224 7.124200e-01 4.928000e-03 2.826520e-01
225 7.114840e-01 4.964000e-03 2.835520e-01
226 7.106720e-01 4.988000e-03 2.843400e-01
227 7.098200e-01 4.996000e-03 2.851840e-01
228 7.089400e-01 5.084000e-03 2.859760e-01
229 7.081760e-01 4.976000e-03 2.868480e-01
230 7.073200e-01 4.984000e-03 2.876960e-01
231 7.065320e-01 4.980000e-03 2.884880e-01
232 7.056760e-01 4.944000e-03 2.893800e-01
233 7.049000e-01 4.960000e-03 2.901400e-01
234 7.040640e-01 4.984000e-03 2.909520e-01
235 7.031880e-01 4.888000e-03 2.919240e-01
236 7.022840e-01 4.952000e-03 2.927640e-01
237 7.014440e-01 4.936000e-03 2.936200e-01
238 7.006640e-01 4.804000e-03 2.945320e-01
239 6.998040e-01 4.872000e-03 2.953240e-01
240 6.990360e-01 4.856000e-03 2.961080e-01
241 6.980000e-01 5.052000e-03 2.969480e-01
242 6.971840e-01 4.908000e-03 2.979080e-01
243 6.963920e-01 4.820000e-03 2.987880e-01
244 6.956720e-01 4.596000e-03 2.997320e-01
245 6.949240e-01 4.604000e-03 3.004720e-01
246 6.942120e-01 4.524000e-03 3.012640e-01
247 6.935160e-01 4.340000e-03 3.021440e-01
248 6.927040e-01 4.488000e-03 3.028080e-01
249 6.920120e-01 4.408000e-03 3.035800e-01
250 6.912840e-01 4.320000e-03 3.043960e-01
251 6.906680e-01 4.196000e-03 3.051360e-01
252 6.900280e-01 4.092000e-03 3.058800e-01
253 6.892560e-01 4.172000e-03 3.065720e-01
254 6.886320e-01 4.064000e-03 3.073040e-01
255 6.880000e-01 3.920000e-03 3.080800e-01
256 6.874040e-01 3.876000e-03 3.087200e-01
257 6.868160e-01 3.688000e-03 3.094960e-01
258 6.861920e-01 3.672000e-03 3.101360e-01
259 6.855000e-01 3.764000e-03 3.107360e-01
260 6.848960e-01 3.672000e-03 3.114320e-01
261 6.842760e-01 3.652000e-03 3.120720e-01
262 6.836480e-01 3.640000e-03 3.127120e-01
263 6.831640e-01 3.404000e-03 3.134320e-01
264 6.826640e-01 3.348000e-03 3.139880e-01
265 6.820320e-01 3.432000e-03 3.145360e-01
266 6.814400e-01 3.440000e-03 3.151200e-01
267 6.808800e-01 3.372000e-03 3.157480e-01
268 6.803760e-01 3.340000e-03 3.162840e-01
269 6.797280e-01 3.464000e-03 3.168080e-01
270 6.791680e-01 3.384000e-03 3.174480e-01
271 6.784960e-01 3.484000e-03 3.180200e-01
272 6.779040e-01 3.492000e-03 3.186040e-01
273 6.773720e-01 3.400000e-03 3.192280e-01
274 6.768720e-01 3.360000e-03 3.197680e-01
275 6.763600e-01 3.344000e-03 3.202960e-01
276 6.759280e-01 3.200000e-03 3.208720e-01
277 6.754000e-01 3.188000e-03 3.214120e-01
278 6.748840e-01 3.144000e-03 3.219720e-01
279 6.743400e-01 3.148000e-03 3.225120e-01
280 6.737880e-01 3.172000e-03 3.230400e-01
281 6.732520e-01 3.120000e-03 3.236280e-01
282 6.727280e-01 3.036000e-03 3.242360e-01
283 6.722760e-01 2.912000e-03 3.248120e-01
284 6.717480e-01 2.912000e-03 3.253400e-01
285 6.712200e-01 2.908000e-03 3.258720e-01
286 6.707480e-01 2.868000e-03 3.263840e-01
287 6.702320e-01 2.884000e-03 3.268840e-01
288 6.697800e-01 2.828000e-03 3.273920e-01
289 6.693280e-01 2.808000e-03 3.278640e-01
290 6.688400e-01 2.852000e-03 3.283080e-01
291 6.684080e-01 2.744000e-03 3.288480e-01
292 6.679600e-01 2.676000e-03 3.293640e-01
293 6.675960e-01 2.528000e-03 3.298760e-01
294 6.671240e-01 2.540000e-03 3.303360e-01
295 6.666600e-01 2.616000e-03 3.307240e-01
296 6.660880e-01 2.712000e-03 3.312000e-01
297 6.656320e-01 2.672000e-03 3.316960e-01
298 6.651240e-01 2.744000e-03 3.321320e-01
299 6.646200e-01 2.808000e-03 3.325720e-01
300 6.640920e-01 2.908000e-03 3.330000e-01
301 6.635200e-01 2.900000e-03 3.335800e-01
302 6.631040e-01 2.924000e-03 3.339720e-01
303 6.626000e-01 2.912000e-03 3.344880e-01
304 6.621480e-01 2.856000e-03 3.349960e-01
305 6.617480e-01 2.772000e-03 3.354800e-01
306 6.613160e-01 2.736000e-03 3.359480e-01
307 6.608520e-01 2.744000e-03 3.364040e-01
308 6.604120e-01 2.680000e-03 3.369080e-01
309 6.600040e-01 2.612000e-03 3.373840e-01
310 6.595560e-01 2.640000e-03 3.378040e-01
311 6.591480e-01 2.624000e-03 3.382280e-01
312 6.587000e-01 2.620000e-03 3.386800e-01
313 6.582560e-01 2.528000e-03 3.392160e-01
314 6.577840e-01 2.492000e-03 3.397240e-01
315 6.574720e-01 2.384000e-03 3.401440e-01
316 6.571040e-01 2.360000e-03 3.405360e-01
317 6.567400e-01 2.408000e-03 3.408520e-01
318 6.563760e-01 2.316000e-03 3.413080e-01
319 6.559280e-01 2.388000e-03 3.416840e-01
320 6.555240e-01 2.324000e-03 3.421520e-01
321 6.552680e-01 2.156000e-03 3.425760e-01
322 6.549600e-01 2.080000e-03 3.429600e-01
323 6.546160e-01 2.072000e-03 3.433120e-01
324 6.542480e-01 2.064000e-03 3.436880e-01
325 6.538520e-01 2.120000e-03 3.440280e-01
326 6.534280e-01 2.240000e-03 3.443320e-01
327 6.530960e-01 2.188000e-03 3.447160e-01
328 6.527280e-01 2.160000e-03 3.451120e-01
329 6.524720e-01 1.988000e-03 3.455400e-01
330 6.521480e-01 1.992000e-03 3.458600e-01
331 6.518040e-01 2.008000e-03 3.461880e-01
332 6.515400e-01 1.904000e-03 3.465560e-01
333 6.511440e-01 1.964000e-03 3.468920e-01
334 6.508480e-01 1.964000e-03 3.471880e-01
335 6.505280e-01 1.960000e-03 3.475120e-01
336 6.502520e-01 1.924000e-03 3.478240e-01
337 6.500040e-01 1.844000e-03 3.481520e-01
338 6.497280e-01 1.708000e-03 3.485640e-01
339 6.494000e-01 1.768000e-03 3.488320e-01
340 6.491480e-01 1.688000e-03 3.491640e-01
341 6.488320e-01 1.684000e-03 3.494840e-01
342 6.485560e-01 1.720000e-03 3.497240e-01
343 6.482960e-01 1.696000e-03 3.500080e-01
344 6.480080e-01 1.728000e-03 3.502640e-01
345 6.477280e-01 1.688000e-03 3.505840e-01
346 6.474760e-01 1.676000e-03 3.508480e-01
347 6.471400e-01 1.760000e-03 3.511000e-01
348 6.468640e-01 1.704000e-03 3.514320e-01
349 6.465040e-01 1.732000e-03 3.517640e-01
350 6.461560e-01 1.776000e-03 3.520680e-01
351 6.458720e-01 1.772000e-03 3.523560e-01
352 6.455280e-01 1.816000e-03 3.526560e-01
353 6.452240e-01 1.760000e-03 3.530160e-01
354 6.449440e-01 1.788000e-03 3.532680e-01
355 6.446320e-01 1.772000e-03 3.535960e-01
356 6.444160e-01 1.672000e-03 3.539120e-01
357 6.441240e-01 1.708000e-03 3.541680e-01
358 6.439360e-01 1.592000e-03 3.544720e-01
359 6.436640e-01 1.524000e-03 3.548120e-01
360 6.434680e-01 1.432000e-03 3.551000e-01
361 6.432920e-01 1.380000e-03 3.553280e-01
362 6.430640e-01 1.356000e-03 3.555800e-01
363 6.428160e-01 1.404000e-03 3.557800e-01
364 6.425560e-01 1.452000e-03 3.559920e-01
365 6.422920e-01 1.440000e-03 3.562680e-01
366 6.420800e-01 1.356000e-03 3.565640e-01
367 6.418320e-01 1.312000e-03 3.568560e-01
368 6.416440e-01 1.276000e-03 3.570800e-01
369 6.413840e-01 1.272000e-03 3.573440e-01
370 6.412160e-01 1.188000e-03 3.575960e-01
371 6.410800e-01 1.064000e-03 3.578560e-01
372 6.409280e-01 1.052000e-03 3.580200e-01
373 6.407720e-01 1.016000e-03 3.582120e-01
374 6.406440e-01 9.480000e-04 3.584080e-01
375 6.405200e-01 9.240000e-04 3.585560e-01
376 6.403920e-01 9.040000e-04 3.587040e-01
377 6.402240e-01 9.320000e-04 3.588440e-01
378 6.401000e-01 8.760000e-04 3.590240e-01
379 6.399480e-01 9.120000e-04 3.591400e-01
380 6.397480e-01 9.560000e-04 3.592960e-01
381 6.395720e-01 9.720000e-04 3.594560e-01
382 6.394760e-01 8.760000e-04 3.596480e-01
383 6.392720e-01 9.520000e-04 3.597760e-01
384 6.391000e-01 9.400000e-04 3.599600e-01
385 6.389320e-01 9.320000e-04 3.601360e-01
386 6.387800e-01 9.320000e-04 3.602880e-01
387 6.386480e-01 8.920000e-04 3.604600e-01
388 6.384840e-01 8.920000e-04 3.606240e-01
389 6.383800e-01 8.640000e-04 3.607560e-01
390 6.381960e-01 8.600000e-04 3.609440e-01
391 6.380720e-01 8.480000e-04 3.610800e-01
392 6.379080e-01 8.680000e-04 3.612240e-01
393 6.377720e-01 8.480000e-04 3.613800e-01
394 6.376120e-01 8.680000e-04 3.615200e-01
395 6.374920e-01 8.120000e-04 3.616960e-01
396 6.373920e-01 7.600000e-04 3.618480e-01
397 6.372800e-01 7.200000e-04 3.620000e-01
398 6.371680e-01 7.040000e-04 3.621280e-01
399 6.370360e-01 7.480000e-04 3.622160e-01
400 6.369200e-01 7.600000e-04 3.623200e-01
401 6.368000e-01 7.360000e-04 3.624640e-01
402 6.366400e-01 7.760000e-04 3.625840e-01
403 6.365200e-01 7.440000e-04 3.627360e-01
404 6.363920e-01 7.560000e-04 3.628520e-01
405 6.362440e-01 7.800000e-04 3.629760e-01
406 6.361080e-01 7.880000e-04 3.631040e-01
407 6.359400e-01 8.640000e-04 3.631960e-01
408 6.357880e-01 8.520000e-04 3.633600e-01
409 6.356080e-01 8.800000e-04 3.635120e-01
410 6.354360e-01 9.000000e-04 3.636640e-01
411 6.352160e-01 9.560000e-04 3.638280e-01
412 6.350400e-01 9.480000e-04 3.640120e-01
413 6.349000e-01 9.920000e-04 3.641080e-01
414 6.347160e-01 1.016000e-03 3.642680e-01
415 6.344920e-01 1.060000e-03 3.644480e-01
416 6.342760e-01 1.076000e-03 3.646480e-01
417 6.340560e-01 1.108000e-03 3.648360e-01
418 6.338520e-01 1.120000e-03 3.650280e-01
419 6.337000e-01 1.056000e-03 3.652440e-01
420 6.335080e-01 1.068000e-03 3.654240e-01
421 6.333560e-01 1.040000e-03 3.656040e-01
422 6.332160e-01 9.880000e-04 3.657960e-01
423 6.331080e-01 9.160000e-04 3.659760e-01
424 6.330040e-01 8.520000e-04 3.661440e-01
425 6.328440e-01 8.120000e-04 3.663440e-01
426 6.327080e-01 8.160000e-04 3.664760e-01
427 6.325160e-01 8.800000e-04 3.666040e-01
428 6.323800e-01 8.760000e-04 3.667440e-01
429 6.322280e-01 9.200000e-04 3.668520e-01
430 6.320680e-01 9.200000e-04 3.670120e-01
431 6.318680e-01 9.640000e-04 3.671680e-01
432 6.317360e-01 9.320000e-04 3.673320e-01
433 6.316000e-01 8.880000e-04 3.675120e-01
434 6.314680e-01 8.480000e-04 3.676840e-01
435 6.313200e-01 8.120000e-04 3.678680e-01
436 6.311400e-01 8.280000e-04 3.680320e-01
437 6.310160e-01 8.240000e-04 3.681600e-01
438 6.308920e-01 8.240000e-04 3.682840e-01
439 6.307480e-01 8.560000e-04 3.683960e-01
440 6.305840e-01 8.960000e-04 3.685200e-01
441 6.304640e-01 8.720000e-04 3.686640e-01
442 6.302880e-01 9.120000e-04 3.688000e-01
443 6.301440e-01 9.000000e-04 3.689560e-01
444 6.300040e-01 8.800000e-04 3.691160e-01
445 6.298640e-01 8.400000e-04 3.692960e-01
446 6.297440e-01 8.240000e-04 3.694320e-01
447 6.295760e-01 8.320000e-04 3.695920e-01
448 6.294440e-01 8.160000e-04 3.697400e-01
449 6.292960e-01 7.840000e-04 3.699200e-01
450 6.291800e-01 7.280000e-04 3.700920e-01
451 6.290480e-01 7.440000e-04 3.702080e-01
452 6.289320e-01 7.320000e-04 3.703360e-01
453 6.288600e-01 6.800000e-04 3.704600e-01
454 6.287400e-01 6.720000e-04 3.705880e-01
455 6.286040e-01 7.040000e-04 3.706920e-01
456 6.284840e-01 7.000000e-04 3.708160e-01
457 6.283920e-01 6.680000e-04 3.709400e-01
458 6.282640e-01 6.720000e-04 3.710640e-01
459 6.281360e-01 6.960000e-04 3.711680e-01
460 6.280640e-01 6.400000e-04 3.712960e-01
461 6.279440e-01 6.280000e-04 3.714280e-01
462 6.278240e-01 6.520000e-04 3.715240e-01
463 6.276560e-01 6.880000e-04 3.716560e-01
464 6.275200e-01 6.960000e-04 3.717840e-01
465 6.274120e-01 6.960000e-04 3.718920e-01
466 6.272720e-01 6.960000e-04 3.720320e-01
467 6.271280e-01 7.160000e-04 3.721560e-01
468 6.269640e-01 7.760000e-04 3.722600e-01
469 6.268240e-01 7.600000e-04 3.724160e-01
470 6.267160e-01 7.400000e-04 3.725440e-01
471 6.265680e-01 7.800000e-04 3.726520e-01
472 6.264160e-01 8.200000e-04 3.727640e-01
473 6.262440e-01 8.920000e-04 3.728640e-01
474 6.260560e-01 9.520000e-04 3.729920e-01
475 6.258760e-01 9.440000e-04 3.731800e-01
476 6.257120e-01 9.080000e-04 3.733800e-01
477 6.255520e-01 9.040000e-04 3.735440e-01
478 6.253640e-01 9.320000e-04 3.737040e-01
479 6.252240e-01 8.760000e-04 3.739000e-01
480 6.250680e-01 8.440000e-04 3.740880e-01
481 6.249360e-01 8.000000e-04 3.742640e-01
482 6.247760e-01 7.920000e-04 3.744320e-01
483 6.246480e-01 7.840000e-04 3.745680e-01
484 6.245000e-01 8.080000e-04 3.746920e-01
485 6.243080e-01 8.440000e-04 3.748480e-01
486 6.241640e-01 8.360000e-04 3.750000e-01
487 6.239720e-01 8.880000e-04 3.751400e-01
488 6.237760e-01 9.040000e-04 3.753200e-01
489 6.236320e-01 9.160000e-04 3.754520e-01
490 6.234920e-01 8.920000e-04 3.756160e-01
491 6.233320e-01 9.280000e-04 3.757400e-01
492 6.231200e-01 9.960000e-04 3.758840e-01
493 6.230040e-01 9.680000e-04 3.760280e-01
494 6.228280e-01 1.012000e-03 3.761600e-01
495 6.226280e-01 1.020000e-03 3.763520e-01
496 6.224560e-01 9.760000e-04 3.765680e-01
497 6.222200e-01 1.020000e-03 3.767600e-01
498 6.220840e-01 9.640000e-04 3.769520e-01
499 6.219320e-01 9.400000e-04 3.771280e-01
500 6.217280e-01 9.680000e-04 3.773040e-01
