1 9.992720e-01 6.320000e-04 9.600000e-05
2 9.987120e-01 1.084000e-03 2.040000e-04
3 9.981160e-01 1.448000e-03 4.360000e-04
4 9.974400e-01 1.852000e-03 7.080000e-04
5 9.965720e-01 2.332000e-03 1.096000e-03
6 9.957280e-01 2.712000e-03 1.560000e-03
7 9.947760e-01 3.136000e-03 2.088000e-03
8 9.937800e-01 3.564000e-03 2.656000e-03
9 9.927400e-01 3.892000e-03 3.368000e-03
10 9.916480e-01 4.168000e-03 4.184000e-03
11 9.906280e-01 4.388000e-03 4.984000e-03
12 9.896600e-01 4.644000e-03 5.696000e-03
13 9.884920e-01 4.900000e-03 6.608000e-03
14 9.873920e-01 5.112000e-03 7.496000e-03
15 9.863120e-01 5.288000e-03 8.400000e-03
16 9.851800e-01 5.424000e-03 9.396000e-03
17 9.839160e-01 5.792000e-03 1.029200e-02
18 9.827040e-01 5.988000e-03 1.130800e-02
19 9.815200e-01 6.208000e-03 1.227200e-02
20 9.803560e-01 6.232000e-03 1.341200e-02
21 9.790680e-01 6.368000e-03 1.456400e-02
22 9.778320e-01 6.464000e-03 1.570400e-02
23 9.764520e-01 6.736000e-03 1.681200e-02
24 9.752680e-01 6.772000e-03 1.796000e-02
25 9.738520e-01 7.108000e-03 1.904000e-02
26 9.724840e-01 7.192000e-03 2.032400e-02
27 9.711480e-01 7.200000e-03 2.165200e-02
28 9.697800e-01 7.328000e-03 2.289200e-02
29 9.683720e-01 7.364000e-03 2.426400e-02
30 9.670120e-01 7.260000e-03 2.572800e-02
31 9.654840e-01 7.544000e-03 2.697200e-02
32 9.639920e-01 7.720000e-03 2.828800e-02
33 9.625560e-01 7.708000e-03 2.973600e-02
34 9.609960e-01 7.864000e-03 3.114000e-02
35 9.594880e-01 7.992000e-03 3.252000e-02
36 9.579640e-01 8.004000e-03 3.403200e-02
37 9.565120e-01 8.164000e-03 3.532400e-02
38 9.548320e-01 8.224000e-03 3.694400e-02
39 9.532880e-01 8.304000e-03 3.840800e-02
40 9.516120e-01 8.540000e-03 3.984800e-02
41 9.500400e-01 8.608000e-03 4.135200e-02
42 9.484680e-01 8.652000e-03 4.288000e-02
43 9.470000e-01 8.644000e-03 4.435600e-02
44 9.455560e-01 8.592000e-03 4.585200e-02
45 9.440200e-01 8.728000e-03 4.725200e-02
46 9.425800e-01 8.656000e-03 4.876400e-02
47 9.409680e-01 8.760000e-03 5.027200e-02
48 9.393560e-01 8.792000e-03 5.185200e-02
49 9.377320e-01 8.948000e-03 5.332000e-02
50 9.360960e-01 9.044000e-03 5.486000e-02
51 9.345560e-01 9.068000e-03 5.637600e-02
52 9.329080e-01 9.148000e-03 5.794400e-02
53 9.314960e-01 9.016000e-03 5.948800e-02
54 9.299080e-01 8.980000e-03 6.111200e-02
55 9.282240e-01 9.188000e-03 6.258800e-02
56 9.266560e-01 9.068000e-03 6.427600e-02
57 9.249640e-01 9.004000e-03 6.603200e-02
58 9.231840e-01 9.140000e-03 6.767600e-02
59 9.214880e-01 9.172000e-03 6.934000e-02
60 9.198560e-01 9.036000e-03 7.110800e-02
61 9.181200e-01 9.248000e-03 7.263200e-02
62 9.163400e-01 9.276000e-03 7.438400e-02
63 9.144160e-01 9.596000e-03 7.598800e-02
64 9.128720e-01 9.456000e-03 7.767200e-02
65 9.112480e-01 9.324000e-03 7.942800e-02
66 9.095720e-01 9.460000e-03 8.096800e-02
67 9.079080e-01 9.528000e-03 8.256400e-02
68 9.063840e-01 9.432000e-03 8.418400e-02
69 9.047360e-01 9.492000e-03 8.577200e-02
70 9.030600e-01 9.356000e-03 8.758400e-02
71 9.015160e-01 9.260000e-03 8.922400e-02
72 8.999160e-01 9.296000e-03 9.078800e-02
73 8.982320e-01 9.464000e-03 9.230400e-02
74 8.966400e-01 9.404000e-03 9.395600e-02
75 8.950600e-01 9.180000e-03 9.576000e-02
76 8.936160e-01 9.112000e-03 9.727200e-02
77 8.920520e-01 8.960000e-03 9.898800e-02
78 8.905000e-01 8.784000e-03 1.007160e-01
79 8.888640e-01 8.948000e-03 1.021880e-01
80 8.873880e-01 8.844000e-03 1.037680e-01
81 8.858760e-01 8.912000e-03 1.052120e-01
82 8.843120e-01 8.952000e-03 1.067360e-01
83 8.827480e-01 8.956000e-03 1.082960e-01
84 8.812080e-01 8.836000e-03 1.099560e-01
85 8.796520e-01 8.908000e-03 1.114400e-01
86 8.780120e-01 9.068000e-03 1.129200e-01
87 8.763120e-01 9.192000e-03 1.144960e-01
88 8.746040e-01 9.364000e-03 1.160320e-01
89 8.730280e-01 9.152000e-03 1.178200e-01
90 8.713920e-01 9.164000e-03 1.194440e-01
91 8.697680e-01 9.184000e-03 1.210480e-01
92 8.681680e-01 9.056000e-03 1.227760e-01
93 8.666280e-01 9.064000e-03 1.243080e-01
94 8.650600e-01 9.044000e-03 1.258960e-01
95 8.633120e-01 9.092000e-03 1.275960e-01
96 8.617120e-01 9.036000e-03 1.292520e-01
97 8.601840e-01 9.036000e-03 1.307800e-01
98 8.586000e-01 9.112000e-03 1.322880e-01
99 8.570840e-01 9.052000e-03 1.338640e-01
100 8.555760e-01 8.904000e-03 1.355200e-01
101 8.541680e-01 8.748000e-03 1.370840e-01
102 8.526320e-01 8.760000e-03 1.386080e-01
103 8.511000e-01 8.972000e-03 1.399280e-01
104 8.498440e-01 8.764000e-03 1.413920e-01
105 8.485080e-01 8.672000e-03 1.428200e-01
106 8.470560e-01 8.632000e-03 1.443120e-01
107 8.456720e-01 8.436000e-03 1.458920e-01
108 8.441080e-01 8.464000e-03 1.474280e-01
109 8.428040e-01 8.344000e-03 1.488520e-01
110 8.413440e-01 8.224000e-03 1.504320e-01
111 8.398480e-01 8.284000e-03 1.518680e-01
112 8.385560e-01 8.196000e-03 1.532480e-01
113 8.371280e-01 8.272000e-03 1.546000e-01
114 8.358600e-01 8.152000e-03 1.559880e-01
115 8.345000e-01 8.120000e-03 1.573800e-01
116 8.332120e-01 7.984000e-03 1.588040e-01
117 8.319160e-01 7.968000e-03 1.601160e-01
118 8.306560e-01 7.824000e-03 1.615200e-01
119 8.293640e-01 7.808000e-03 1.628280e-01
120 8.282040e-01 7.520000e-03 1.642760e-01
121 8.269120e-01 7.508000e-03 1.655800e-01
122 8.255560e-01 7.516000e-03 1.669280e-01
123 8.242440e-01 7.668000e-03 1.680880e-01
124 8.231400e-01 7.472000e-03 1.693880e-01
125 8.221480e-01 7.204000e-03 1.706480e-01
126 8.210280e-01 7.088000e-03 1.718840e-01
127 8.197440e-01 7.272000e-03 1.729840e-01
128 8.186960e-01 7.060000e-03 1.742440e-01
129 8.174360e-01 7.100000e-03 1.754640e-01
130 8.163120e-01 6.936000e-03 1.767520e-01
131 8.151480e-01 6.884000e-03 1.779680e-01
132 8.139480e-01 7.004000e-03 1.790480e-01
133 8.127560e-01 7.100000e-03 1.801440e-01
134 8.116120e-01 6.984000e-03 1.814040e-01
135 8.103520e-01 6.984000e-03 1.826640e-01
136 8.092880e-01 6.900000e-03 1.838120e-01
137 8.080760e-01 6.920000e-03 1.850040e-01
138 8.068600e-01 6.952000e-03 1.861880e-01
139 8.056720e-01 6.988000e-03 1.873400e-01
140 8.044680e-01 7.032000e-03 1.885000e-01
141 8.033560e-01 6.968000e-03 1.896760e-01
142 8.022240e-01 6.784000e-03 1.909920e-01
143 8.012640e-01 6.620000e-03 1.921160e-01
144 8.001040e-01 6.640000e-03 1.932560e-01
145 7.990880e-01 6.556000e-03 1.943560e-01
146 7.979280e-01 6.644000e-03 1.954280e-01
147 7.968280e-01 6.416000e-03 1.967560e-01
148 7.957200e-01 6.376000e-03 1.979040e-01
149 7.947800e-01 6.192000e-03 1.990280e-01
150 7.937760e-01 6.104000e-03 2.001200e-01
151 7.927840e-01 5.976000e-03 2.012400e-01
152 7.918640e-01 5.944000e-03 2.021920e-01
153 7.909880e-01 5.772000e-03 2.032400e-01
154 7.900440e-01 5.636000e-03 2.043200e-01
155 7.891240e-01 5.616000e-03 2.052600e-01
156 7.883040e-01 5.368000e-03 2.063280e-01
157 7.873760e-01 5.248000e-03 2.073760e-01
158 7.865720e-01 5.208000e-03 2.082200e-01
159 7.856880e-01 5.104000e-03 2.092080e-01
160 7.847960e-01 5.016000e-03 2.101880e-01
161 7.839120e-01 5.016000e-03 2.110720e-01
162 7.830960e-01 4.964000e-03 2.119400e-01
163 7.822960e-01 4.952000e-03 2.127520e-01
164 7.813440e-01 5.044000e-03 2.136120e-01
165 7.804720e-01 4.944000e-03 2.145840e-01
166 7.796120e-01 4.932000e-03 2.154560e-01
167 7.787080e-01 4.952000e-03 2.163400e-01
168 7.777640e-01 5.100000e-03 2.171360e-01
169 7.768640e-01 5.092000e-03 2.180440e-01
170 7.760200e-01 4.940000e-03 2.190400e-01
171 7.751480e-01 4.928000e-03 2.199240e-01
172 7.743360e-01 4.856000e-03 2.208080e-01
173 7.735040e-01 4.856000e-03 2.216400e-01
174 7.727040e-01 4.848000e-03 2.224480e-01
175 7.719320e-01 4.832000e-03 2.232360e-01
176 7.711800e-01 4.712000e-03 2.241080e-01
177 7.704520e-01 4.688000e-03 2.248600e-01
178 7.696440e-01 4.636000e-03 2.257200e-01
179 7.689120e-01 4.548000e-03 2.265400e-01
180 7.681320e-01 4.568000e-03 2.273000e-01
181 7.674400e-01 4.424000e-03 2.281360e-01
182 7.667920e-01 4.348000e-03 2.288600e-01
183 7.660160e-01 4.432000e-03 2.295520e-01
184 7.652920e-01 4.444000e-03 2.302640e-01
185 7.646320e-01 4.296000e-03 2.310720e-01
186 7.639720e-01 4.176000e-03 2.318520e-01
187 7.632240e-01 4.184000e-03 2.325920e-01
188 7.623880e-01 4.308000e-03 2.333040e-01
189 7.615640e-01 4.464000e-03 2.339720e-01
190 7.607320e-01 4.556000e-03 2.347120e-01
191 7.598920e-01 4.636000e-03 2.354720e-01
192 7.590640e-01 4.712000e-03 2.362240e-01
193 7.583480e-01 4.560000e-03 2.370920e-01
194 7.576840e-01 4.412000e-03 2.379040e-01
195 7.570240e-01 4.324000e-03 2.386520e-01
196 7.562760e-01 4.364000e-03 2.393600e-01
197 7.554960e-01 4.208000e-03 2.402960e-01
198 7.548040e-01 4.160000e-03 2.410360e-01
199 7.542000e-01 4.088000e-03 2.417120e-01
200 7.534600e-01 4.144000e-03 2.423960e-01
201 7.527360e-01 4.108000e-03 2.431560e-01
202 7.520800e-01 4.068000e-03 2.438520e-01
203 7.513560e-01 4.040000e-03 2.446040e-01
204 7.507560e-01 3.864000e-03 2.453800e-01
205 7.501120e-01 3.800000e-03 2.460880e-01
206 7.494840e-01 3.712000e-03 2.468040e-01
207 7.488320e-01 3.724000e-03 2.474440e-01
208 7.481160e-01 3.856000e-03 2.480280e-01
209 7.474520e-01 3.844000e-03 2.487040e-01
210 7.467440e-01 3.848000e-03 2.494080e-01
211 7.461360e-01 3.784000e-03 2.500800e-01
212 7.454600e-01 3.892000e-03 2.506480e-01
213 7.448360e-01 3.784000e-03 2.513800e-01
214 7.442080e-01 3.840000e-03 2.519520e-01
215 7.434720e-01 3.856000e-03 2.526720e-01
216 7.427360e-01 3.816000e-03 2.534480e-01
217 7.420160e-01 3.804000e-03 2.541800e-01
218 7.412480e-01 3.904000e-03 2.548480e-01
219 7.405680e-01 3.924000e-03 2.555080e-01
220 7.397720e-01 4.052000e-03 2.561760e-01
221 7.390840e-01 3.988000e-03 2.569280e-01
222 7.383360e-01 3.980000e-03 2.576840e-01
223 7.376160e-01 4.036000e-03 2.583480e-01
224 7.368920e-01 4.128000e-03 2.589800e-01
225 7.361960e-01 4.108000e-03 2.596960e-01
226 7.355960e-01 4.004000e-03 2.604000e-01
227 7.348840e-01 4.052000e-03 2.610640e-01
228 7.341720e-01 4.060000e-03 2.617680e-01
229 7.334520e-01 4.020000e-03 2.625280e-01
230 7.327320e-01 4.116000e-03 2.631520e-01
231 7.321920e-01 3.876000e-03 2.639320e-01
232 7.316040e-01 3.784000e-03 2.646120e-01
233 7.310320e-01 3.644000e-03 2.653240e-01
234 7.304600e-01 3.612000e-03 2.659280e-01
235 7.298440e-01 3.576000e-03 2.665800e-01
236 7.292040e-01 3.612000e-03 2.671840e-01
237 7.286240e-01 3.560000e-03 2.678160e-01
238 7.280240e-01 3.568000e-03 2.684080e-01
239 7.274920e-01 3.428000e-03 2.690800e-01
240 7.269600e-01 3.372000e-03 2.696680e-01
241 7.264440e-01 3.340000e-03 2.702160e-01
242 7.259440e-01 3.280000e-03 2.707760e-01
243 7.253720e-01 3.336000e-03 2.712920e-01
244 7.247600e-01 3.376000e-03 2.718640e-01
245 7.241800e-01 3.420000e-03 2.724000e-01
246 7.235520e-01 3.436000e-03 2.730120e-01
247 7.227880e-01 3.600000e-03 2.736120e-01
248 7.221160e-01 3.652000e-03 2.742320e-01
249 7.213920e-01 3.768000e-03 2.748400e-01
250 7.206160e-01 3.900000e-03 2.754840e-01
251 7.199360e-01 3.824000e-03 2.762400e-01
252 7.193680e-01 3.760000e-03 2.768720e-01
253 7.186920e-01 3.756000e-03 2.775520e-01
254 7.181120e-01 3.744000e-03 2.781440e-01
255 7.175040e-01 3.608000e-03 2.788880e-01
256 7.168240e-01 3.612000e-03 2.795640e-01
257 7.162400e-01 3.584000e-03 2.801760e-01
258 7.156280e-01 3.516000e-03 2.808560e-01
259 7.149920e-01 3.552000e-03 2.814560e-01
260 7.144280e-01 3.500000e-03 2.820720e-01
261 7.138840e-01 3.480000e-03 2.826360e-01
262 7.133000e-01 3.408000e-03 2.832920e-01
263 7.128160e-01 3.292000e-03 2.838920e-01
264 7.123880e-01 3.268000e-03 2.843440e-01
265 7.118760e-01 3.208000e-03 2.849160e-01
266 7.112840e-01 3.304000e-03 2.854120e-01
267 7.107680e-01 3.304000e-03 2.859280e-01
268 7.102520e-01 3.224000e-03 2.865240e-01
269 7.097680e-01 3.104000e-03 2.871280e-01
270 7.093520e-01 2.968000e-03 2.876800e-01
271 7.088520e-01 2.904000e-03 2.882440e-01
272 7.084000e-01 2.896000e-03 2.887040e-01
273 7.079520e-01 2.908000e-03 2.891400e-01
274 7.074080e-01 2.968000e-03 2.896240e-01
275 7.068160e-01 3.064000e-03 2.901200e-01
276 7.063160e-01 3.004000e-03 2.906800e-01
277 7.058240e-01 3.052000e-03 2.911240e-01
278 7.052640e-01 3.068000e-03 2.916680e-01
279 7.047080e-01 3.032000e-03 2.922600e-01
280 7.041520e-01 3.116000e-03 2.927320e-01
281 7.036360e-01 3.068000e-03 2.932960e-01
282 7.031120e-01 3.076000e-03 2.938120e-01
283 7.026280e-01 2.980000e-03 2.943920e-01
284 7.020600e-01 3.028000e-03 2.949120e-01
285 7.015280e-01 3.016000e-03 2.954560e-01
286 7.010440e-01 2.960000e-03 2.959960e-01
287 7.004880e-01 3.016000e-03 2.964960e-01
288 7.000160e-01 3.012000e-03 2.969720e-01
289 6.994760e-01 3.024000e-03 2.975000e-01
290 6.989160e-01 2.992000e-03 2.980920e-01
291 6.983120e-01 3.008000e-03 2.986800e-01
292 6.977920e-01 2.984000e-03 2.992240e-01
293 6.973000e-01 2.888000e-03 2.998120e-01
294 6.968480e-01 2.708000e-03 3.004440e-01
295 6.964280e-01 2.728000e-03 3.008440e-01
296 6.959880e-01 2.676000e-03 3.013360e-01
297 6.955200e-01 2.716000e-03 3.017640e-01
298 6.951280e-01 2.620000e-03 3.022520e-01
299 6.946200e-01 2.660000e-03 3.027200e-01
300 6.941160e-01 2.708000e-03 3.031760e-01
301 6.935120e-01 2.896000e-03 3.035920e-01
302 6.928920e-01 2.956000e-03 3.041520e-01
303 6.922960e-01 3.052000e-03 3.046520e-01
304 6.917960e-01 3.036000e-03 3.051680e-01
305 6.912640e-01 3.028000e-03 3.057080e-01
306 6.907120e-01 3.056000e-03 3.062320e-01
307 6.902480e-01 3.044000e-03 3.067080e-01
308 6.898520e-01 2.820000e-03 3.073280e-01
309 6.894160e-01 2.752000e-03 3.078320e-01
310 6.889000e-01 2.784000e-03 3.083160e-01
311 6.884400e-01 2.732000e-03 3.088280e-01
312 6.879360e-01 2.712000e-03 3.093520e-01
313 6.875280e-01 2.564000e-03 3.099080e-01
314 6.870880e-01 2.532000e-03 3.103800e-01
315 6.866280e-01 2.536000e-03 3.108360e-01
316 6.861720e-01 2.560000e-03 3.112680e-01
317 6.857280e-01 2.628000e-03 3.116440e-01
318 6.852160e-01 2.616000e-03 3.121680e-01
319 6.847440e-01 2.596000e-03 3.126600e-01
320 6.842960e-01 2.620000e-03 3.130840e-01
321 6.838360e-01 2.656000e-03 3.135080e-01
322 6.833840e-01 2.612000e-03 3.140040e-01
323 6.829520e-01 2.556000e-03 3.144920e-01
324 6.824360e-01 2.588000e-03 3.149760e-01
325 6.819720e-01 2.556000e-03 3.154720e-01
326 6.814760e-01 2.640000e-03 3.158840e-01
327 6.810200e-01 2.628000e-03 3.163520e-01
328 6.805680e-01 2.652000e-03 3.167800e-01
329 6.801960e-01 2.600000e-03 3.172040e-01
330 6.798160e-01 2.500000e-03 3.176840e-01
331 6.793840e-01 2.488000e-03 3.181280e-01
332 6.789760e-01 2.476000e-03 3.185480e-01
333 6.785720e-01 2.516000e-03 3.189120e-01
334 6.781840e-01 2.484000e-03 3.193320e-01
335 6.777120e-01 2.528000e-03 3.197600e-01
336 6.772360e-01 2.556000e-03 3.202080e-01
337 6.767680e-01 2.604000e-03 3.206280e-01
338 6.763400e-01 2.644000e-03 3.210160e-01
339 6.758840e-01 2.632000e-03 3.214840e-01
340 6.754200e-01 2.564000e-03 3.220160e-01
341 6.750240e-01 2.508000e-03 3.224680e-01
342 6.746440e-01 2.472000e-03 3.228840e-01
343 6.742880e-01 2.372000e-03 3.233400e-01
344 6.738920e-01 2.368000e-03 3.237400e-01
345 6.734840e-01 2.348000e-03 3.241680e-01
346 6.730720e-01 2.428000e-03 3.245000e-01
347 6.726800e-01 2.416000e-03 3.249040e-01
348 6.722680e-01 2.392000e-03 3.253400e-01
349 6.718560e-01 2.476000e-03 3.256680e-01
350 6.714320e-01 2.424000e-03 3.261440e-01
351 6.710520e-01 2.364000e-03 3.265840e-01
352 6.707240e-01 2.332000e-03 3.269440e-01
353 6.702600e-01 2.424000e-03 3.273160e-01
354 6.698920e-01 2.360000e-03 3.277480e-01
355 6.694280e-01 2.436000e-03 3.281360e-01
356 6.689880e-01 2.456000e-03 3.285560e-01
357 6.685560e-01 2.372000e-03 3.290720e-01
358 6.681280e-01 2.372000e-03 3.295000e-01
359 6.678120e-01 2.292000e-03 3.298960e-01
360 6.674360e-01 2.292000e-03 3.302720e-01
361 6.670200e-01 2.340000e-03 3.306400e-01
362 6.666040e-01 2.276000e-03 3.311200e-01
363 6.661560e-01 2.312000e-03 3.315320e-01
364 6.657240e-01 2.292000e-03 3.319840e-01
365 6.653560e-01 2.244000e-03 3.324000e-01
366 6.649720e-01 2.316000e-03 3.327120e-01
367 6.646080e-01 2.244000e-03 3.331480e-01
368 6.643360e-01 2.104000e-03 3.335600e-01
369 6.640080e-01 2.124000e-03 3.338680e-01
370 6.636840e-01 2.048000e-03 3.342680e-01
371 6.634640e-01 1.912000e-03 3.346240e-01
372 6.632360e-01 1.804000e-03 3.349600e-01
373 6.629960e-01 1.736000e-03 3.352680e-01
374 6.627240e-01 1.744000e-03 3.355320e-01
375 6.624560e-01 1.736000e-03 3.358080e-01
376 6.622240e-01 1.664000e-03 3.361120e-01
377 6.620440e-01 1.604000e-03 3.363520e-01
378 6.618400e-01 1.524000e-03 3.366360e-01
379 6.616280e-01 1.464000e-03 3.369080e-01
380 6.614200e-01 1.404000e-03 3.371760e-01
381 6.611480e-01 1.464000e-03 3.373880e-01
382 6.609080e-01 1.488000e-03 3.376040e-01
383 6.607040e-01 1.460000e-03 3.378360e-01
384 6.605120e-01 1.384000e-03 3.381040e-01
385 6.603040e-01 1.332000e-03 3.383640e-01
386 6.601360e-01 1.300000e-03 3.385640e-01
387 6.599120e-01 1.304000e-03 3.387840e-01
388 6.597640e-01 1.220000e-03 3.390160e-01
389 6.595440e-01 1.264000e-03 3.391920e-01
390 6.593000e-01 1.284000e-03 3.394160e-01
391 6.590920e-01 1.304000e-03 3.396040e-01
392 6.588800e-01 1.296000e-03 3.398240e-01
393 6.587080e-01 1.252000e-03 3.400400e-01
394 6.584400e-01 1.324000e-03 3.402360e-01
395 6.582600e-01 1.324000e-03 3.404160e-01
396 6.580360e-01 1.336000e-03 3.406280e-01
397 6.578360e-01 1.296000e-03 3.408680e-01
398 6.576440e-01 1.288000e-03 3.410680e-01
399 6.574720e-01 1.232000e-03 3.412960e-01
400 6.572800e-01 1.196000e-03 3.415240e-01
401 6.570920e-01 1.172000e-03 3.417360e-01
402 6.569080e-01 1.136000e-03 3.419560e-01
403 6.567040e-01 1.152000e-03 3.421440e-01
404 6.564840e-01 1.156000e-03 3.423600e-01
405 6.562800e-01 1.156000e-03 3.425640e-01
406 6.560760e-01 1.196000e-03 3.427280e-01
407 6.558880e-01 1.132000e-03 3.429800e-01
408 6.556960e-01 1.160000e-03 3.431440e-01
409 6.554320e-01 1.176000e-03 3.433920e-01
410 6.551440e-01 1.236000e-03 3.436200e-01
411 6.548960e-01 1.240000e-03 3.438640e-01
412 6.547280e-01 1.208000e-03 3.440640e-01
413 6.545480e-01 1.204000e-03 3.442480e-01
414 6.543920e-01 1.188000e-03 3.444200e-01
415 6.541840e-01 1.220000e-03 3.445960e-01
416 6.539520e-01 1.204000e-03 3.448440e-01
417 6.537160e-01 1.236000e-03 3.450480e-01
418 6.534960e-01 1.244000e-03 3.452600e-01
419 6.532320e-01 1.324000e-03 3.454440e-01
420 6.530320e-01 1.280000e-03 3.456880e-01
421 6.528160e-01 1.256000e-03 3.459280e-01
422 6.526080e-01 1.244000e-03 3.461480e-01
423 6.524160e-01 1.192000e-03 3.463920e-01
424 6.522600e-01 1.172000e-03 3.465680e-01
425 6.521440e-01 1.052000e-03 3.468040e-01
426 6.519920e-01 9.400000e-04 3.470680e-01
427 6.519040e-01 8.920000e-04 3.472040e-01
428 6.517200e-01 9.640000e-04 3.473160e-01
429 6.515600e-01 9.680000e-04 3.474720e-01
430 6.513680e-01 9.680000e-04 3.476640e-01
431 6.511760e-01 9.920000e-04 3.478320e-01
432 6.510400e-01 9.680000e-04 3.479920e-01
433 6.509000e-01 9.080000e-04 3.481920e-01
434 6.507040e-01 8.840000e-04 3.484120e-01
435 6.505600e-01 8.960000e-04 3.485440e-01
436 6.504600e-01 8.200000e-04 3.487200e-01
437 6.503160e-01 8.120000e-04 3.488720e-01
438 6.502040e-01 7.880000e-04 3.490080e-01
439 6.500920e-01 7.280000e-04 3.491800e-01
440 6.499840e-01 6.920000e-04 3.493240e-01
441 6.498600e-01 6.480000e-04 3.494920e-01
442 6.497200e-01 6.840000e-04 3.495960e-01
443 6.495720e-01 7.280000e-04 3.497000e-01
444 6.494040e-01 7.720000e-04 3.498240e-01
445 6.492200e-01 8.360000e-04 3.499440e-01
446 6.490640e-01 8.520000e-04 3.500840e-01
447 6.489680e-01 8.240000e-04 3.502080e-01
448 6.488800e-01 7.440000e-04 3.503760e-01
449 6.488080e-01 6.680000e-04 3.505240e-01
450 6.486920e-01 6.760000e-04 3.506320e-01
451 6.485720e-01 7.160000e-04 3.507120e-01
452 6.484600e-01 6.760000e-04 3.508640e-01
453 6.482920e-01 7.280000e-04 3.509800e-01
454 6.482200e-01 6.760000e-04 3.511040e-01
455 6.480440e-01 7.360000e-04 3.512200e-01
456 6.479160e-01 7.320000e-04 3.513520e-01
457 6.477640e-01 7.360000e-04 3.515000e-01
458 6.476000e-01 7.760000e-04 3.516240e-01
459 6.475040e-01 7.520000e-04 3.517440e-01
460 6.473240e-01 8.280000e-04 3.518480e-01
461 6.471840e-01 8.280000e-04 3.519880e-01
462 6.471000e-01 7.840000e-04 3.521160e-01
463 6.469920e-01 7.440000e-04 3.522640e-01
464 6.468160e-01 7.840000e-04 3.524000e-01
465 6.466320e-01 8.640000e-04 3.525040e-01
466 6.464560e-01 8.600000e-04 3.526840e-01
467 6.463000e-01 8.800000e-04 3.528200e-01
468 6.461200e-01 9.440000e-04 3.529360e-01
469 6.459840e-01 8.880000e-04 3.531280e-01
470 6.458600e-01 8.640000e-04 3.532760e-01
471 6.457120e-01 9.000000e-04 3.533880e-01
472 6.455800e-01 8.760000e-04 3.535440e-01
473 6.454680e-01 8.200000e-04 3.537120e-01
474 6.453560e-01 8.200000e-04 3.538240e-01
475 6.452360e-01 8.160000e-04 3.539480e-01
476 6.451000e-01 8.080000e-04 3.540920e-01
477 6.449680e-01 7.880000e-04 3.542440e-01
478 6.448280e-01 7.920000e-04 3.543800e-01
479 6.446880e-01 7.960000e-04 3.545160e-01
480 6.445520e-01 8.000000e-04 3.546480e-01
481 6.444560e-01 7.480000e-04 3.547960e-01
482 6.443480e-01 7.200000e-04 3.549320e-01
483 6.442640e-01 7.000000e-04 3.550360e-01
484 6.441760e-01 6.400000e-04 3.551840e-01
485 6.441120e-01 6.120000e-04 3.552760e-01
486 6.440280e-01 6.080000e-04 3.553640e-01
487 6.439280e-01 5.640000e-04 3.555080e-01
488 6.438240e-01 5.720000e-04 3.556040e-01
489 6.436920e-01 6.080000e-04 3.557000e-01
490 6.436040e-01 5.960000e-04 3.558000e-01
491 6.435200e-01 5.680000e-04 3.559120e-01
492 6.434360e-01 5.720000e-04 3.559920e-01
493 6.433520e-01 5.480000e-04 3.561000e-01
494 6.432720e-01 5.400000e-04 3.561880e-01
495 6.431720e-01 5.640000e-04 3.562640e-01
496 6.430840e-01 5.640000e-04 3.563520e-01
497 6.429760e-01 5.320000e-04 3.564920e-01
498 6.429200e-01 4.840000e-04 3.565960e-01
499 6.428440e-01 4.920000e-04 3.566640e-01
500 6.427920e-01 4.400000e-04 3.567680e-01
