1 9.992160e-01 6.920000e-04 9.200000e-05
2 9.987080e-01 1.028000e-03 2.640000e-04
3 9.981760e-01 1.372000e-03 4.520000e-04
4 9.974360e-01 1.824000e-03 7.400000e-04
5 9.966240e-01 2.252000e-03 1.124000e-03
6 9.958160e-01 2.632000e-03 1.552000e-03
7 9.950360e-01 2.948000e-03 2.016000e-03
8 9.940760e-01 3.412000e-03 2.512000e-03
9 9.930520e-01 3.780000e-03 3.168000e-03
10 9.920440e-01 4.128000e-03 3.828000e-03
11 9.909440e-01 4.464000e-03 4.592000e-03
12 9.898960e-01 4.760000e-03 5.344000e-03
13 9.888840e-01 4.884000e-03 6.232000e-03
14 9.877880e-01 5.128000e-03 7.084000e-03
15 9.866800e-01 5.272000e-03 8.048000e-03
16 9.856040e-01 5.408000e-03 8.988000e-03
17 9.844800e-01 5.360000e-03 1.016000e-02
18 9.833160e-01 5.560000e-03 1.112400e-02
19 9.822200e-01 5.808000e-03 1.197200e-02
20 9.810360e-01 5.984000e-03 1.298000e-02
21 9.798280e-01 6.140000e-03 1.403200e-02
22 9.784640e-01 6.528000e-03 1.500800e-02
23 9.771240e-01 6.868000e-03 1.600800e-02
24 9.758400e-01 6.996000e-03 1.716400e-02
25 9.742920e-01 7.384000e-03 1.832400e-02
26 9.728480e-01 7.520000e-03 1.963200e-02
27 9.712560e-01 7.636000e-03 2.110800e-02
28 9.697680e-01 7.700000e-03 2.253200e-02
29 9.683080e-01 7.820000e-03 2.387200e-02
30 9.667320e-01 8.028000e-03 2.524000e-02
31 9.652440e-01 7.984000e-03 2.677200e-02
32 9.637240e-01 8.080000e-03 2.819600e-02
33 9.622000e-01 8.084000e-03 2.971600e-02
34 9.607200e-01 8.212000e-03 3.106800e-02
35 9.591840e-01 8.324000e-03 3.249200e-02
36 9.578400e-01 8.244000e-03 3.391600e-02
37 9.562320e-01 8.408000e-03 3.536000e-02
38 9.547600e-01 8.452000e-03 3.678800e-02
39 9.531760e-01 8.556000e-03 3.826800e-02
40 9.516360e-01 8.552000e-03 3.981200e-02
41 9.500280e-01 8.672000e-03 4.130000e-02
42 9.484840e-01 8.848000e-03 4.266800e-02
43 9.468640e-01 8.844000e-03 4.429200e-02
44 9.452200e-01 9.024000e-03 4.575600e-02
45 9.435840e-01 9.060000e-03 4.735600e-02
46 9.420880e-01 8.900000e-03 4.901200e-02
47 9.403920e-01 9.124000e-03 5.048400e-02
48 9.388200e-01 9.140000e-03 5.204000e-02
49 9.374000e-01 9.076000e-03 5.352400e-02
50 9.359040e-01 9.020000e-03 5.507600e-02
51 9.341680e-01 9.092000e-03 5.674000e-02
52 9.325600e-01 9.040000e-03 5.840000e-02
53 9.309000e-01 9.112000e-03 5.998800e-02
54 9.293840e-01 9.040000e-03 6.157600e-02
55 9.276880e-01 9.180000e-03 6.313200e-02
56 9.259680e-01 9.280000e-03 6.475200e-02
57 9.241480e-01 9.412000e-03 6.644000e-02
58 9.223680e-01 9.540000e-03 6.809200e-02
59 9.207720e-01 9.424000e-03 6.980400e-02
60 9.191520e-01 9.432000e-03 7.141600e-02
61 9.174760e-01 9.396000e-03 7.312800e-02
62 9.156920e-01 9.508000e-03 7.480000e-02
63 9.139680e-01 9.724000e-03 7.630800e-02
64 9.121720e-01 9.880000e-03 7.794800e-02
65 9.105600e-01 9.760000e-03 7.968000e-02
66 9.088840e-01 9.812000e-03 8.130400e-02
67 9.071200e-01 9.956000e-03 8.292400e-02
68 9.055520e-01 9.816000e-03 8.463200e-02
69 9.038840e-01 9.660000e-03 8.645600e-02
70 9.021120e-01 9.776000e-03 8.811200e-02
71 9.004240e-01 9.732000e-03 8.984400e-02
72 8.986320e-01 9.796000e-03 9.157200e-02
73 8.968040e-01 9.852000e-03 9.334400e-02
74 8.952120e-01 9.556000e-03 9.523200e-02
75 8.935520e-01 9.548000e-03 9.690000e-02
76 8.918720e-01 9.580000e-03 9.854800e-02
77 8.902280e-01 9.456000e-03 1.003160e-01
78 8.884360e-01 9.452000e-03 1.021120e-01
79 8.867920e-01 9.400000e-03 1.038080e-01
80 8.850200e-01 9.536000e-03 1.054440e-01
81 8.831800e-01 9.768000e-03 1.070520e-01
82 8.816120e-01 9.588000e-03 1.088000e-01
83 8.799120e-01 9.668000e-03 1.104200e-01
84 8.782120e-01 9.808000e-03 1.119800e-01
85 8.764640e-01 9.628000e-03 1.139080e-01
86 8.749040e-01 9.520000e-03 1.155760e-01
87 8.732280e-01 9.612000e-03 1.171600e-01
88 8.715600e-01 9.636000e-03 1.188040e-01
89 8.699600e-01 9.476000e-03 1.205640e-01
90 8.683720e-01 9.400000e-03 1.222280e-01
91 8.667280e-01 9.296000e-03 1.239760e-01
92 8.650120e-01 9.288000e-03 1.257000e-01
93 8.632040e-01 9.472000e-03 1.273240e-01
94 8.615640e-01 9.476000e-03 1.289600e-01
95 8.599200e-01 9.416000e-03 1.306640e-01
96 8.583040e-01 9.372000e-03 1.323240e-01
97 8.566320e-01 9.336000e-03 1.340320e-01
98 8.549920e-01 9.288000e-03 1.357200e-01
99 8.533800e-01 9.348000e-03 1.372720e-01
100 8.518240e-01 9.428000e-03 1.387480e-01
101 8.502320e-01 9.424000e-03 1.403440e-01
102 8.486400e-01 9.384000e-03 1.419760e-01
103 8.471400e-01 9.264000e-03 1.435960e-01
104 8.457080e-01 9.136000e-03 1.451560e-01
105 8.441160e-01 9.128000e-03 1.467560e-01
106 8.424760e-01 9.144000e-03 1.483800e-01
107 8.408920e-01 9.144000e-03 1.499640e-01
108 8.393640e-01 9.040000e-03 1.515960e-01
109 8.377960e-01 9.172000e-03 1.530320e-01
110 8.361600e-01 9.108000e-03 1.547320e-01
111 8.346160e-01 8.984000e-03 1.564000e-01
112 8.330480e-01 8.884000e-03 1.580680e-01
113 8.315000e-01 9.004000e-03 1.594960e-01
114 8.299000e-01 8.892000e-03 1.612080e-01
115 8.284000e-01 8.868000e-03 1.627320e-01
116 8.268440e-01 8.872000e-03 1.642840e-01
117 8.252520e-01 8.992000e-03 1.657560e-01
118 8.236080e-01 8.988000e-03 1.674040e-01
119 8.218840e-01 9.080000e-03 1.690360e-01
120 8.202120e-01 9.124000e-03 1.706640e-01
121 8.185440e-01 9.204000e-03 1.722520e-01
122 8.168960e-01 9.180000e-03 1.739240e-01
123 8.152240e-01 9.156000e-03 1.756200e-01
124 8.137960e-01 9.036000e-03 1.771680e-01
125 8.121520e-01 9.180000e-03 1.786680e-01
126 8.105520e-01 9.232000e-03 1.802160e-01
127 8.089000e-01 9.240000e-03 1.818600e-01
128 8.073520e-01 9.292000e-03 1.833560e-01
129 8.057520e-01 9.408000e-03 1.848400e-01
130 8.041520e-01 9.392000e-03 1.864560e-01
131 8.025040e-01 9.468000e-03 1.880280e-01
132 8.007520e-01 9.544000e-03 1.897040e-01
133 7.991200e-01 9.560000e-03 1.913200e-01
134 7.973800e-01 9.532000e-03 1.930880e-01
135 7.957520e-01 9.520000e-03 1.947280e-01
136 7.941680e-01 9.392000e-03 1.964400e-01
137 7.926040e-01 9.224000e-03 1.981720e-01
138 7.910440e-01 9.160000e-03 1.997960e-01
139 7.896120e-01 8.980000e-03 2.014080e-01
140 7.881800e-01 8.768000e-03 2.030520e-01
141 7.868200e-01 8.500000e-03 2.046800e-01
142 7.853440e-01 8.504000e-03 2.061520e-01
143 7.839040e-01 8.436000e-03 2.076600e-01
144 7.825480e-01 8.204000e-03 2.092480e-01
145 7.812800e-01 8.056000e-03 2.106640e-01
146 7.800680e-01 7.948000e-03 2.119840e-01
147 7.788120e-01 7.880000e-03 2.133080e-01
148 7.775040e-01 7.764000e-03 2.147320e-01
149 7.763760e-01 7.564000e-03 2.160600e-01
150 7.752080e-01 7.380000e-03 2.174120e-01
151 7.739840e-01 7.308000e-03 2.187080e-01
152 7.727200e-01 7.304000e-03 2.199760e-01
153 7.715480e-01 7.260000e-03 2.211920e-01
154 7.704200e-01 7.060000e-03 2.225200e-01
155 7.693320e-01 6.824000e-03 2.238440e-01
156 7.683000e-01 6.672000e-03 2.250280e-01
157 7.670600e-01 6.820000e-03 2.261200e-01
158 7.658600e-01 6.784000e-03 2.273560e-01
159 7.644000e-01 6.996000e-03 2.286040e-01
160 7.631040e-01 6.976000e-03 2.299200e-01
161 7.618600e-01 6.988000e-03 2.311520e-01
162 7.606040e-01 6.956000e-03 2.324400e-01
163 7.594840e-01 6.900000e-03 2.336160e-01
164 7.582200e-01 7.036000e-03 2.347440e-01
165 7.569360e-01 7.028000e-03 2.360360e-01
166 7.557600e-01 6.936000e-03 2.373040e-01
167 7.544560e-01 7.044000e-03 2.385000e-01
168 7.532760e-01 6.964000e-03 2.397600e-01
169 7.520160e-01 7.008000e-03 2.409760e-01
170 7.507880e-01 6.896000e-03 2.423160e-01
171 7.496400e-01 6.868000e-03 2.434920e-01
172 7.484720e-01 6.776000e-03 2.447520e-01
173 7.474240e-01 6.636000e-03 2.459400e-01
174 7.462880e-01 6.700000e-03 2.470120e-01
175 7.450280e-01 6.692000e-03 2.482800e-01
176 7.438320e-01 6.704000e-03 2.494640e-01
177 7.427400e-01 6.696000e-03 2.505640e-01
178 7.415680e-01 6.704000e-03 2.517280e-01
179 7.404800e-01 6.600000e-03 2.529200e-01
180 7.393640e-01 6.544000e-03 2.540920e-01
181 7.383440e-01 6.464000e-03 2.551920e-01
182 7.372240e-01 6.424000e-03 2.563520e-01
183 7.361600e-01 6.372000e-03 2.574680e-01
184 7.350960e-01 6.184000e-03 2.587200e-01
185 7.340000e-01 6.200000e-03 2.598000e-01
186 7.327760e-01 6.260000e-03 2.609640e-01
187 7.317520e-01 6.132000e-03 2.621160e-01
188 7.306840e-01 6.152000e-03 2.631640e-01
189 7.297800e-01 5.968000e-03 2.642520e-01
190 7.287680e-01 5.876000e-03 2.653560e-01
191 7.278480e-01 5.772000e-03 2.663800e-01
192 7.269720e-01 5.588000e-03 2.674400e-01
193 7.260640e-01 5.512000e-03 2.684240e-01
194 7.251760e-01 5.372000e-03 2.694520e-01
195 7.242680e-01 5.380000e-03 2.703520e-01
196 7.234280e-01 5.248000e-03 2.713240e-01
197 7.223960e-01 5.428000e-03 2.721760e-01
198 7.213960e-01 5.520000e-03 2.730840e-01
199 7.205280e-01 5.412000e-03 2.740600e-01
200 7.194480e-01 5.592000e-03 2.749600e-01
201 7.183400e-01 5.736000e-03 2.759240e-01
202 7.173200e-01 5.736000e-03 2.769440e-01
203 7.162280e-01 5.824000e-03 2.779480e-01
204 7.151400e-01 5.884000e-03 2.789760e-01
205 7.142920e-01 5.708000e-03 2.800000e-01
206 7.133240e-01 5.724000e-03 2.809520e-01
207 7.123760e-01 5.532000e-03 2.820920e-01
208 7.115160e-01 5.456000e-03 2.830280e-01
209 7.106000e-01 5.376000e-03 2.840240e-01
210 7.097160e-01 5.288000e-03 2.849960e-01
211 7.088680e-01 5.224000e-03 2.859080e-01
212 7.079600e-01 5.200000e-03 2.868400e-01
213 7.070280e-01 5.252000e-03 2.877200e-01
214 7.060040e-01 5.308000e-03 2.886880e-01
215 7.050560e-01 5.256000e-03 2.896880e-01
216 7.041040e-01 5.340000e-03 2.905560e-01
217 7.031880e-01 5.308000e-03 2.915040e-01
218 7.023880e-01 5.208000e-03 2.924040e-01
219 7.014280e-01 5.300000e-03 2.932720e-01
220 7.004320e-01 5.288000e-03 2.942800e-01
221 6.995160e-01 5.244000e-03 2.952400e-01
222 6.986000e-01 5.224000e-03 2.961760e-01
223 6.977760e-01 5.104000e-03 2.971200e-01
224 6.968960e-01 5.168000e-03 2.979360e-01
225 6.959320e-01 5.168000e-03 2.989000e-01
226 6.949440e-01 5.228000e-03 2.998280e-01
227 6.939640e-01 5.296000e-03 3.007400e-01
228 6.931200e-01 5.180000e-03 3.017000e-01
229 6.922880e-01 5.152000e-03 3.025600e-01
230 6.914480e-01 5.092000e-03 3.034600e-01
231 6.906200e-01 5.080000e-03 3.043000e-01
232 6.897920e-01 5.076000e-03 3.051320e-01
233 6.891360e-01 4.864000e-03 3.060000e-01
234 6.884120e-01 4.828000e-03 3.067600e-01
235 6.877360e-01 4.596000e-03 3.076680e-01
236 6.870840e-01 4.368000e-03 3.085480e-01
237 6.864120e-01 4.252000e-03 3.093360e-01
238 6.857040e-01 4.228000e-03 3.100680e-01
239 6.851320e-01 4.080000e-03 3.107880e-01
240 6.844800e-01 3.936000e-03 3.115840e-01
241 6.837720e-01 3.920000e-03 3.123080e-01
242 6.830480e-01 3.956000e-03 3.129960e-01
243 6.824680e-01 3.828000e-03 3.137040e-01
244 6.818840e-01 3.748000e-03 3.143680e-01
245 6.812440e-01 3.792000e-03 3.149640e-01
246 6.806400e-01 3.768000e-03 3.155920e-01
247 6.799880e-01 3.780000e-03 3.162320e-01
248 6.793360e-01 3.856000e-03 3.168080e-01
249 6.786880e-01 3.816000e-03 3.174960e-01
250 6.781440e-01 3.664000e-03 3.181920e-01
251 6.775880e-01 3.632000e-03 3.187800e-01
252 6.770080e-01 3.624000e-03 3.193680e-01
253 6.764120e-01 3.544000e-03 3.200440e-01
254 6.757680e-01 3.560000e-03 3.206720e-01
255 6.752000e-01 3.468000e-03 3.213320e-01
256 6.746600e-01 3.368000e-03 3.219720e-01
257 6.741640e-01 3.272000e-03 3.225640e-01
258 6.736320e-01 3.260000e-03 3.231080e-01
259 6.730760e-01 3.260000e-03 3.236640e-01
260 6.725360e-01 3.328000e-03 3.241360e-01
261 6.719120e-01 3.264000e-03 3.248240e-01
262 6.714040e-01 3.224000e-03 3.253720e-01
263 6.708840e-01 3.240000e-03 3.258760e-01
264 6.705000e-01 3.076000e-03 3.264240e-01
265 6.699440e-01 3.136000e-03 3.269200e-01
266 6.694240e-01 3.168000e-03 3.274080e-01
267 6.688320e-01 3.220000e-03 3.279480e-01
268 6.682360e-01 3.196000e-03 3.285680e-01
269 6.676920e-01 3.160000e-03 3.291480e-01
270 6.672000e-01 3.132000e-03 3.296680e-01
271 6.665840e-01 3.280000e-03 3.301360e-01
272 6.660120e-01 3.364000e-03 3.306240e-01
273 6.653840e-01 3.440000e-03 3.311760e-01
274 6.647320e-01 3.560000e-03 3.317080e-01
275 6.642320e-01 3.492000e-03 3.322760e-01
276 6.636040e-01 3.472000e-03 3.329240e-01
277 6.629520e-01 3.536000e-03 3.335120e-01
278 6.623600e-01 3.488000e-03 3.341520e-01
279 6.616960e-01 3.532000e-03 3.347720e-01
280 6.611960e-01 3.456000e-03 3.353480e-01
281 6.605560e-01 3.436000e-03 3.360080e-01
282 6.599400e-01 3.428000e-03 3.366320e-01
283 6.593280e-01 3.492000e-03 3.371800e-01
284 6.586240e-01 3.492000e-03 3.378840e-01
285 6.581120e-01 3.436000e-03 3.384520e-01
286 6.575480e-01 3.368000e-03 3.390840e-01
287 6.570360e-01 3.344000e-03 3.396200e-01
288 6.565520e-01 3.300000e-03 3.401480e-01
289 6.559960e-01 3.240000e-03 3.407640e-01
290 6.554520e-01 3.260000e-03 3.412880e-01
291 6.549240e-01 3.256000e-03 3.418200e-01
292 6.543480e-01 3.332000e-03 3.423200e-01
293 6.537960e-01 3.316000e-03 3.428880e-01
294 6.531840e-01 3.312000e-03 3.435040e-01
295 6.526400e-01 3.292000e-03 3.440680e-01
296 6.521120e-01 3.180000e-03 3.447080e-01
297 6.515560e-01 3.104000e-03 3.453400e-01
298 6.509920e-01 3.192000e-03 3.458160e-01
299 6.504400e-01 3.228000e-03 3.463320e-01
300 6.498840e-01 3.148000e-03 3.469680e-01
301 6.494000e-01 3.108000e-03 3.474920e-01
302 6.488120e-01 3.116000e-03 3.480720e-01
303 6.481800e-01 3.184000e-03 3.486360e-01
304 6.475480e-01 3.296000e-03 3.491560e-01
305 6.469880e-01 3.240000e-03 3.497720e-01
306 6.464240e-01 3.220000e-03 3.503560e-01
307 6.458880e-01 3.164000e-03 3.509480e-01
308 6.453360e-01 3.152000e-03 3.515120e-01
309 6.448000e-01 3.148000e-03 3.520520e-01
310 6.442520e-01 3.208000e-03 3.525400e-01
311 6.437840e-01 3.096000e-03 3.531200e-01
312 6.433280e-01 3.104000e-03 3.535680e-01
313 6.427640e-01 3.152000e-03 3.540840e-01
314 6.422280e-01 3.152000e-03 3.546200e-01
315 6.416520e-01 3.208000e-03 3.551400e-01
316 6.410600e-01 3.288000e-03 3.556520e-01
317 6.405160e-01 3.172000e-03 3.563120e-01
318 6.400640e-01 3.124000e-03 3.568120e-01
319 6.396120e-01 3.016000e-03 3.573720e-01
320 6.391800e-01 3.016000e-03 3.578040e-01
321 6.387760e-01 2.872000e-03 3.583520e-01
322 6.382800e-01 2.912000e-03 3.588080e-01
323 6.378120e-01 2.860000e-03 3.593280e-01
324 6.374080e-01 2.800000e-03 3.597920e-01
325 6.370440e-01 2.668000e-03 3.602880e-01
326 6.366880e-01 2.524000e-03 3.607880e-01
327 6.362920e-01 2.432000e-03 3.612760e-01
328 6.359920e-01 2.356000e-03 3.616520e-01
329 6.356040e-01 2.312000e-03 3.620840e-01
330 6.352800e-01 2.168000e-03 3.625520e-01
331 6.350120e-01 2.024000e-03 3.629640e-01
332 6.346880e-01 1.972000e-03 3.633400e-01
333 6.343680e-01 2.020000e-03 3.636120e-01
334 6.340240e-01 2.024000e-03 3.639520e-01
335 6.337120e-01 1.988000e-03 3.643000e-01
336 6.333720e-01 1.980000e-03 3.646480e-01
337 6.329880e-01 2.032000e-03 3.649800e-01
338 6.326840e-01 1.936000e-03 3.653800e-01
339 6.324000e-01 1.820000e-03 3.657800e-01
340 6.321280e-01 1.784000e-03 3.660880e-01
341 6.318440e-01 1.788000e-03 3.663680e-01
342 6.315000e-01 1.876000e-03 3.666240e-01
343 6.311080e-01 1.900000e-03 3.669920e-01
344 6.307320e-01 1.956000e-03 3.673120e-01
345 6.302760e-01 2.000000e-03 3.677240e-01
346 6.299240e-01 1.972000e-03 3.681040e-01
347 6.295840e-01 1.924000e-03 3.684920e-01
348 6.293280e-01 1.888000e-03 3.687840e-01
349 6.290600e-01 1.824000e-03 3.691160e-01
350 6.287720e-01 1.768000e-03 3.694600e-01
351 6.285280e-01 1.688000e-03 3.697840e-01
352 6.283000e-01 1.644000e-03 3.700560e-01
353 6.279640e-01 1.768000e-03 3.702680e-01
354 6.277040e-01 1.716000e-03 3.705800e-01
355 6.275560e-01 1.592000e-03 3.708520e-01
356 6.273120e-01 1.540000e-03 3.711480e-01
357 6.270680e-01 1.532000e-03 3.714000e-01
358 6.267880e-01 1.544000e-03 3.716680e-01
359 6.265320e-01 1.508000e-03 3.719600e-01
360 6.262720e-01 1.512000e-03 3.722160e-01
361 6.260760e-01 1.460000e-03 3.724640e-01
362 6.257480e-01 1.508000e-03 3.727440e-01
363 6.255000e-01 1.476000e-03 3.730240e-01
364 6.252600e-01 1.492000e-03 3.732480e-01
365 6.250680e-01 1.404000e-03 3.735280e-01
366 6.248280e-01 1.420000e-03 3.737520e-01
367 6.246320e-01 1.356000e-03 3.740120e-01
368 6.243840e-01 1.360000e-03 3.742560e-01
369 6.241800e-01 1.348000e-03 3.744720e-01
370 6.239440e-01 1.352000e-03 3.747040e-01
371 6.236280e-01 1.460000e-03 3.749120e-01
372 6.233800e-01 1.420000e-03 3.752000e-01
373 6.231760e-01 1.408000e-03 3.754160e-01
374 6.229120e-01 1.508000e-03 3.755800e-01
375 6.227040e-01 1.468000e-03 3.758280e-01
376 6.224360e-01 1.472000e-03 3.760920e-01
377 6.222040e-01 1.484000e-03 3.763120e-01
378 6.219560e-01 1.496000e-03 3.765480e-01
379 6.216880e-01 1.512000e-03 3.768000e-01
380 6.214720e-01 1.424000e-03 3.771040e-01
381 6.212520e-01 1.364000e-03 3.773840e-01
382 6.209520e-01 1.456000e-03 3.775920e-01
383 6.207160e-01 1.460000e-03 3.778240e-01
384 6.203920e-01 1.548000e-03 3.780600e-01
385 6.201240e-01 1.528000e-03 3.783480e-01
386 6.199360e-01 1.456000e-03 3.786080e-01
387 6.197560e-01 1.408000e-03 3.788360e-01
388 6.195120e-01 1.428000e-03 3.790600e-01
389 6.193000e-01 1.344000e-03 3.793560e-01
390 6.190600e-01 1.372000e-03 3.795680e-01
391 6.188160e-01 1.420000e-03 3.797640e-01
392 6.185600e-01 1.436000e-03 3.800040e-01
393 6.183880e-01 1.356000e-03 3.802560e-01
394 6.181800e-01 1.324000e-03 3.804960e-01
395 6.179680e-01 1.328000e-03 3.807040e-01
396 6.178160e-01 1.272000e-03 3.809120e-01
397 6.176600e-01 1.180000e-03 3.811600e-01
398 6.174960e-01 1.164000e-03 3.813400e-01
399 6.172960e-01 1.156000e-03 3.815480e-01
400 6.171240e-01 1.152000e-03 3.817240e-01
401 6.169640e-01 1.124000e-03 3.819120e-01
402 6.167760e-01 1.104000e-03 3.821200e-01
403 6.165640e-01 1.132000e-03 3.823040e-01
404 6.164120e-01 1.124000e-03 3.824640e-01
405 6.162600e-01 1.100000e-03 3.826400e-01
406 6.160960e-01 1.096000e-03 3.828080e-01
407 6.159480e-01 1.004000e-03 3.830480e-01
408 6.157720e-01 1.000000e-03 3.832280e-01
409 6.155600e-01 1.036000e-03 3.834040e-01
410 6.153640e-01 1.084000e-03 3.835520e-01
411 6.151280e-01 1.120000e-03 3.837520e-01
412 6.149280e-01 1.192000e-03 3.838800e-01
413 6.147640e-01 1.140000e-03 3.840960e-01
414 6.145520e-01 1.224000e-03 3.842240e-01
415 6.143920e-01 1.200000e-03 3.844080e-01
416 6.141880e-01 1.160000e-03 3.846520e-01
417 6.139960e-01 1.148000e-03 3.848560e-01
418 6.137880e-01 1.108000e-03 3.851040e-01
419 6.136120e-01 1.116000e-03 3.852720e-01
420 6.134520e-01 1.124000e-03 3.854240e-01
421 6.132400e-01 1.116000e-03 3.856440e-01
422 6.131000e-01 1.080000e-03 3.858200e-01
423 6.129560e-01 1.024000e-03 3.860200e-01
424 6.127920e-01 1.056000e-03 3.861520e-01
425 6.126280e-01 1.036000e-03 3.863360e-01
426 6.125400e-01 9.000000e-04 3.865600e-01
427 6.124360e-01 8.560000e-04 3.867080e-01
428 6.123360e-01 8.120000e-04 3.868520e-01
429 6.122120e-01 8.000000e-04 3.869880e-01
430 6.121120e-01 7.360000e-04 3.871520e-01
431 6.119680e-01 7.760000e-04 3.872560e-01
432 6.118120e-01 7.920000e-04 3.873960e-01
433 6.116720e-01 8.200000e-04 3.875080e-01
434 6.115240e-01 8.360000e-04 3.876400e-01
435 6.113200e-01 8.680000e-04 3.878120e-01
436 6.111760e-01 8.560000e-04 3.879680e-01
437 6.110400e-01 8.680000e-04 3.880920e-01
438 6.109160e-01 8.560000e-04 3.882280e-01
439 6.107640e-01 8.200000e-04 3.884160e-01
440 6.106640e-01 8.000000e-04 3.885360e-01
441 6.105480e-01 7.520000e-04 3.887000e-01
442 6.104520e-01 6.920000e-04 3.888560e-01
443 6.103600e-01 6.520000e-04 3.889880e-01
444 6.102840e-01 6.040000e-04 3.891120e-01
445 6.101720e-01 5.840000e-04 3.892440e-01
446 6.100720e-01 5.800000e-04 3.893480e-01
447 6.099680e-01 5.840000e-04 3.894480e-01
448 6.098520e-01 6.360000e-04 3.895120e-01
449 6.097160e-01 6.480000e-04 3.896360e-01
450 6.096240e-01 6.280000e-04 3.897480e-01
451 6.094960e-01 6.360000e-04 3.898680e-01
452 6.093320e-01 6.920000e-04 3.899760e-01
453 6.091800e-01 6.920000e-04 3.901280e-01
454 6.090560e-01 7.200000e-04 3.902240e-01
455 6.089160e-01 7.600000e-04 3.903240e-01
456 6.087440e-01 7.560000e-04 3.905000e-01
457 6.086040e-01 7.200000e-04 3.906760e-01
458 6.084960e-01 7.160000e-04 3.907880e-01
459 6.083720e-01 7.600000e-04 3.908680e-01
460 6.082440e-01 7.560000e-04 3.910000e-01
461 6.080840e-01 7.960000e-04 3.911200e-01
462 6.079280e-01 7.800000e-04 3.912920e-01
463 6.077920e-01 7.600000e-04 3.914480e-01
464 6.076640e-01 7.640000e-04 3.915720e-01
465 6.075520e-01 7.160000e-04 3.917320e-01
466 6.074640e-01 6.560000e-04 3.918800e-01
467 6.073320e-01 6.800000e-04 3.919880e-01
468 6.071760e-01 7.360000e-04 3.920880e-01
469 6.070280e-01 7.680000e-04 3.922040e-01
470 6.069040e-01 7.520000e-04 3.923440e-01
471 6.068280e-01 7.000000e-04 3.924720e-01
472 6.067280e-01 6.840000e-04 3.925880e-01
473 6.066120e-01 7.360000e-04 3.926520e-01
474 6.065400e-01 6.760000e-04 3.927840e-01
475 6.064280e-01 6.720000e-04 3.929000e-01
476 6.063360e-01 6.520000e-04 3.930120e-01
477 6.062120e-01 6.440000e-04 3.931440e-01
478 6.061080e-01 6.600000e-04 3.932320e-01
479 6.059840e-01 6.600000e-04 3.933560e-01
480 6.058360e-01 7.040000e-04 3.934600e-01
481 6.056720e-01 7.360000e-04 3.935920e-01
482 6.055360e-01 7.840000e-04 3.936800e-01
483 6.053880e-01 7.760000e-04 3.938360e-01
484 6.052480e-01 7.880000e-04 3.939640e-01
485 6.051520e-01 7.160000e-04 3.941320e-01
486 6.050080e-01 7.240000e-04 3.942680e-01
487 6.048720e-01 7.480000e-04 3.943800e-01
488 6.047920e-01 6.440000e-04 3.945640e-01
489 6.046640e-01 6.680000e-04 3.946680e-01
490 6.045600e-01 6.440000e-04 3.947960e-01
491 6.044720e-01 6.000000e-04 3.949280e-01
492 6.043920e-01 5.920000e-04 3.950160e-01
493 6.043200e-01 5.480000e-04 3.951320e-01
494 6.042440e-01 5.360000e-04 3.952200e-01
495 6.041840e-01 4.880000e-04 3.953280e-01
496 6.041320e-01 4.640000e-04 3.954040e-01
497 6.040880e-01 4.440000e-04 3.954680e-01
498 6.040280e-01 4.400000e-04 3.955320e-01
499 6.039680e-01 4.480000e-04 3.955840e-01
500 6.039120e-01 4.240000e-04 3.956640e-01
