1 9.992520e-01 6.600000e-04 8.800000e-05
2 9.987200e-01 1.044000e-03 2.360000e-04
3 9.980600e-01 1.460000e-03 4.800000e-04
4 9.973440e-01 1.896000e-03 7.600000e-04
5 9.965320e-01 2.296000e-03 1.172000e-03
6 9.956560e-01 2.736000e-03 1.608000e-03
7 9.946960e-01 3.148000e-03 2.156000e-03
8 9.936560e-01 3.616000e-03 2.728000e-03
9 9.926480e-01 4.000000e-03 3.352000e-03
10 9.916320e-01 4.324000e-03 4.044000e-03
11 9.905160e-01 4.612000e-03 4.872000e-03
12 9.893720e-01 5.016000e-03 5.612000e-03
13 9.881280e-01 5.372000e-03 6.500000e-03
14 9.870440e-01 5.444000e-03 7.512000e-03
15 9.857560e-01 5.840000e-03 8.404000e-03
16 9.843400e-01 6.148000e-03 9.512000e-03
17 9.829520e-01 6.512000e-03 1.053600e-02
18 9.815200e-01 6.800000e-03 1.168000e-02
19 9.801120e-01 6.824000e-03 1.306400e-02
20 9.786840e-01 7.076000e-03 1.424000e-02
21 9.773760e-01 7.016000e-03 1.560800e-02
22 9.759880e-01 7.156000e-03 1.685600e-02
23 9.744640e-01 7.256000e-03 1.828000e-02
24 9.729640e-01 7.496000e-03 1.954000e-02
25 9.715320e-01 7.540000e-03 2.092800e-02
26 9.700120e-01 7.788000e-03 2.220000e-02
27 9.685680e-01 7.844000e-03 2.358800e-02
28 9.670080e-01 7.984000e-03 2.500800e-02
29 9.654200e-01 8.188000e-03 2.639200e-02
30 9.639640e-01 8.220000e-03 2.781600e-02
31 9.623320e-01 8.384000e-03 2.928400e-02
32 9.606400e-01 8.612000e-03 3.074800e-02
33 9.589880e-01 8.668000e-03 3.234400e-02
34 9.572480e-01 8.956000e-03 3.379600e-02
35 9.555760e-01 9.012000e-03 3.541200e-02
36 9.539560e-01 8.932000e-03 3.711200e-02
37 9.522480e-01 9.188000e-03 3.856400e-02
38 9.506720e-01 9.136000e-03 4.019200e-02
39 9.488680e-01 9.316000e-03 4.181600e-02
40 9.472560e-01 9.220000e-03 4.352400e-02
41 9.454200e-01 9.368000e-03 4.521200e-02
42 9.434480e-01 9.584000e-03 4.696800e-02
43 9.417920e-01 9.428000e-03 4.878000e-02
44 9.400680e-01 9.464000e-03 5.046800e-02
45 9.383600e-01 9.484000e-03 5.215600e-02
46 9.366120e-01 9.676000e-03 5.371200e-02
47 9.349200e-01 9.728000e-03 5.535200e-02
48 9.332000e-01 9.652000e-03 5.714800e-02
49 9.314880e-01 9.616000e-03 5.889600e-02
50 9.299640e-01 9.504000e-03 6.053200e-02
51 9.282760e-01 9.512000e-03 6.221200e-02
52 9.264400e-01 9.676000e-03 6.388400e-02
53 9.247160e-01 9.628000e-03 6.565600e-02
54 9.229000e-01 9.840000e-03 6.726000e-02
55 9.211080e-01 9.800000e-03 6.909200e-02
56 9.195640e-01 9.644000e-03 7.079200e-02
57 9.179200e-01 9.736000e-03 7.234400e-02
58 9.162600e-01 9.592000e-03 7.414800e-02
59 9.145200e-01 9.584000e-03 7.589600e-02
60 9.126280e-01 9.776000e-03 7.759600e-02
61 9.108480e-01 9.796000e-03 7.935600e-02
62 9.091000e-01 9.808000e-03 8.109200e-02
63 9.074800e-01 9.600000e-03 8.292000e-02
64 9.058760e-01 9.556000e-03 8.456800e-02
65 9.042320e-01 9.652000e-03 8.611600e-02
66 9.025160e-01 9.692000e-03 8.779200e-02
67 9.009800e-01 9.600000e-03 8.942000e-02
68 8.992320e-01 9.692000e-03 9.107600e-02
69 8.975560e-01 9.688000e-03 9.275600e-02
70 8.957800e-01 9.804000e-03 9.441600e-02
71 8.938840e-01 9.932000e-03 9.618400e-02
72 8.922640e-01 9.860000e-03 9.787600e-02
73 8.905720e-01 9.788000e-03 9.964000e-02
74 8.889560e-01 9.812000e-03 1.012320e-01
75 8.874560e-01 9.616000e-03 1.029280e-01
76 8.858360e-01 9.584000e-03 1.045800e-01
77 8.842360e-01 9.396000e-03 1.063680e-01
78 8.826840e-01 9.200000e-03 1.081160e-01
79 8.810600e-01 9.200000e-03 1.097400e-01
80 8.793520e-01 9.300000e-03 1.113480e-01
81 8.779320e-01 9.160000e-03 1.129080e-01
82 8.763040e-01 9.196000e-03 1.145000e-01
83 8.746080e-01 9.264000e-03 1.161280e-01
84 8.728480e-01 9.372000e-03 1.177800e-01
85 8.712400e-01 9.428000e-03 1.193320e-01
86 8.695480e-01 9.528000e-03 1.209240e-01
87 8.678520e-01 9.652000e-03 1.224960e-01
88 8.660720e-01 9.756000e-03 1.241720e-01
89 8.643920e-01 9.756000e-03 1.258520e-01
90 8.627160e-01 9.792000e-03 1.274920e-01
91 8.609560e-01 9.728000e-03 1.293160e-01
92 8.592360e-01 9.676000e-03 1.310880e-01
93 8.577600e-01 9.548000e-03 1.326920e-01
94 8.561080e-01 9.444000e-03 1.344480e-01
95 8.546520e-01 9.240000e-03 1.361080e-01
96 8.529760e-01 9.252000e-03 1.377720e-01
97 8.513440e-01 9.252000e-03 1.394040e-01
98 8.495720e-01 9.380000e-03 1.410480e-01
99 8.480800e-01 9.224000e-03 1.426960e-01
100 8.464920e-01 9.160000e-03 1.443480e-01
101 8.448120e-01 9.168000e-03 1.460200e-01
102 8.431640e-01 9.284000e-03 1.475520e-01
103 8.415200e-01 9.348000e-03 1.491320e-01
104 8.398320e-01 9.304000e-03 1.508640e-01
105 8.381000e-01 9.468000e-03 1.524320e-01
106 8.363600e-01 9.552000e-03 1.540880e-01
107 8.349160e-01 9.316000e-03 1.557680e-01
108 8.334560e-01 8.988000e-03 1.575560e-01
109 8.317480e-01 9.028000e-03 1.592240e-01
110 8.301280e-01 9.092000e-03 1.607800e-01
111 8.284360e-01 9.160000e-03 1.624040e-01
112 8.268360e-01 9.076000e-03 1.640880e-01
113 8.253200e-01 9.060000e-03 1.656200e-01
114 8.237120e-01 9.068000e-03 1.672200e-01
115 8.221360e-01 9.168000e-03 1.686960e-01
116 8.206320e-01 8.980000e-03 1.703880e-01
117 8.192040e-01 8.768000e-03 1.720280e-01
118 8.178440e-01 8.596000e-03 1.735600e-01
119 8.163560e-01 8.504000e-03 1.751400e-01
120 8.150440e-01 8.304000e-03 1.766520e-01
121 8.138240e-01 8.124000e-03 1.780520e-01
122 8.125080e-01 8.112000e-03 1.793800e-01
123 8.112360e-01 7.972000e-03 1.807920e-01
124 8.100040e-01 7.780000e-03 1.822160e-01
125 8.087440e-01 7.556000e-03 1.837000e-01
126 8.075480e-01 7.548000e-03 1.849040e-01
127 8.063800e-01 7.396000e-03 1.862240e-01
128 8.052160e-01 7.384000e-03 1.874000e-01
129 8.040800e-01 7.256000e-03 1.886640e-01
130 8.030000e-01 7.176000e-03 1.898240e-01
131 8.019480e-01 7.088000e-03 1.909640e-01
132 8.008960e-01 6.856000e-03 1.922480e-01
133 7.997560e-01 6.756000e-03 1.934880e-01
134 7.985880e-01 6.732000e-03 1.946800e-01
135 7.975600e-01 6.576000e-03 1.958640e-01
136 7.965920e-01 6.444000e-03 1.969640e-01
137 7.955280e-01 6.472000e-03 1.980000e-01
138 7.946000e-01 6.232000e-03 1.991680e-01
139 7.936160e-01 6.200000e-03 2.001840e-01
140 7.925680e-01 6.224000e-03 2.012080e-01
141 7.915640e-01 6.144000e-03 2.022920e-01
142 7.904920e-01 6.168000e-03 2.033400e-01
143 7.896520e-01 5.952000e-03 2.043960e-01
144 7.885720e-01 5.860000e-03 2.055680e-01
145 7.875280e-01 5.888000e-03 2.065840e-01
146 7.866400e-01 5.836000e-03 2.075240e-01
147 7.857400e-01 5.744000e-03 2.085160e-01
148 7.847640e-01 5.744000e-03 2.094920e-01
149 7.838880e-01 5.616000e-03 2.104960e-01
150 7.829120e-01 5.524000e-03 2.115640e-01
151 7.820400e-01 5.496000e-03 2.124640e-01
152 7.811040e-01 5.444000e-03 2.134520e-01
153 7.802040e-01 5.356000e-03 2.144400e-01
154 7.793400e-01 5.248000e-03 2.154120e-01
155 7.784840e-01 5.220000e-03 2.162960e-01
156 7.776000e-01 5.052000e-03 2.173480e-01
157 7.766960e-01 5.184000e-03 2.181200e-01
158 7.756880e-01 5.244000e-03 2.190680e-01
159 7.747280e-01 5.268000e-03 2.200040e-01
160 7.737960e-01 5.292000e-03 2.209120e-01
161 7.729520e-01 5.180000e-03 2.218680e-01
162 7.721200e-01 5.036000e-03 2.228440e-01
163 7.712000e-01 5.096000e-03 2.237040e-01
164 7.702160e-01 5.104000e-03 2.246800e-01
165 7.694080e-01 5.040000e-03 2.255520e-01
166 7.685520e-01 5.052000e-03 2.263960e-01
167 7.677760e-01 4.964000e-03 2.272600e-01
168 7.670680e-01 4.788000e-03 2.281440e-01
169 7.663640e-01 4.660000e-03 2.289760e-01
170 7.656320e-01 4.548000e-03 2.298200e-01
171 7.648320e-01 4.524000e-03 2.306440e-01
172 7.640720e-01 4.564000e-03 2.313640e-01
173 7.632960e-01 4.552000e-03 2.321520e-01
174 7.625680e-01 4.500000e-03 2.329320e-01
175 7.618000e-01 4.456000e-03 2.337440e-01
176 7.610080e-01 4.440000e-03 2.345520e-01
177 7.602760e-01 4.416000e-03 2.353080e-01
178 7.595160e-01 4.480000e-03 2.360040e-01
179 7.586160e-01 4.624000e-03 2.367600e-01
180 7.577160e-01 4.808000e-03 2.374760e-01
181 7.568160e-01 4.888000e-03 2.382960e-01
182 7.559800e-01 4.896000e-03 2.391240e-01
183 7.551240e-01 4.816000e-03 2.400600e-01
184 7.542640e-01 4.936000e-03 2.408000e-01
185 7.533360e-01 5.040000e-03 2.416240e-01
186 7.524440e-01 5.028000e-03 2.425280e-01
187 7.516440e-01 4.960000e-03 2.433960e-01
188 7.507000e-01 5.132000e-03 2.441680e-01
189 7.497720e-01 5.172000e-03 2.450560e-01
190 7.488280e-01 5.176000e-03 2.459960e-01
191 7.479560e-01 5.184000e-03 2.468600e-01
192 7.470760e-01 5.092000e-03 2.478320e-01
193 7.460920e-01 5.152000e-03 2.487560e-01
194 7.452560e-01 5.008000e-03 2.497360e-01
195 7.443080e-01 5.100000e-03 2.505920e-01
196 7.434400e-01 5.140000e-03 2.514200e-01
197 7.425240e-01 5.124000e-03 2.523520e-01
198 7.416880e-01 5.036000e-03 2.532760e-01
199 7.407360e-01 4.988000e-03 2.542760e-01
200 7.399040e-01 4.956000e-03 2.551400e-01
201 7.390400e-01 4.964000e-03 2.559960e-01
202 7.381680e-01 4.952000e-03 2.568800e-01
203 7.373000e-01 4.964000e-03 2.577360e-01
204 7.364640e-01 5.016000e-03 2.585200e-01
205 7.356840e-01 4.856000e-03 2.594600e-01
206 7.348840e-01 4.820000e-03 2.602960e-01
207 7.340440e-01 4.820000e-03 2.611360e-01
208 7.331680e-01 4.756000e-03 2.620760e-01
209 7.323720e-01 4.736000e-03 2.628920e-01
210 7.314960e-01 4.824000e-03 2.636800e-01
211 7.306440e-01 4.792000e-03 2.645640e-01
212 7.297320e-01 4.804000e-03 2.654640e-01
213 7.288120e-01 4.924000e-03 2.662640e-01
214 7.279800e-01 4.848000e-03 2.671720e-01
215 7.271400e-01 4.780000e-03 2.680800e-01
216 7.262240e-01 4.760000e-03 2.690160e-01
217 7.253120e-01 4.812000e-03 2.698760e-01
218 7.244360e-01 4.840000e-03 2.707240e-01
219 7.236000e-01 4.784000e-03 2.716160e-01
220 7.227720e-01 4.752000e-03 2.724760e-01
221 7.219320e-01 4.724000e-03 2.733440e-01
222 7.210880e-01 4.636000e-03 2.742760e-01
223 7.203600e-01 4.608000e-03 2.750320e-01
224 7.195360e-01 4.628000e-03 2.758360e-01
225 7.187080e-01 4.568000e-03 2.767240e-01
226 7.178600e-01 4.572000e-03 2.775680e-01
227 7.171680e-01 4.536000e-03 2.782960e-01
228 7.163880e-01 4.548000e-03 2.790640e-01
229 7.157800e-01 4.392000e-03 2.798280e-01
230 7.151600e-01 4.284000e-03 2.805560e-01
231 7.145840e-01 4.076000e-03 2.813400e-01
232 7.140240e-01 3.912000e-03 2.820640e-01
233 7.132200e-01 4.036000e-03 2.827440e-01
234 7.125960e-01 3.920000e-03 2.834840e-01
235 7.118680e-01 3.972000e-03 2.841600e-01
236 7.111520e-01 4.028000e-03 2.848200e-01
237 7.104840e-01 3.956000e-03 2.855600e-01
238 7.097720e-01 3.988000e-03 2.862400e-01
239 7.090880e-01 3.920000e-03 2.869920e-01
240 7.084560e-01 3.876000e-03 2.876680e-01
241 7.077160e-01 3.948000e-03 2.883360e-01
242 7.070760e-01 3.852000e-03 2.890720e-01
243 7.064560e-01 3.796000e-03 2.897480e-01
244 7.057880e-01 3.872000e-03 2.903400e-01
245 7.051840e-01 3.760000e-03 2.910560e-01
246 7.046800e-01 3.560000e-03 2.917600e-01
247 7.041360e-01 3.532000e-03 2.923320e-01
248 7.034880e-01 3.600000e-03 2.929120e-01
249 7.028720e-01 3.504000e-03 2.936240e-01
250 7.023640e-01 3.452000e-03 2.941840e-01
251 7.018640e-01 3.336000e-03 2.948000e-01
252 7.012880e-01 3.304000e-03 2.954080e-01
253 7.007400e-01 3.228000e-03 2.960320e-01
254 7.002080e-01 3.248000e-03 2.965440e-01
255 6.996240e-01 3.296000e-03 2.970800e-01
256 6.991240e-01 3.280000e-03 2.975960e-01
257 6.984720e-01 3.312000e-03 2.982160e-01
258 6.979120e-01 3.268000e-03 2.988200e-01
259 6.973440e-01 3.288000e-03 2.993680e-01
260 6.967400e-01 3.260000e-03 3.000000e-01
261 6.960720e-01 3.328000e-03 3.006000e-01
262 6.954520e-01 3.328000e-03 3.012200e-01
263 6.948960e-01 3.268000e-03 3.018360e-01
264 6.942520e-01 3.376000e-03 3.023720e-01
265 6.936080e-01 3.480000e-03 3.029120e-01
266 6.929760e-01 3.460000e-03 3.035640e-01
267 6.923960e-01 3.404000e-03 3.042000e-01
268 6.917640e-01 3.412000e-03 3.048240e-01
269 6.911480e-01 3.436000e-03 3.054160e-01
270 6.905280e-01 3.424000e-03 3.060480e-01
271 6.899600e-01 3.408000e-03 3.066320e-01
272 6.894040e-01 3.436000e-03 3.071600e-01
273 6.888360e-01 3.404000e-03 3.077600e-01
274 6.883200e-01 3.308000e-03 3.083720e-01
275 6.877440e-01 3.352000e-03 3.089040e-01
276 6.871560e-01 3.364000e-03 3.094800e-01
277 6.865400e-01 3.304000e-03 3.101560e-01
278 6.859480e-01 3.232000e-03 3.108200e-01
279 6.853560e-01 3.312000e-03 3.113320e-01
280 6.847800e-01 3.308000e-03 3.119120e-01
281 6.842080e-01 3.244000e-03 3.125480e-01
282 6.836080e-01 3.292000e-03 3.131000e-01
283 6.830600e-01 3.316000e-03 3.136240e-01
284 6.826200e-01 3.176000e-03 3.142040e-01
285 6.821720e-01 3.008000e-03 3.148200e-01
286 6.817280e-01 2.936000e-03 3.153360e-01
287 6.813080e-01 2.880000e-03 3.158120e-01
288 6.809840e-01 2.660000e-03 3.163560e-01
289 6.806520e-01 2.572000e-03 3.167760e-01
290 6.802720e-01 2.572000e-03 3.171560e-01
291 6.798480e-01 2.556000e-03 3.175960e-01
292 6.794480e-01 2.472000e-03 3.180800e-01
293 6.790600e-01 2.480000e-03 3.184600e-01
294 6.786560e-01 2.480000e-03 3.188640e-01
295 6.782040e-01 2.540000e-03 3.192560e-01
296 6.777400e-01 2.552000e-03 3.197080e-01
297 6.773480e-01 2.504000e-03 3.201480e-01
298 6.769520e-01 2.432000e-03 3.206160e-01
299 6.766000e-01 2.344000e-03 3.210560e-01
300 6.762520e-01 2.244000e-03 3.215040e-01
301 6.758400e-01 2.332000e-03 3.218280e-01
302 6.754440e-01 2.288000e-03 3.222680e-01
303 6.750640e-01 2.264000e-03 3.226720e-01
304 6.746280e-01 2.280000e-03 3.230920e-01
305 6.742600e-01 2.272000e-03 3.234680e-01
306 6.738400e-01 2.280000e-03 3.238800e-01
307 6.734320e-01 2.252000e-03 3.243160e-01
308 6.730240e-01 2.260000e-03 3.247160e-01
309 6.726640e-01 2.248000e-03 3.250880e-01
310 6.723000e-01 2.164000e-03 3.255360e-01
311 6.719760e-01 2.148000e-03 3.258760e-01
312 6.716480e-01 2.124000e-03 3.262280e-01
313 6.712840e-01 2.148000e-03 3.265680e-01
314 6.709080e-01 2.152000e-03 3.269400e-01
315 6.703800e-01 2.336000e-03 3.272840e-01
316 6.700080e-01 2.304000e-03 3.276880e-01
317 6.695720e-01 2.360000e-03 3.280680e-01
318 6.691360e-01 2.388000e-03 3.284760e-01
319 6.687360e-01 2.404000e-03 3.288600e-01
320 6.683520e-01 2.308000e-03 3.293400e-01
321 6.680080e-01 2.224000e-03 3.297680e-01
322 6.676520e-01 2.092000e-03 3.302560e-01
323 6.673440e-01 1.980000e-03 3.306760e-01
324 6.670080e-01 1.948000e-03 3.310440e-01
325 6.667000e-01 1.932000e-03 3.313680e-01
326 6.664560e-01 1.796000e-03 3.317480e-01
327 6.661280e-01 1.732000e-03 3.321400e-01
328 6.658160e-01 1.788000e-03 3.323960e-01
329 6.655360e-01 1.764000e-03 3.327000e-01
330 6.652600e-01 1.732000e-03 3.330080e-01
331 6.649240e-01 1.740000e-03 3.333360e-01
332 6.646000e-01 1.672000e-03 3.337280e-01
333 6.642400e-01 1.716000e-03 3.340440e-01
334 6.639160e-01 1.696000e-03 3.343880e-01
335 6.635920e-01 1.680000e-03 3.347280e-01
336 6.633080e-01 1.640000e-03 3.350520e-01
337 6.629640e-01 1.680000e-03 3.353560e-01
338 6.626600e-01 1.720000e-03 3.356200e-01
339 6.624440e-01 1.668000e-03 3.358880e-01
340 6.621560e-01 1.676000e-03 3.361680e-01
341 6.618880e-01 1.708000e-03 3.364040e-01
342 6.616120e-01 1.664000e-03 3.367240e-01
343 6.613880e-01 1.624000e-03 3.369880e-01
344 6.612040e-01 1.528000e-03 3.372680e-01
345 6.609680e-01 1.512000e-03 3.375200e-01
346 6.607040e-01 1.536000e-03 3.377600e-01
347 6.604400e-01 1.536000e-03 3.380240e-01
348 6.601240e-01 1.568000e-03 3.383080e-01
349 6.598880e-01 1.520000e-03 3.385920e-01
350 6.596760e-01 1.504000e-03 3.388200e-01
351 6.594040e-01 1.500000e-03 3.390960e-01
352 6.592040e-01 1.400000e-03 3.393960e-01
353 6.589560e-01 1.392000e-03 3.396520e-01
354 6.587560e-01 1.408000e-03 3.398360e-01
355 6.585240e-01 1.424000e-03 3.400520e-01
356 6.583200e-01 1.408000e-03 3.402720e-01
357 6.581280e-01 1.352000e-03 3.405200e-01
358 6.578960e-01 1.344000e-03 3.407600e-01
359 6.577000e-01 1.300000e-03 3.410000e-01
360 6.574840e-01 1.264000e-03 3.412520e-01
361 6.572600e-01 1.272000e-03 3.414680e-01
362 6.570240e-01 1.276000e-03 3.417000e-01
363 6.567520e-01 1.332000e-03 3.419160e-01
364 6.564800e-01 1.412000e-03 3.421080e-01
365 6.562440e-01 1.388000e-03 3.423680e-01
366 6.560280e-01 1.388000e-03 3.425840e-01
367 6.557880e-01 1.368000e-03 3.428440e-01
368 6.556400e-01 1.276000e-03 3.430840e-01
369 6.554400e-01 1.232000e-03 3.433280e-01
370 6.552240e-01 1.228000e-03 3.435480e-01
371 6.549920e-01 1.276000e-03 3.437320e-01
372 6.547800e-01 1.224000e-03 3.439960e-01
373 6.545680e-01 1.272000e-03 3.441600e-01
374 6.542480e-01 1.356000e-03 3.443960e-01
375 6.540240e-01 1.360000e-03 3.446160e-01
376 6.538240e-01 1.332000e-03 3.448440e-01
377 6.536200e-01 1.320000e-03 3.450600e-01
378 6.533600e-01 1.316000e-03 3.453240e-01
379 6.531600e-01 1.276000e-03 3.455640e-01
380 6.529600e-01 1.244000e-03 3.457960e-01
381 6.527880e-01 1.220000e-03 3.459920e-01
382 6.525880e-01 1.152000e-03 3.462600e-01
383 6.524280e-01 1.108000e-03 3.464640e-01
384 6.522600e-01 1.076000e-03 3.466640e-01
385 6.520880e-01 1.052000e-03 3.468600e-01
386 6.518960e-01 1.060000e-03 3.470440e-01
387 6.517200e-01 1.068000e-03 3.472120e-01
388 6.515600e-01 9.960000e-04 3.474440e-01
389 6.513920e-01 9.720000e-04 3.476360e-01
390 6.512240e-01 1.020000e-03 3.477560e-01
391 6.510520e-01 9.920000e-04 3.479560e-01
392 6.508360e-01 1.036000e-03 3.481280e-01
393 6.506320e-01 9.960000e-04 3.483720e-01
394 6.504680e-01 1.012000e-03 3.485200e-01
395 6.502440e-01 1.056000e-03 3.487000e-01
396 6.500520e-01 1.084000e-03 3.488640e-01
397 6.498920e-01 1.044000e-03 3.490640e-01
398 6.497120e-01 1.036000e-03 3.492520e-01
399 6.495560e-01 9.760000e-04 3.494680e-01
400 6.494120e-01 9.600000e-04 3.496280e-01
401 6.492400e-01 9.720000e-04 3.497880e-01
402 6.490600e-01 1.012000e-03 3.499280e-01
403 6.489040e-01 1.012000e-03 3.500840e-01
404 6.487120e-01 1.008000e-03 3.502800e-01
405 6.485440e-01 1.012000e-03 3.504440e-01
406 6.483040e-01 1.076000e-03 3.506200e-01
407 6.480720e-01 1.124000e-03 3.508040e-01
408 6.478440e-01 1.164000e-03 3.509920e-01
409 6.476920e-01 1.136000e-03 3.511720e-01
410 6.474880e-01 1.152000e-03 3.513600e-01
411 6.472840e-01 1.132000e-03 3.515840e-01
412 6.471280e-01 1.124000e-03 3.517480e-01
413 6.469160e-01 1.160000e-03 3.519240e-01
414 6.466920e-01 1.204000e-03 3.521040e-01
415 6.464680e-01 1.252000e-03 3.522800e-01
416 6.462520e-01 1.284000e-03 3.524640e-01
417 6.460200e-01 1.340000e-03 3.526400e-01
418 6.457880e-01 1.292000e-03 3.529200e-01
419 6.455560e-01 1.260000e-03 3.531840e-01
420 6.452760e-01 1.352000e-03 3.533720e-01
421 6.450160e-01 1.360000e-03 3.536240e-01
422 6.448000e-01 1.328000e-03 3.538720e-01
423 6.445320e-01 1.352000e-03 3.541160e-01
424 6.442440e-01 1.408000e-03 3.543480e-01
425 6.439360e-01 1.448000e-03 3.546160e-01
426 6.436680e-01 1.436000e-03 3.548960e-01
427 6.433760e-01 1.460000e-03 3.551640e-01
428 6.430760e-01 1.560000e-03 3.553640e-01
429 6.428520e-01 1.496000e-03 3.556520e-01
430 6.426120e-01 1.500000e-03 3.558880e-01
431 6.423960e-01 1.504000e-03 3.561000e-01
432 6.421840e-01 1.472000e-03 3.563440e-01
433 6.419880e-01 1.424000e-03 3.565880e-01
434 6.418000e-01 1.372000e-03 3.568280e-01
435 6.415400e-01 1.380000e-03 3.570800e-01
436 6.413600e-01 1.320000e-03 3.573200e-01
437 6.411920e-01 1.272000e-03 3.575360e-01
438 6.409840e-01 1.232000e-03 3.577840e-01
439 6.408160e-01 1.184000e-03 3.580000e-01
440 6.406360e-01 1.192000e-03 3.581720e-01
441 6.404160e-01 1.160000e-03 3.584240e-01
442 6.402480e-01 1.144000e-03 3.586080e-01
443 6.400240e-01 1.196000e-03 3.587800e-01
444 6.397880e-01 1.248000e-03 3.589640e-01
445 6.396240e-01 1.196000e-03 3.591800e-01
446 6.394520e-01 1.152000e-03 3.593960e-01
447 6.393200e-01 1.124000e-03 3.595560e-01
448 6.391360e-01 1.104000e-03 3.597600e-01
449 6.389760e-01 1.112000e-03 3.599120e-01
450 6.388680e-01 9.840000e-04 3.601480e-01
451 6.387000e-01 9.920000e-04 3.603080e-01
452 6.385080e-01 1.036000e-03 3.604560e-01
453 6.383280e-01 1.020000e-03 3.606520e-01
454 6.381800e-01 9.880000e-04 3.608320e-01
455 6.380280e-01 9.680000e-04 3.610040e-01
456 6.379080e-01 9.560000e-04 3.611360e-01
457 6.377680e-01 9.280000e-04 3.613040e-01
458 6.376480e-01 9.080000e-04 3.614440e-01
459 6.375120e-01 9.000000e-04 3.615880e-01
460 6.373800e-01 8.880000e-04 3.617320e-01
461 6.372360e-01 8.880000e-04 3.618760e-01
462 6.371280e-01 8.160000e-04 3.620560e-01
463 6.370240e-01 8.200000e-04 3.621560e-01
464 6.368840e-01 8.400000e-04 3.622760e-01
465 6.368080e-01 7.960000e-04 3.623960e-01
466 6.367040e-01 7.440000e-04 3.625520e-01
467 6.365800e-01 7.680000e-04 3.626520e-01
468 6.364160e-01 7.800000e-04 3.628040e-01
469 6.363200e-01 7.480000e-04 3.629320e-01
470 6.362120e-01 7.680000e-04 3.630200e-01
471 6.360920e-01 7.480000e-04 3.631600e-01
472 6.359520e-01 7.400000e-04 3.633080e-01
473 6.358560e-01 6.880000e-04 3.634560e-01
474 6.357880e-01 6.520000e-04 3.635600e-01
475 6.356920e-01 6.240000e-04 3.636840e-01
476 6.356240e-01 5.720000e-04 3.638040e-01
477 6.355560e-01 5.600000e-04 3.638840e-01
478 6.354880e-01 5.520000e-04 3.639600e-01
479 6.353760e-01 5.440000e-04 3.640800e-01
480 6.352800e-01 5.720000e-04 3.641480e-01
481 6.351840e-01 5.680000e-04 3.642480e-01
482 6.350640e-01 5.800000e-04 3.643560e-01
483 6.349920e-01 5.320000e-04 3.644760e-01
484 6.349160e-01 5.440000e-04 3.645400e-01
485 6.348600e-01 4.880000e-04 3.646520e-01
486 6.347880e-01 4.840000e-04 3.647280e-01
487 6.346840e-01 4.880000e-04 3.648280e-01
488 6.346120e-01 4.600000e-04 3.649280e-01
489 6.345240e-01 4.880000e-04 3.649880e-01
490 6.344360e-01 4.960000e-04 3.650680e-01
491 6.343760e-01 4.720000e-04 3.651520e-01
492 6.343080e-01 4.280000e-04 3.652640e-01
493 6.342400e-01 4.280000e-04 3.653320e-01
494 6.341480e-01 4.080000e-04 3.654440e-01
495 6.340840e-01 3.960000e-04 3.655200e-01
496 6.340040e-01 4.160000e-04 3.655800e-01
497 6.339360e-01 4.080000e-04 3.656560e-01
498 6.338760e-01 3.840000e-04 3.657400e-01
499 6.338160e-01 4.000000e-04 3.657840e-01
500 6.337160e-01 4.280000e-04 3.658560e-01
