1 9.991600e-01 7.320000e-04 1.080000e-04
2 9.986720e-01 1.044000e-03 2.840000e-04
3 9.980400e-01 1.492000e-03 4.680000e-04
4 9.971800e-01 2.016000e-03 8.040000e-04
5 9.963680e-01 2.468000e-03 1.164000e-03
6 9.954840e-01 2.860000e-03 1.656000e-03
7 9.944160e-01 3.404000e-03 2.180000e-03
8 9.932680e-01 4.024000e-03 2.708000e-03
9 9.921760e-01 4.336000e-03 3.488000e-03
10 9.911720e-01 4.524000e-03 4.304000e-03
11 9.901520e-01 4.748000e-03 5.100000e-03
12 9.889320e-01 5.132000e-03 5.936000e-03
13 9.877360e-01 5.444000e-03 6.820000e-03
14 9.866200e-01 5.676000e-03 7.704000e-03
15 9.855320e-01 5.728000e-03 8.740000e-03
16 9.843600e-01 5.912000e-03 9.728000e-03
17 9.831360e-01 6.160000e-03 1.070400e-02
18 9.819480e-01 6.232000e-03 1.182000e-02
19 9.806640e-01 6.432000e-03 1.290400e-02
20 9.791840e-01 6.684000e-03 1.413200e-02
21 9.778320e-01 6.908000e-03 1.526000e-02
22 9.765840e-01 6.980000e-03 1.643600e-02
23 9.753280e-01 6.932000e-03 1.774000e-02
24 9.740400e-01 6.940000e-03 1.902000e-02
25 9.726120e-01 7.164000e-03 2.022400e-02
26 9.711360e-01 7.296000e-03 2.156800e-02
27 9.697040e-01 7.456000e-03 2.284000e-02
28 9.681760e-01 7.684000e-03 2.414000e-02
29 9.668360e-01 7.664000e-03 2.550000e-02
30 9.653680e-01 7.752000e-03 2.688000e-02
31 9.639280e-01 7.868000e-03 2.820400e-02
32 9.624040e-01 7.984000e-03 2.961200e-02
33 9.609920e-01 8.024000e-03 3.098400e-02
34 9.593760e-01 8.332000e-03 3.229200e-02
35 9.577920e-01 8.448000e-03 3.376000e-02
36 9.563760e-01 8.200000e-03 3.542400e-02
37 9.549240e-01 8.236000e-03 3.684000e-02
38 9.536080e-01 8.272000e-03 3.812000e-02
39 9.520960e-01 8.344000e-03 3.956000e-02
40 9.506000e-01 8.392000e-03 4.100800e-02
41 9.490800e-01 8.404000e-03 4.251600e-02
42 9.476920e-01 8.368000e-03 4.394000e-02
43 9.460520e-01 8.512000e-03 4.543600e-02
44 9.445520e-01 8.588000e-03 4.686000e-02
45 9.430280e-01 8.568000e-03 4.840400e-02
46 9.417080e-01 8.524000e-03 4.976800e-02
47 9.402960e-01 8.580000e-03 5.112400e-02
48 9.386920e-01 8.700000e-03 5.260800e-02
49 9.371040e-01 8.688000e-03 5.420800e-02
50 9.353960e-01 8.980000e-03 5.562400e-02
51 9.336720e-01 9.268000e-03 5.706000e-02
52 9.321120e-01 9.188000e-03 5.870000e-02
53 9.305400e-01 9.088000e-03 6.037200e-02
54 9.288840e-01 9.180000e-03 6.193600e-02
55 9.273000e-01 9.040000e-03 6.366000e-02
56 9.257160e-01 8.940000e-03 6.534400e-02
57 9.240200e-01 9.132000e-03 6.684800e-02
58 9.223400e-01 9.152000e-03 6.850800e-02
59 9.207160e-01 9.092000e-03 7.019200e-02
60 9.188920e-01 9.304000e-03 7.180400e-02
61 9.170720e-01 9.608000e-03 7.332000e-02
62 9.151440e-01 9.988000e-03 7.486800e-02
63 9.133600e-01 1.009600e-02 7.654400e-02
64 9.114960e-01 1.020800e-02 7.829600e-02
65 9.096800e-01 1.032400e-02 7.999600e-02
66 9.078960e-01 1.028400e-02 8.182000e-02
67 9.061840e-01 1.023600e-02 8.358000e-02
68 9.044640e-01 1.016800e-02 8.536800e-02
69 9.027720e-01 1.002400e-02 8.720400e-02
70 9.011640e-01 9.872000e-03 8.896400e-02
71 8.996080e-01 9.788000e-03 9.060400e-02
72 8.980680e-01 9.564000e-03 9.236800e-02
73 8.965800e-01 9.356000e-03 9.406400e-02
74 8.950880e-01 9.344000e-03 9.556800e-02
75 8.935360e-01 9.312000e-03 9.715200e-02
76 8.920040e-01 9.144000e-03 9.885200e-02
77 8.905160e-01 8.900000e-03 1.005840e-01
78 8.889280e-01 8.812000e-03 1.022600e-01
79 8.873640e-01 8.720000e-03 1.039160e-01
80 8.857800e-01 8.740000e-03 1.054800e-01
81 8.843480e-01 8.648000e-03 1.070040e-01
82 8.829320e-01 8.560000e-03 1.085080e-01
83 8.813880e-01 8.628000e-03 1.099840e-01
84 8.798680e-01 8.712000e-03 1.114200e-01
85 8.783960e-01 8.652000e-03 1.129520e-01
86 8.767680e-01 8.832000e-03 1.144000e-01
87 8.752480e-01 8.852000e-03 1.159000e-01
88 8.736840e-01 8.832000e-03 1.174840e-01
89 8.719960e-01 9.020000e-03 1.189840e-01
90 8.704400e-01 9.016000e-03 1.205440e-01
91 8.688320e-01 9.048000e-03 1.221200e-01
92 8.672480e-01 9.180000e-03 1.235720e-01
93 8.656760e-01 8.856000e-03 1.254680e-01
94 8.640680e-01 8.888000e-03 1.270440e-01
95 8.626360e-01 8.808000e-03 1.285560e-01
96 8.609760e-01 8.956000e-03 1.300680e-01
97 8.594520e-01 8.848000e-03 1.317000e-01
98 8.579600e-01 8.724000e-03 1.333160e-01
99 8.564880e-01 8.672000e-03 1.348400e-01
100 8.549880e-01 8.688000e-03 1.363240e-01
101 8.534440e-01 8.812000e-03 1.377440e-01
102 8.519720e-01 8.788000e-03 1.392400e-01
103 8.504120e-01 8.760000e-03 1.408280e-01
104 8.488320e-01 8.900000e-03 1.422680e-01
105 8.472400e-01 8.944000e-03 1.438160e-01
106 8.456600e-01 8.840000e-03 1.455000e-01
107 8.441840e-01 8.848000e-03 1.469680e-01
108 8.427400e-01 8.736000e-03 1.485240e-01
109 8.411680e-01 8.784000e-03 1.500480e-01
110 8.395720e-01 8.816000e-03 1.516120e-01
111 8.380520e-01 8.660000e-03 1.532880e-01
112 8.367760e-01 8.356000e-03 1.548680e-01
113 8.355040e-01 8.172000e-03 1.563240e-01
114 8.341520e-01 8.104000e-03 1.577440e-01
115 8.328160e-01 8.044000e-03 1.591400e-01
116 8.314960e-01 8.008000e-03 1.604960e-01
117 8.300280e-01 8.000000e-03 1.619720e-01
118 8.288320e-01 7.708000e-03 1.634600e-01
119 8.274320e-01 7.868000e-03 1.647000e-01
120 8.262120e-01 7.652000e-03 1.661360e-01
121 8.247840e-01 7.704000e-03 1.675120e-01
122 8.234960e-01 7.456000e-03 1.690480e-01
123 8.223280e-01 7.344000e-03 1.703280e-01
124 8.212240e-01 7.260000e-03 1.715160e-01
125 8.200800e-01 7.084000e-03 1.728360e-01
126 8.187920e-01 7.116000e-03 1.740920e-01
127 8.175040e-01 7.180000e-03 1.753160e-01
128 8.162440e-01 7.148000e-03 1.766080e-01
129 8.150520e-01 7.076000e-03 1.778720e-01
130 8.137440e-01 7.076000e-03 1.791800e-01
131 8.124880e-01 7.136000e-03 1.803760e-01
132 8.112000e-01 7.164000e-03 1.816360e-01
133 8.098280e-01 7.312000e-03 1.828600e-01
134 8.087280e-01 7.204000e-03 1.840680e-01
135 8.075240e-01 7.076000e-03 1.854000e-01
136 8.064880e-01 6.920000e-03 1.865920e-01
137 8.054360e-01 6.684000e-03 1.878800e-01
138 8.043960e-01 6.484000e-03 1.891200e-01
139 8.034680e-01 6.324000e-03 1.902080e-01
140 8.025360e-01 6.232000e-03 1.912320e-01
141 8.013600e-01 6.304000e-03 1.923360e-01
142 8.002960e-01 6.300000e-03 1.934040e-01
143 7.991040e-01 6.548000e-03 1.943480e-01
144 7.978600e-01 6.584000e-03 1.955560e-01
145 7.966520e-01 6.688000e-03 1.966600e-01
146 7.954840e-01 6.700000e-03 1.978160e-01
147 7.943080e-01 6.668000e-03 1.990240e-01
148 7.931640e-01 6.608000e-03 2.002280e-01
149 7.921160e-01 6.508000e-03 2.013760e-01
150 7.910120e-01 6.452000e-03 2.025360e-01
151 7.897040e-01 6.596000e-03 2.037000e-01
152 7.885280e-01 6.568000e-03 2.049040e-01
153 7.875200e-01 6.444000e-03 2.060360e-01
154 7.865560e-01 6.132000e-03 2.073120e-01
155 7.855080e-01 6.072000e-03 2.084200e-01
156 7.844280e-01 6.096000e-03 2.094760e-01
157 7.833840e-01 6.024000e-03 2.105920e-01
158 7.823000e-01 6.120000e-03 2.115800e-01
159 7.812120e-01 6.084000e-03 2.127040e-01
160 7.801040e-01 6.132000e-03 2.137640e-01
161 7.790160e-01 6.200000e-03 2.147840e-01
162 7.781200e-01 5.996000e-03 2.158840e-01
163 7.771880e-01 5.816000e-03 2.169960e-01
164 7.761400e-01 5.772000e-03 2.180880e-01
165 7.751080e-01 5.820000e-03 2.190720e-01
166 7.740480e-01 5.980000e-03 2.199720e-01
167 7.730720e-01 5.952000e-03 2.209760e-01
168 7.720240e-01 5.848000e-03 2.221280e-01
169 7.709440e-01 5.836000e-03 2.232200e-01
170 7.699520e-01 5.904000e-03 2.241440e-01
171 7.689920e-01 5.788000e-03 2.252200e-01
172 7.679640e-01 5.808000e-03 2.262280e-01
173 7.669360e-01 5.820000e-03 2.272440e-01
174 7.659400e-01 5.736000e-03 2.283240e-01
175 7.648440e-01 5.892000e-03 2.292640e-01
176 7.636920e-01 6.092000e-03 2.302160e-01
177 7.625960e-01 6.244000e-03 2.311600e-01
178 7.614840e-01 6.176000e-03 2.323400e-01
179 7.604200e-01 6.224000e-03 2.333560e-01
180 7.593600e-01 6.116000e-03 2.345240e-01
181 7.583120e-01 6.152000e-03 2.355360e-01
182 7.573200e-01 6.116000e-03 2.365640e-01
183 7.563200e-01 6.088000e-03 2.375920e-01
184 7.553800e-01 5.968000e-03 2.386520e-01
185 7.543280e-01 5.968000e-03 2.397040e-01
186 7.533520e-01 5.964000e-03 2.406840e-01
187 7.523160e-01 5.968000e-03 2.417160e-01
188 7.513600e-01 5.868000e-03 2.427720e-01
189 7.503440e-01 5.844000e-03 2.438120e-01
190 7.493360e-01 5.920000e-03 2.447440e-01
191 7.483360e-01 5.780000e-03 2.458840e-01
192 7.473560e-01 5.712000e-03 2.469320e-01
193 7.465520e-01 5.468000e-03 2.479800e-01
194 7.456960e-01 5.320000e-03 2.489840e-01
195 7.448920e-01 5.220000e-03 2.498880e-01
196 7.442120e-01 5.076000e-03 2.507120e-01
197 7.432560e-01 5.076000e-03 2.516680e-01
198 7.424280e-01 4.976000e-03 2.525960e-01
199 7.415720e-01 4.896000e-03 2.535320e-01
200 7.407520e-01 4.952000e-03 2.542960e-01
201 7.399680e-01 4.820000e-03 2.552120e-01
202 7.391840e-01 4.816000e-03 2.560000e-01
203 7.383560e-01 4.712000e-03 2.569320e-01
204 7.375040e-01 4.800000e-03 2.576960e-01
205 7.365200e-01 4.920000e-03 2.585600e-01
206 7.355760e-01 5.024000e-03 2.594000e-01
207 7.347920e-01 4.872000e-03 2.603360e-01
208 7.339000e-01 4.984000e-03 2.611160e-01
209 7.329840e-01 5.016000e-03 2.620000e-01
210 7.321040e-01 5.020000e-03 2.628760e-01
211 7.313200e-01 4.892000e-03 2.637880e-01
212 7.304600e-01 4.960000e-03 2.645800e-01
213 7.294880e-01 5.120000e-03 2.653920e-01
214 7.286320e-01 5.116000e-03 2.662520e-01
215 7.278400e-01 5.020000e-03 2.671400e-01
216 7.270280e-01 4.984000e-03 2.679880e-01
217 7.261880e-01 4.804000e-03 2.690080e-01
218 7.253640e-01 4.752000e-03 2.698840e-01
219 7.245600e-01 4.688000e-03 2.707520e-01
220 7.237360e-01 4.592000e-03 2.716720e-01
221 7.229920e-01 4.496000e-03 2.725120e-01
222 7.222040e-01 4.504000e-03 2.732920e-01
223 7.215560e-01 4.320000e-03 2.741240e-01
224 7.208360e-01 4.304000e-03 2.748600e-01
225 7.201400e-01 4.228000e-03 2.756320e-01
226 7.194440e-01 4.240000e-03 2.763160e-01
227 7.186600e-01 4.232000e-03 2.771080e-01
228 7.179400e-01 4.216000e-03 2.778440e-01
229 7.171280e-01 4.160000e-03 2.787120e-01
230 7.163920e-01 4.164000e-03 2.794440e-01
231 7.156520e-01 4.172000e-03 2.801760e-01
232 7.149440e-01 4.156000e-03 2.809000e-01
233 7.141640e-01 4.044000e-03 2.817920e-01
234 7.132640e-01 4.188000e-03 2.825480e-01
235 7.125640e-01 4.176000e-03 2.832600e-01
236 7.117480e-01 4.276000e-03 2.839760e-01
237 7.111440e-01 4.084000e-03 2.847720e-01
238 7.103760e-01 4.116000e-03 2.855080e-01
239 7.096680e-01 4.052000e-03 2.862800e-01
240 7.088920e-01 4.080000e-03 2.870280e-01
241 7.081480e-01 4.124000e-03 2.877280e-01
242 7.074000e-01 4.132000e-03 2.884680e-01
243 7.067640e-01 4.008000e-03 2.892280e-01
244 7.061400e-01 3.952000e-03 2.899080e-01
245 7.054480e-01 4.004000e-03 2.905480e-01
246 7.048520e-01 3.864000e-03 2.912840e-01
247 7.042680e-01 3.788000e-03 2.919440e-01
248 7.037240e-01 3.636000e-03 2.926400e-01
249 7.032280e-01 3.468000e-03 2.933040e-01
250 7.026440e-01 3.432000e-03 2.939240e-01
251 7.021240e-01 3.344000e-03 2.945320e-01
252 7.016640e-01 3.252000e-03 2.950840e-01
253 7.011520e-01 3.260000e-03 2.955880e-01
254 7.005960e-01 3.180000e-03 2.962240e-01
255 7.000040e-01 3.292000e-03 2.967040e-01
256 6.994680e-01 3.252000e-03 2.972800e-01
257 6.988600e-01 3.296000e-03 2.978440e-01
258 6.983200e-01 3.248000e-03 2.984320e-01
259 6.978440e-01 3.160000e-03 2.989960e-01
260 6.973480e-01 3.036000e-03 2.996160e-01
261 6.968960e-01 2.896000e-03 3.002080e-01
262 6.965120e-01 2.732000e-03 3.007560e-01
263 6.961560e-01 2.600000e-03 3.012440e-01
264 6.956360e-01 2.628000e-03 3.017360e-01
265 6.951160e-01 2.656000e-03 3.022280e-01
266 6.947520e-01 2.572000e-03 3.026760e-01
267 6.943880e-01 2.592000e-03 3.030200e-01
268 6.940520e-01 2.480000e-03 3.034680e-01
269 6.935720e-01 2.512000e-03 3.039160e-01
270 6.931840e-01 2.444000e-03 3.043720e-01
271 6.927640e-01 2.388000e-03 3.048480e-01
272 6.924240e-01 2.324000e-03 3.052520e-01
273 6.921320e-01 2.224000e-03 3.056440e-01
274 6.918080e-01 2.160000e-03 3.060320e-01
275 6.914240e-01 2.096000e-03 3.064800e-01
276 6.910680e-01 2.116000e-03 3.068160e-01
277 6.907160e-01 2.100000e-03 3.071840e-01
278 6.903480e-01 2.140000e-03 3.075120e-01
279 6.899520e-01 2.104000e-03 3.079440e-01
280 6.895960e-01 2.088000e-03 3.083160e-01
281 6.892200e-01 2.116000e-03 3.086640e-01
282 6.889320e-01 2.076000e-03 3.089920e-01
283 6.886320e-01 1.972000e-03 3.093960e-01
284 6.883440e-01 1.928000e-03 3.097280e-01
285 6.879720e-01 1.988000e-03 3.100400e-01
286 6.876640e-01 1.936000e-03 3.104000e-01
287 6.873680e-01 1.940000e-03 3.106920e-01
288 6.870120e-01 1.948000e-03 3.110400e-01
289 6.867440e-01 1.916000e-03 3.113400e-01
290 6.864160e-01 1.936000e-03 3.116480e-01
291 6.860840e-01 1.928000e-03 3.119880e-01
292 6.857400e-01 1.940000e-03 3.123200e-01
293 6.853520e-01 1.996000e-03 3.126520e-01
294 6.850080e-01 1.984000e-03 3.130080e-01
295 6.847040e-01 1.992000e-03 3.133040e-01
296 6.843560e-01 1.972000e-03 3.136720e-01
297 6.840520e-01 1.944000e-03 3.140040e-01
298 6.837040e-01 1.948000e-03 3.143480e-01
299 6.834040e-01 1.904000e-03 3.146920e-01
300 6.831480e-01 1.820000e-03 3.150320e-01
301 6.828840e-01 1.788000e-03 3.153280e-01
302 6.826560e-01 1.700000e-03 3.156440e-01
303 6.823840e-01 1.668000e-03 3.159480e-01
304 6.821840e-01 1.584000e-03 3.162320e-01
305 6.819920e-01 1.548000e-03 3.164600e-01
306 6.817720e-01 1.536000e-03 3.166920e-01
307 6.815640e-01 1.464000e-03 3.169720e-01
308 6.813360e-01 1.392000e-03 3.172720e-01
309 6.811600e-01 1.336000e-03 3.175040e-01
310 6.809160e-01 1.336000e-03 3.177480e-01
311 6.806720e-01 1.320000e-03 3.180080e-01
312 6.803920e-01 1.372000e-03 3.182360e-01
313 6.801680e-01 1.336000e-03 3.184960e-01
314 6.799720e-01 1.292000e-03 3.187360e-01
315 6.797360e-01 1.328000e-03 3.189360e-01
316 6.795240e-01 1.340000e-03 3.191360e-01
317 6.793320e-01 1.340000e-03 3.193280e-01
318 6.791360e-01 1.328000e-03 3.195360e-01
319 6.789400e-01 1.296000e-03 3.197640e-01
320 6.787880e-01 1.196000e-03 3.200160e-01
321 6.785760e-01 1.204000e-03 3.202200e-01
322 6.783600e-01 1.248000e-03 3.203920e-01
323 6.781720e-01 1.236000e-03 3.205920e-01
324 6.780000e-01 1.236000e-03 3.207640e-01
325 6.778120e-01 1.212000e-03 3.209760e-01
326 6.776120e-01 1.180000e-03 3.212080e-01
327 6.774720e-01 1.136000e-03 3.213920e-01
328 6.772880e-01 1.100000e-03 3.216120e-01
329 6.771160e-01 1.088000e-03 3.217960e-01
330 6.769080e-01 1.108000e-03 3.219840e-01
331 6.767800e-01 1.032000e-03 3.221880e-01
332 6.766200e-01 1.052000e-03 3.223280e-01
333 6.764280e-01 1.096000e-03 3.224760e-01
334 6.761720e-01 1.192000e-03 3.226360e-01
335 6.759360e-01 1.144000e-03 3.229200e-01
336 6.757320e-01 1.100000e-03 3.231680e-01
337 6.755160e-01 1.116000e-03 3.233680e-01
338 6.752800e-01 1.136000e-03 3.235840e-01
339 6.750760e-01 1.188000e-03 3.237360e-01
340 6.748520e-01 1.132000e-03 3.240160e-01
341 6.746040e-01 1.140000e-03 3.242560e-01
342 6.744080e-01 1.140000e-03 3.244520e-01
343 6.742360e-01 1.068000e-03 3.246960e-01
344 6.740440e-01 1.116000e-03 3.248400e-01
345 6.738800e-01 1.072000e-03 3.250480e-01
346 6.737320e-01 1.004000e-03 3.252640e-01
347 6.735480e-01 1.044000e-03 3.254080e-01
348 6.733760e-01 1.032000e-03 3.255920e-01
349 6.732040e-01 1.028000e-03 3.257680e-01
350 6.730840e-01 9.800000e-04 3.259360e-01
351 6.729800e-01 9.520000e-04 3.260680e-01
352 6.728920e-01 9.000000e-04 3.262080e-01
353 6.727560e-01 8.640000e-04 3.263800e-01
354 6.726520e-01 8.240000e-04 3.265240e-01
355 6.725440e-01 7.720000e-04 3.266840e-01
356 6.723960e-01 7.960000e-04 3.268080e-01
357 6.722520e-01 7.800000e-04 3.269680e-01
358 6.721440e-01 7.520000e-04 3.271040e-01
359 6.720040e-01 7.760000e-04 3.272200e-01
360 6.718960e-01 7.560000e-04 3.273480e-01
361 6.718000e-01 7.440000e-04 3.274560e-01
362 6.716680e-01 7.160000e-04 3.276160e-01
363 6.715920e-01 6.800000e-04 3.277280e-01
364 6.714720e-01 6.680000e-04 3.278600e-01
365 6.713680e-01 6.240000e-04 3.280080e-01
366 6.712920e-01 6.040000e-04 3.281040e-01
367 6.711680e-01 6.160000e-04 3.282160e-01
368 6.710840e-01 5.600000e-04 3.283560e-01
369 6.709880e-01 5.440000e-04 3.284680e-01
370 6.709000e-01 5.640000e-04 3.285360e-01
371 6.707960e-01 5.720000e-04 3.286320e-01
372 6.706600e-01 6.320000e-04 3.287080e-01
373 6.705840e-01 5.960000e-04 3.288200e-01
374 6.704920e-01 5.960000e-04 3.289120e-01
375 6.703480e-01 6.760000e-04 3.289760e-01
376 6.702560e-01 6.520000e-04 3.290920e-01
377 6.700840e-01 7.400000e-04 3.291760e-01
378 6.699000e-01 7.640000e-04 3.293360e-01
379 6.697440e-01 7.720000e-04 3.294840e-01
380 6.695800e-01 8.200000e-04 3.296000e-01
381 6.694520e-01 7.800000e-04 3.297680e-01
382 6.693280e-01 7.800000e-04 3.298920e-01
383 6.692160e-01 7.640000e-04 3.300200e-01
384 6.691080e-01 7.400000e-04 3.301520e-01
385 6.689920e-01 6.840000e-04 3.303240e-01
386 6.688920e-01 6.880000e-04 3.304200e-01
387 6.687880e-01 7.160000e-04 3.304960e-01
388 6.686960e-01 7.160000e-04 3.305880e-01
389 6.686000e-01 6.920000e-04 3.307080e-01
390 6.684600e-01 6.960000e-04 3.308440e-01
391 6.683400e-01 6.680000e-04 3.309920e-01
392 6.681600e-01 7.360000e-04 3.311040e-01
393 6.680240e-01 7.400000e-04 3.312360e-01
394 6.678960e-01 7.240000e-04 3.313800e-01
395 6.677800e-01 7.480000e-04 3.314720e-01
396 6.676560e-01 7.240000e-04 3.316200e-01
397 6.675040e-01 7.640000e-04 3.317320e-01
398 6.673680e-01 7.960000e-04 3.318360e-01
399 6.672600e-01 7.320000e-04 3.320080e-01
400 6.671400e-01 7.320000e-04 3.321280e-01
401 6.670400e-01 7.120000e-04 3.322480e-01
402 6.669440e-01 6.800000e-04 3.323760e-01
403 6.668080e-01 7.080000e-04 3.324840e-01
404 6.667160e-01 6.840000e-04 3.326000e-01
405 6.665720e-01 6.840000e-04 3.327440e-01
406 6.664680e-01 6.600000e-04 3.328720e-01
407 6.663600e-01 6.680000e-04 3.329720e-01
408 6.662120e-01 7.080000e-04 3.330800e-01
409 6.661240e-01 6.960000e-04 3.331800e-01
410 6.660200e-01 6.800000e-04 3.333000e-01
411 6.659000e-01 6.800000e-04 3.334200e-01
412 6.657960e-01 6.520000e-04 3.335520e-01
413 6.656800e-01 6.520000e-04 3.336680e-01
414 6.655760e-01 6.320000e-04 3.337920e-01
415 6.654280e-01 7.000000e-04 3.338720e-01
416 6.653000e-01 6.960000e-04 3.340040e-01
417 6.651760e-01 6.720000e-04 3.341520e-01
418 6.650520e-01 6.960000e-04 3.342520e-01
419 6.649520e-01 6.640000e-04 3.343840e-01
420 6.648280e-01 6.520000e-04 3.345200e-01
421 6.647040e-01 6.600000e-04 3.346360e-01
422 6.645600e-01 6.600000e-04 3.347800e-01
423 6.644680e-01 6.640000e-04 3.348680e-01
424 6.643600e-01 6.320000e-04 3.350080e-01
425 6.642760e-01 6.080000e-04 3.351160e-01
426 6.641560e-01 6.400000e-04 3.352040e-01
427 6.640320e-01 6.560000e-04 3.353120e-01
428 6.639040e-01 6.480000e-04 3.354480e-01
429 6.637720e-01 6.680000e-04 3.355600e-01
430 6.636720e-01 6.560000e-04 3.356720e-01
431 6.635680e-01 6.160000e-04 3.358160e-01
432 6.634880e-01 5.840000e-04 3.359280e-01
433 6.634120e-01 5.320000e-04 3.360560e-01
434 6.633000e-01 5.120000e-04 3.361880e-01
435 6.632320e-01 5.120000e-04 3.362560e-01
436 6.631520e-01 5.000000e-04 3.363480e-01
437 6.630800e-01 4.760000e-04 3.364440e-01
438 6.630120e-01 4.560000e-04 3.365320e-01
439 6.629320e-01 4.160000e-04 3.366520e-01
440 6.628360e-01 4.520000e-04 3.367120e-01
441 6.627360e-01 4.760000e-04 3.367880e-01
442 6.626040e-01 5.280000e-04 3.368680e-01
443 6.624520e-01 6.000000e-04 3.369480e-01
444 6.623000e-01 6.480000e-04 3.370520e-01
445 6.621600e-01 6.280000e-04 3.372120e-01
446 6.620160e-01 7.040000e-04 3.372800e-01
447 6.618560e-01 7.440000e-04 3.374000e-01
448 6.616920e-01 7.960000e-04 3.375120e-01
449 6.615000e-01 8.680000e-04 3.376320e-01
450 6.613720e-01 8.400000e-04 3.377880e-01
451 6.611920e-01 8.600000e-04 3.379480e-01
452 6.609960e-01 9.080000e-04 3.380960e-01
453 6.608400e-01 9.120000e-04 3.382480e-01
454 6.606360e-01 9.440000e-04 3.384200e-01
455 6.604840e-01 9.760000e-04 3.385400e-01
456 6.603240e-01 9.600000e-04 3.387160e-01
457 6.601280e-01 9.760000e-04 3.388960e-01
458 6.599600e-01 9.640000e-04 3.390760e-01
459 6.598040e-01 9.520000e-04 3.392440e-01
460 6.596280e-01 9.800000e-04 3.393920e-01
461 6.594480e-01 1.004000e-03 3.395480e-01
462 6.592920e-01 9.640000e-04 3.397440e-01
463 6.591400e-01 9.000000e-04 3.399600e-01
464 6.590040e-01 8.680000e-04 3.401280e-01
465 6.588640e-01 8.720000e-04 3.402640e-01
466 6.587280e-01 8.720000e-04 3.404000e-01
467 6.585840e-01 8.680000e-04 3.405480e-01
468 6.584240e-01 8.680000e-04 3.407080e-01
469 6.582800e-01 8.920000e-04 3.408280e-01
470 6.581040e-01 9.200000e-04 3.409760e-01
471 6.579520e-01 9.120000e-04 3.411360e-01
472 6.577640e-01 9.280000e-04 3.413080e-01
473 6.575920e-01 9.440000e-04 3.414640e-01
474 6.574480e-01 9.600000e-04 3.415920e-01
475 6.573520e-01 8.960000e-04 3.417520e-01
476 6.571880e-01 9.240000e-04 3.418880e-01
477 6.570240e-01 9.360000e-04 3.420400e-01
478 6.568920e-01 8.880000e-04 3.422200e-01
479 6.567400e-01 8.720000e-04 3.423880e-01
480 6.566080e-01 8.800000e-04 3.425120e-01
481 6.565240e-01 7.520000e-04 3.427240e-01
482 6.563680e-01 7.640000e-04 3.428680e-01
483 6.562640e-01 7.400000e-04 3.429960e-01
484 6.561440e-01 7.200000e-04 3.431360e-01
485 6.560400e-01 6.760000e-04 3.432840e-01
486 6.559720e-01 6.080000e-04 3.434200e-01
487 6.558720e-01 5.760000e-04 3.435520e-01
488 6.557440e-01 6.000000e-04 3.436560e-01
489 6.556520e-01 5.960000e-04 3.437520e-01
490 6.555520e-01 6.160000e-04 3.438320e-01
491 6.554560e-01 5.680000e-04 3.439760e-01
492 6.553960e-01 5.120000e-04 3.440920e-01
493 6.552960e-01 5.360000e-04 3.441680e-01
494 6.552320e-01 5.000000e-04 3.442680e-01
495 6.551440e-01 5.120000e-04 3.443440e-01
496 6.550720e-01 5.000000e-04 3.444280e-01
497 6.550000e-01 5.120000e-04 3.444880e-01
498 6.549360e-01 4.760000e-04 3.445880e-01
499 6.548680e-01 4.880000e-04 3.446440e-01
500 6.548440e-01 4.360000e-04 3.447200e-01
