1 9.992200e-01 7.120000e-04 6.800000e-05
2 9.986880e-01 1.104000e-03 2.080000e-04
3 9.979240e-01 1.680000e-03 3.960000e-04
4 9.972040e-01 2.028000e-03 7.680000e-04
5 9.963080e-01 2.592000e-03 1.100000e-03
6 9.953440e-01 3.036000e-03 1.620000e-03
7 9.942840e-01 3.484000e-03 2.232000e-03
8 9.933080e-01 3.720000e-03 2.972000e-03
9 9.922360e-01 4.184000e-03 3.580000e-03
10 9.911720e-01 4.540000e-03 4.288000e-03
11 9.899320e-01 4.956000e-03 5.112000e-03
12 9.886320e-01 5.428000e-03 5.940000e-03
13 9.872440e-01 5.848000e-03 6.908000e-03
14 9.858920e-01 6.176000e-03 7.932000e-03
15 9.845600e-01 6.416000e-03 9.024000e-03
16 9.831240e-01 6.680000e-03 1.019600e-02
17 9.817560e-01 6.748000e-03 1.149600e-02
18 9.803120e-01 7.008000e-03 1.268000e-02
19 9.788480e-01 7.172000e-03 1.398000e-02
20 9.772600e-01 7.500000e-03 1.524000e-02
21 9.754720e-01 7.992000e-03 1.653600e-02
22 9.738400e-01 8.256000e-03 1.790400e-02
23 9.720000e-01 8.504000e-03 1.949600e-02
24 9.703920e-01 8.600000e-03 2.100800e-02
25 9.686640e-01 8.848000e-03 2.248800e-02
26 9.671040e-01 8.792000e-03 2.410400e-02
27 9.654120e-01 8.944000e-03 2.564400e-02
28 9.637560e-01 9.152000e-03 2.709200e-02
29 9.621360e-01 9.176000e-03 2.868800e-02
30 9.603160e-01 9.412000e-03 3.027200e-02
31 9.585680e-01 9.368000e-03 3.206400e-02
32 9.568760e-01 9.444000e-03 3.368000e-02
33 9.551920e-01 9.484000e-03 3.532400e-02
34 9.535880e-01 9.456000e-03 3.695600e-02
35 9.518200e-01 9.708000e-03 3.847200e-02
36 9.501440e-01 9.784000e-03 4.007200e-02
37 9.483560e-01 9.732000e-03 4.191200e-02
38 9.466480e-01 9.688000e-03 4.366400e-02
39 9.449000e-01 9.620000e-03 4.548000e-02
40 9.430640e-01 9.784000e-03 4.715200e-02
41 9.412600e-01 9.944000e-03 4.879600e-02
42 9.395920e-01 9.800000e-03 5.060800e-02
43 9.379200e-01 9.700000e-03 5.238000e-02
44 9.362480e-01 9.776000e-03 5.397600e-02
45 9.346160e-01 9.480000e-03 5.590400e-02
46 9.328680e-01 9.604000e-03 5.752800e-02
47 9.313880e-01 9.408000e-03 5.920400e-02
48 9.297000e-01 9.452000e-03 6.084800e-02
49 9.280080e-01 9.272000e-03 6.272000e-02
50 9.264800e-01 9.096000e-03 6.442400e-02
51 9.249680e-01 9.080000e-03 6.595200e-02
52 9.234640e-01 9.044000e-03 6.749200e-02
53 9.218840e-01 9.088000e-03 6.902800e-02
54 9.204080e-01 9.028000e-03 7.056400e-02
55 9.189320e-01 8.944000e-03 7.212400e-02
56 9.174320e-01 8.820000e-03 7.374800e-02
57 9.158880e-01 8.836000e-03 7.527600e-02
58 9.143200e-01 8.912000e-03 7.676800e-02
59 9.126200e-01 9.196000e-03 7.818400e-02
60 9.110400e-01 9.156000e-03 7.980400e-02
61 9.093680e-01 9.280000e-03 8.135200e-02
62 9.078520e-01 9.060000e-03 8.308800e-02
63 9.063280e-01 8.920000e-03 8.475200e-02
64 9.047760e-01 8.912000e-03 8.631200e-02
65 9.031360e-01 8.984000e-03 8.788000e-02
66 9.015680e-01 8.996000e-03 8.943600e-02
67 9.000280e-01 9.052000e-03 9.092000e-02
68 8.984080e-01 9.100000e-03 9.249200e-02
69 8.967400e-01 9.156000e-03 9.410400e-02
70 8.952240e-01 9.160000e-03 9.561600e-02
71 8.935320e-01 9.204000e-03 9.726400e-02
72 8.919520e-01 9.180000e-03 9.886800e-02
73 8.904240e-01 9.160000e-03 1.004160e-01
74 8.888040e-01 9.328000e-03 1.018680e-01
75 8.873120e-01 9.108000e-03 1.035800e-01
76 8.859120e-01 8.920000e-03 1.051680e-01
77 8.844480e-01 8.872000e-03 1.066800e-01
78 8.830160e-01 8.824000e-03 1.081600e-01
79 8.813560e-01 9.000000e-03 1.096440e-01
80 8.797960e-01 8.984000e-03 1.112200e-01
81 8.783000e-01 8.960000e-03 1.127400e-01
82 8.766680e-01 9.136000e-03 1.141960e-01
83 8.750320e-01 9.072000e-03 1.158960e-01
84 8.734000e-01 9.168000e-03 1.174320e-01
85 8.717280e-01 9.380000e-03 1.188920e-01
86 8.701600e-01 9.268000e-03 1.205720e-01
87 8.682720e-01 9.404000e-03 1.223240e-01
88 8.666160e-01 9.420000e-03 1.239640e-01
89 8.648440e-01 9.660000e-03 1.254960e-01
90 8.632160e-01 9.728000e-03 1.270560e-01
91 8.615520e-01 9.720000e-03 1.287280e-01
92 8.599640e-01 9.664000e-03 1.303720e-01
93 8.584240e-01 9.456000e-03 1.321200e-01
94 8.568000e-01 9.532000e-03 1.336680e-01
95 8.552400e-01 9.548000e-03 1.352120e-01
96 8.536920e-01 9.352000e-03 1.369560e-01
97 8.521800e-01 9.304000e-03 1.385160e-01
98 8.508440e-01 8.944000e-03 1.402120e-01
99 8.492840e-01 8.836000e-03 1.418800e-01
100 8.478800e-01 8.608000e-03 1.435120e-01
101 8.465880e-01 8.460000e-03 1.449520e-01
102 8.453400e-01 8.232000e-03 1.464280e-01
103 8.439840e-01 8.268000e-03 1.477480e-01
104 8.425160e-01 8.364000e-03 1.491200e-01
105 8.411040e-01 8.312000e-03 1.505840e-01
106 8.396560e-01 8.296000e-03 1.520480e-01
107 8.383440e-01 8.200000e-03 1.534560e-01
108 8.369600e-01 8.184000e-03 1.548560e-01
109 8.354800e-01 8.248000e-03 1.562720e-01
110 8.340720e-01 8.204000e-03 1.577240e-01
111 8.324960e-01 8.328000e-03 1.591760e-01
112 8.310920e-01 8.276000e-03 1.606320e-01
113 8.297560e-01 8.212000e-03 1.620320e-01
114 8.283880e-01 8.136000e-03 1.634760e-01
115 8.270040e-01 8.076000e-03 1.649200e-01
116 8.257280e-01 7.828000e-03 1.664440e-01
117 8.245120e-01 7.700000e-03 1.677880e-01
118 8.232000e-01 7.664000e-03 1.691360e-01
119 8.220920e-01 7.524000e-03 1.703840e-01
120 8.208200e-01 7.468000e-03 1.717120e-01
121 8.196080e-01 7.248000e-03 1.731440e-01
122 8.183240e-01 7.196000e-03 1.744800e-01
123 8.171040e-01 7.004000e-03 1.758920e-01
124 8.159240e-01 6.948000e-03 1.771280e-01
125 8.145680e-01 7.040000e-03 1.783920e-01
126 8.133440e-01 7.004000e-03 1.796520e-01
127 8.120920e-01 7.076000e-03 1.808320e-01
128 8.107840e-01 7.168000e-03 1.820480e-01
129 8.093880e-01 7.412000e-03 1.832000e-01
130 8.080280e-01 7.348000e-03 1.846240e-01
131 8.067720e-01 7.192000e-03 1.860360e-01
132 8.054760e-01 7.380000e-03 1.871440e-01
133 8.043400e-01 7.248000e-03 1.884120e-01
134 8.031240e-01 7.312000e-03 1.895640e-01
135 8.016760e-01 7.532000e-03 1.907920e-01
136 8.003280e-01 7.644000e-03 1.920280e-01
137 7.989640e-01 7.556000e-03 1.934800e-01
138 7.976680e-01 7.572000e-03 1.947600e-01
139 7.964720e-01 7.360000e-03 1.961680e-01
140 7.951440e-01 7.316000e-03 1.975400e-01
141 7.939680e-01 7.232000e-03 1.988000e-01
142 7.927760e-01 7.244000e-03 1.999800e-01
143 7.914680e-01 7.248000e-03 2.012840e-01
144 7.902720e-01 7.076000e-03 2.026520e-01
145 7.889960e-01 7.152000e-03 2.038520e-01
146 7.876960e-01 7.208000e-03 2.050960e-01
147 7.865120e-01 7.148000e-03 2.063400e-01
148 7.852400e-01 7.184000e-03 2.075760e-01
149 7.839960e-01 7.160000e-03 2.088440e-01
150 7.827480e-01 7.180000e-03 2.100720e-01
151 7.815480e-01 7.124000e-03 2.113280e-01
152 7.802640e-01 7.192000e-03 2.125440e-01
153 7.789640e-01 7.220000e-03 2.138160e-01
154 7.777440e-01 7.208000e-03 2.150480e-01
155 7.765560e-01 7.128000e-03 2.163160e-01
156 7.751880e-01 7.108000e-03 2.177040e-01
157 7.737920e-01 7.196000e-03 2.190120e-01
158 7.725320e-01 7.296000e-03 2.201720e-01
159 7.713440e-01 7.132000e-03 2.215240e-01
160 7.700920e-01 7.232000e-03 2.226760e-01
161 7.687880e-01 7.336000e-03 2.238760e-01
162 7.675840e-01 7.276000e-03 2.251400e-01
163 7.664240e-01 7.204000e-03 2.263720e-01
164 7.652640e-01 7.108000e-03 2.276280e-01
165 7.641120e-01 7.060000e-03 2.288280e-01
166 7.628320e-01 7.108000e-03 2.300600e-01
167 7.615920e-01 7.156000e-03 2.312520e-01
168 7.601920e-01 7.240000e-03 2.325680e-01
169 7.588920e-01 7.192000e-03 2.339160e-01
170 7.577480e-01 7.084000e-03 2.351680e-01
171 7.566560e-01 6.820000e-03 2.365240e-01
172 7.555000e-01 6.776000e-03 2.377240e-01
173 7.544160e-01 6.648000e-03 2.389360e-01
174 7.534560e-01 6.396000e-03 2.401480e-01
175 7.524760e-01 6.276000e-03 2.412480e-01
176 7.515320e-01 6.136000e-03 2.423320e-01
177 7.504320e-01 6.032000e-03 2.435360e-01
178 7.494320e-01 5.952000e-03 2.446160e-01
179 7.483720e-01 5.960000e-03 2.456680e-01
180 7.474320e-01 5.800000e-03 2.467680e-01
181 7.465600e-01 5.656000e-03 2.477840e-01
182 7.455120e-01 5.756000e-03 2.487320e-01
183 7.445240e-01 5.656000e-03 2.498200e-01
184 7.436400e-01 5.540000e-03 2.508200e-01
185 7.427280e-01 5.416000e-03 2.518560e-01
186 7.417600e-01 5.412000e-03 2.528280e-01
187 7.408160e-01 5.312000e-03 2.538720e-01
188 7.400320e-01 5.100000e-03 2.548680e-01
189 7.391080e-01 5.136000e-03 2.557560e-01
190 7.383880e-01 4.976000e-03 2.566360e-01
191 7.376160e-01 4.844000e-03 2.575400e-01
192 7.367760e-01 4.836000e-03 2.583880e-01
193 7.359680e-01 4.852000e-03 2.591800e-01
194 7.351800e-01 4.676000e-03 2.601440e-01
195 7.343160e-01 4.748000e-03 2.609360e-01
196 7.334720e-01 4.808000e-03 2.617200e-01
197 7.327400e-01 4.744000e-03 2.625160e-01
198 7.319960e-01 4.664000e-03 2.633400e-01
199 7.311200e-01 4.672000e-03 2.642080e-01
200 7.303360e-01 4.632000e-03 2.650320e-01
201 7.295280e-01 4.624000e-03 2.658480e-01
202 7.287680e-01 4.556000e-03 2.666760e-01
203 7.279800e-01 4.544000e-03 2.674760e-01
204 7.272120e-01 4.488000e-03 2.683000e-01
205 7.265800e-01 4.320000e-03 2.691000e-01
206 7.259120e-01 4.228000e-03 2.698600e-01
207 7.252880e-01 4.148000e-03 2.705640e-01
208 7.246080e-01 4.096000e-03 2.712960e-01
209 7.239880e-01 4.068000e-03 2.719440e-01
210 7.232680e-01 3.916000e-03 2.728160e-01
211 7.225720e-01 3.880000e-03 2.735480e-01
212 7.218640e-01 3.840000e-03 2.742960e-01
213 7.211680e-01 3.792000e-03 2.750400e-01
214 7.204480e-01 3.876000e-03 2.756760e-01
215 7.197320e-01 3.904000e-03 2.763640e-01
216 7.189760e-01 3.996000e-03 2.770280e-01
217 7.182480e-01 3.992000e-03 2.777600e-01
218 7.175280e-01 3.964000e-03 2.785080e-01
219 7.169160e-01 3.848000e-03 2.792360e-01
220 7.162280e-01 3.852000e-03 2.799200e-01
221 7.155000e-01 3.824000e-03 2.806760e-01
222 7.148640e-01 3.812000e-03 2.813240e-01
223 7.142720e-01 3.760000e-03 2.819680e-01
224 7.136840e-01 3.656000e-03 2.826600e-01
225 7.130760e-01 3.652000e-03 2.832720e-01
226 7.124720e-01 3.676000e-03 2.838520e-01
227 7.118080e-01 3.712000e-03 2.844800e-01
228 7.111520e-01 3.728000e-03 2.851200e-01
229 7.105640e-01 3.668000e-03 2.857680e-01
230 7.098640e-01 3.716000e-03 2.864200e-01
231 7.092720e-01 3.648000e-03 2.870800e-01
232 7.087480e-01 3.512000e-03 2.877400e-01
233 7.081400e-01 3.536000e-03 2.883240e-01
234 7.076040e-01 3.500000e-03 2.888960e-01
235 7.070080e-01 3.512000e-03 2.894800e-01
236 7.064440e-01 3.528000e-03 2.900280e-01
237 7.058160e-01 3.468000e-03 2.907160e-01
238 7.052280e-01 3.488000e-03 2.912840e-01
239 7.045840e-01 3.552000e-03 2.918640e-01
240 7.039360e-01 3.508000e-03 2.925560e-01
241 7.033800e-01 3.480000e-03 2.931400e-01
242 7.027680e-01 3.528000e-03 2.937040e-01
243 7.021920e-01 3.468000e-03 2.943400e-01
244 7.016520e-01 3.376000e-03 2.949720e-01
245 7.011040e-01 3.280000e-03 2.956160e-01
246 7.005960e-01 3.280000e-03 2.961240e-01
247 7.001760e-01 3.088000e-03 2.967360e-01
248 6.996960e-01 3.084000e-03 2.972200e-01
249 6.992600e-01 2.972000e-03 2.977680e-01
250 6.987600e-01 2.972000e-03 2.982680e-01
251 6.983000e-01 2.916000e-03 2.987840e-01
252 6.978480e-01 2.864000e-03 2.992880e-01
253 6.973680e-01 2.788000e-03 2.998440e-01
254 6.969280e-01 2.740000e-03 3.003320e-01
255 6.964440e-01 2.764000e-03 3.007920e-01
256 6.959600e-01 2.780000e-03 3.012600e-01
257 6.955880e-01 2.632000e-03 3.017800e-01
258 6.952560e-01 2.536000e-03 3.022080e-01
259 6.947960e-01 2.616000e-03 3.025880e-01
260 6.943360e-01 2.624000e-03 3.030400e-01
261 6.938160e-01 2.688000e-03 3.034960e-01
262 6.933440e-01 2.680000e-03 3.039760e-01
263 6.928160e-01 2.668000e-03 3.045160e-01
264 6.923600e-01 2.652000e-03 3.049880e-01
265 6.918680e-01 2.740000e-03 3.053920e-01
266 6.914280e-01 2.724000e-03 3.058480e-01
267 6.909640e-01 2.668000e-03 3.063680e-01
268 6.905120e-01 2.620000e-03 3.068680e-01
269 6.900640e-01 2.672000e-03 3.072640e-01
270 6.896200e-01 2.648000e-03 3.077320e-01
271 6.891880e-01 2.544000e-03 3.082680e-01
272 6.887600e-01 2.496000e-03 3.087440e-01
273 6.883600e-01 2.512000e-03 3.091280e-01
274 6.878760e-01 2.536000e-03 3.095880e-01
275 6.873520e-01 2.596000e-03 3.100520e-01
276 6.869320e-01 2.608000e-03 3.104600e-01
277 6.865240e-01 2.564000e-03 3.109120e-01
278 6.860680e-01 2.608000e-03 3.113240e-01
279 6.856560e-01 2.596000e-03 3.117480e-01
280 6.852360e-01 2.520000e-03 3.122440e-01
281 6.848840e-01 2.344000e-03 3.127720e-01
282 6.845280e-01 2.312000e-03 3.131600e-01
283 6.842280e-01 2.148000e-03 3.136240e-01
284 6.839000e-01 2.152000e-03 3.139480e-01
285 6.836120e-01 2.100000e-03 3.142880e-01
286 6.832040e-01 2.136000e-03 3.146600e-01
287 6.827960e-01 2.120000e-03 3.150840e-01
288 6.823720e-01 2.180000e-03 3.154480e-01
289 6.819480e-01 2.240000e-03 3.158120e-01
290 6.815480e-01 2.224000e-03 3.162280e-01
291 6.811760e-01 2.228000e-03 3.165960e-01
292 6.808200e-01 2.236000e-03 3.169440e-01
293 6.803880e-01 2.244000e-03 3.173680e-01
294 6.800520e-01 2.200000e-03 3.177480e-01
295 6.796640e-01 2.200000e-03 3.181360e-01
296 6.791600e-01 2.296000e-03 3.185440e-01
297 6.787240e-01 2.332000e-03 3.189440e-01
298 6.783240e-01 2.280000e-03 3.193960e-01
299 6.779080e-01 2.308000e-03 3.197840e-01
300 6.775600e-01 2.304000e-03 3.201360e-01
301 6.771320e-01 2.400000e-03 3.204680e-01
302 6.766560e-01 2.512000e-03 3.208320e-01
303 6.762720e-01 2.420000e-03 3.213080e-01
304 6.759080e-01 2.376000e-03 3.217160e-01
305 6.755360e-01 2.296000e-03 3.221680e-01
306 6.752000e-01 2.188000e-03 3.226120e-01
307 6.749760e-01 1.980000e-03 3.230440e-01
308 6.748240e-01 1.796000e-03 3.233800e-01
309 6.745320e-01 1.860000e-03 3.236080e-01
310 6.742360e-01 1.868000e-03 3.238960e-01
311 6.739800e-01 1.772000e-03 3.242480e-01
312 6.737600e-01 1.656000e-03 3.245840e-01
313 6.735880e-01 1.564000e-03 3.248480e-01
314 6.733760e-01 1.540000e-03 3.250840e-01
315 6.731560e-01 1.464000e-03 3.253800e-01
316 6.729240e-01 1.444000e-03 3.256320e-01
317 6.727080e-01 1.420000e-03 3.258720e-01
318 6.725080e-01 1.440000e-03 3.260520e-01
319 6.723440e-01 1.368000e-03 3.262880e-01
320 6.721280e-01 1.340000e-03 3.265320e-01
321 6.718640e-01 1.368000e-03 3.267680e-01
322 6.716800e-01 1.292000e-03 3.270280e-01
323 6.714480e-01 1.276000e-03 3.272760e-01
324 6.712200e-01 1.332000e-03 3.274480e-01
325 6.710280e-01 1.288000e-03 3.276840e-01
326 6.708520e-01 1.228000e-03 3.279200e-01
327 6.706400e-01 1.232000e-03 3.281280e-01
328 6.704360e-01 1.196000e-03 3.283680e-01
329 6.702360e-01 1.196000e-03 3.285680e-01
330 6.700240e-01 1.192000e-03 3.287840e-01
331 6.698680e-01 1.180000e-03 3.289520e-01
332 6.697160e-01 1.136000e-03 3.291480e-01
333 6.695800e-01 1.080000e-03 3.293400e-01
334 6.694400e-01 1.004000e-03 3.295560e-01
335 6.693120e-01 9.800000e-04 3.297080e-01
336 6.691840e-01 9.680000e-04 3.298480e-01
337 6.690800e-01 8.720000e-04 3.300480e-01
338 6.689080e-01 8.680000e-04 3.302240e-01
339 6.687960e-01 8.600000e-04 3.303440e-01
340 6.686640e-01 8.560000e-04 3.304800e-01
341 6.685480e-01 7.840000e-04 3.306680e-01
342 6.684160e-01 7.920000e-04 3.307920e-01
343 6.682560e-01 8.240000e-04 3.309200e-01
344 6.681240e-01 8.080000e-04 3.310680e-01
345 6.679800e-01 8.400000e-04 3.311800e-01
346 6.678880e-01 7.720000e-04 3.313400e-01
347 6.677720e-01 7.360000e-04 3.314920e-01
348 6.676360e-01 7.200000e-04 3.316440e-01
349 6.674760e-01 7.360000e-04 3.317880e-01
350 6.673520e-01 7.440000e-04 3.319040e-01
351 6.671920e-01 8.080000e-04 3.320000e-01
352 6.670160e-01 8.360000e-04 3.321480e-01
353 6.668600e-01 8.560000e-04 3.322840e-01
354 6.667240e-01 8.680000e-04 3.324080e-01
355 6.665360e-01 8.880000e-04 3.325760e-01
356 6.663760e-01 8.960000e-04 3.327280e-01
357 6.661720e-01 9.520000e-04 3.328760e-01
358 6.660240e-01 9.480000e-04 3.330280e-01
359 6.658240e-01 1.012000e-03 3.331640e-01
360 6.656680e-01 1.032000e-03 3.333000e-01
361 6.655200e-01 9.840000e-04 3.334960e-01
362 6.653840e-01 9.080000e-04 3.337080e-01
363 6.652800e-01 8.520000e-04 3.338680e-01
364 6.651240e-01 8.640000e-04 3.340120e-01
365 6.649560e-01 8.680000e-04 3.341760e-01
366 6.647760e-01 8.840000e-04 3.343400e-01
367 6.646520e-01 8.680000e-04 3.344800e-01
368 6.644840e-01 8.640000e-04 3.346520e-01
369 6.643120e-01 8.920000e-04 3.347960e-01
370 6.641840e-01 8.600000e-04 3.349560e-01
371 6.640600e-01 8.040000e-04 3.351360e-01
372 6.639080e-01 8.080000e-04 3.352840e-01
373 6.638080e-01 7.840000e-04 3.354080e-01
374 6.636280e-01 7.960000e-04 3.355760e-01
375 6.635040e-01 7.880000e-04 3.357080e-01
376 6.633480e-01 8.400000e-04 3.358120e-01
377 6.632080e-01 8.640000e-04 3.359280e-01
378 6.630200e-01 8.960000e-04 3.360840e-01
379 6.629040e-01 8.400000e-04 3.362560e-01
380 6.627520e-01 8.280000e-04 3.364200e-01
381 6.625920e-01 8.400000e-04 3.365680e-01
382 6.624240e-01 8.800000e-04 3.366960e-01
383 6.622600e-01 8.560000e-04 3.368840e-01
384 6.621480e-01 8.400000e-04 3.370120e-01
385 6.620120e-01 8.400000e-04 3.371480e-01
386 6.618760e-01 8.240000e-04 3.373000e-01
387 6.617840e-01 7.880000e-04 3.374280e-01
388 6.616520e-01 7.800000e-04 3.375680e-01
389 6.615400e-01 7.720000e-04 3.376880e-01
390 6.614080e-01 7.800000e-04 3.378120e-01
391 6.613040e-01 7.680000e-04 3.379280e-01
392 6.612080e-01 7.400000e-04 3.380520e-01
393 6.610880e-01 7.520000e-04 3.381600e-01
394 6.609560e-01 7.800000e-04 3.382640e-01
395 6.608280e-01 7.720000e-04 3.384000e-01
396 6.607200e-01 7.360000e-04 3.385440e-01
397 6.605760e-01 7.520000e-04 3.386720e-01
398 6.603880e-01 8.040000e-04 3.388080e-01
399 6.602160e-01 8.080000e-04 3.389760e-01
400 6.600960e-01 7.960000e-04 3.391080e-01
401 6.599120e-01 8.000000e-04 3.392880e-01
402 6.597360e-01 8.320000e-04 3.394320e-01
403 6.596000e-01 8.000000e-04 3.396000e-01
404 6.594760e-01 7.720000e-04 3.397520e-01
405 6.593320e-01 8.240000e-04 3.398440e-01
406 6.591920e-01 8.000000e-04 3.400080e-01
407 6.590960e-01 7.280000e-04 3.401760e-01
408 6.589640e-01 7.160000e-04 3.403200e-01
409 6.588640e-01 6.600000e-04 3.404760e-01
410 6.587640e-01 6.440000e-04 3.405920e-01
411 6.586480e-01 6.120000e-04 3.407400e-01
412 6.585360e-01 5.960000e-04 3.408680e-01
413 6.584320e-01 6.080000e-04 3.409600e-01
414 6.583480e-01 6.200000e-04 3.410320e-01
415 6.582240e-01 6.000000e-04 3.411760e-01
416 6.581480e-01 5.800000e-04 3.412720e-01
417 6.580680e-01 5.600000e-04 3.413720e-01
418 6.579840e-01 5.560000e-04 3.414600e-01
419 6.578560e-01 5.560000e-04 3.415880e-01
420 6.577280e-01 5.560000e-04 3.417160e-01
421 6.576320e-01 5.560000e-04 3.418120e-01
422 6.575480e-01 5.520000e-04 3.419000e-01
423 6.574280e-01 5.760000e-04 3.419960e-01
424 6.573680e-01 5.520000e-04 3.420800e-01
425 6.573160e-01 4.640000e-04 3.422200e-01
426 6.572840e-01 4.120000e-04 3.423040e-01
427 6.572160e-01 3.840000e-04 3.424000e-01
428 6.571920e-01 3.560000e-04 3.424520e-01
429 6.571520e-01 3.240000e-04 3.425240e-01
430 6.571280e-01 2.960000e-04 3.425760e-01
431 6.571040e-01 2.880000e-04 3.426080e-01
432 6.570640e-01 3.000000e-04 3.426360e-01
433 6.570120e-01 3.120000e-04 3.426760e-01
434 6.569840e-01 2.960000e-04 3.427200e-01
435 6.569520e-01 2.840000e-04 3.427640e-01
436 6.568920e-01 2.920000e-04 3.428160e-01
437 6.568640e-01 2.600000e-04 3.428760e-01
438 6.568040e-01 2.800000e-04 3.429160e-01
439 6.567520e-01 2.480000e-04 3.430000e-01
440 6.566840e-01 2.840000e-04 3.430320e-01
441 6.566240e-01 2.720000e-04 3.431040e-01
442 6.565800e-01 2.840000e-04 3.431360e-01
443 6.564920e-01 3.160000e-04 3.431920e-01
444 6.564160e-01 3.320000e-04 3.432520e-01
445 6.563560e-01 3.400000e-04 3.433040e-01
446 6.562880e-01 3.200000e-04 3.433920e-01
447 6.562120e-01 3.480000e-04 3.434400e-01
448 6.561480e-01 3.360000e-04 3.435160e-01
449 6.560800e-01 3.440000e-04 3.435760e-01
450 6.560280e-01 3.320000e-04 3.436400e-01
451 6.559720e-01 3.160000e-04 3.437120e-01
452 6.559200e-01 3.040000e-04 3.437760e-01
453 6.558560e-01 3.200000e-04 3.438240e-01
454 6.558120e-01 2.960000e-04 3.438920e-01
455 6.557440e-01 3.160000e-04 3.439400e-01
456 6.556840e-01 3.200000e-04 3.439960e-01
457 6.556200e-01 2.960000e-04 3.440840e-01
458 6.555520e-01 3.040000e-04 3.441440e-01
459 6.555080e-01 2.920000e-04 3.442000e-01
460 6.554560e-01 3.160000e-04 3.442280e-01
461 6.553840e-01 3.600000e-04 3.442560e-01
462 6.553240e-01 3.680000e-04 3.443080e-01
463 6.552480e-01 3.640000e-04 3.443880e-01
464 6.551600e-01 3.720000e-04 3.444680e-01
465 6.550800e-01 4.000000e-04 3.445200e-01
466 6.550120e-01 4.040000e-04 3.445840e-01
467 6.549040e-01 4.480000e-04 3.446480e-01
468 6.547480e-01 5.360000e-04 3.447160e-01
469 6.546080e-01 5.520000e-04 3.448400e-01
470 6.544840e-01 5.520000e-04 3.449640e-01
471 6.543720e-01 5.760000e-04 3.450520e-01
472 6.543000e-01 5.760000e-04 3.451240e-01
473 6.542040e-01 5.800000e-04 3.452160e-01
474 6.540640e-01 5.760000e-04 3.453600e-01
475 6.539560e-01 6.040000e-04 3.454400e-01
476 6.538920e-01 5.240000e-04 3.455840e-01
477 6.537640e-01 5.480000e-04 3.456880e-01
478 6.536560e-01 5.720000e-04 3.457720e-01
479 6.535360e-01 5.680000e-04 3.458960e-01
480 6.534240e-01 5.640000e-04 3.460120e-01
481 6.532840e-01 6.040000e-04 3.461120e-01
482 6.531520e-01 6.360000e-04 3.462120e-01
483 6.530480e-01 6.440000e-04 3.463080e-01
484 6.529320e-01 6.760000e-04 3.463920e-01
485 6.528240e-01 6.840000e-04 3.464920e-01
486 6.527400e-01 6.200000e-04 3.466400e-01
487 6.526640e-01 5.800000e-04 3.467560e-01
488 6.525600e-01 5.760000e-04 3.468640e-01
489 6.524560e-01 5.720000e-04 3.469720e-01
490 6.523600e-01 5.680000e-04 3.470720e-01
491 6.522840e-01 5.400000e-04 3.471760e-01
492 6.521880e-01 5.520000e-04 3.472600e-01
493 6.521080e-01 5.440000e-04 3.473480e-01
494 6.520360e-01 4.800000e-04 3.474840e-01
495 6.519520e-01 4.880000e-04 3.475600e-01
496 6.518440e-01 4.880000e-04 3.476680e-01
497 6.517640e-01 4.920000e-04 3.477440e-01
498 6.516800e-01 5.240000e-04 3.477960e-01
499 6.516000e-01 4.960000e-04 3.479040e-01
500 6.515200e-01 4.960000e-04 3.479840e-01
