1 9.991840e-01 7.000000e-04 1.160000e-04
2 9.987360e-01 9.680000e-04 2.960000e-04
3 9.981880e-01 1.280000e-03 5.320000e-04
4 9.975800e-01 1.632000e-03 7.880000e-04
5 9.968640e-01 1.980000e-03 1.156000e-03
6 9.961320e-01 2.328000e-03 1.540000e-03
7 9.953520e-01 2.608000e-03 2.040000e-03
8 9.945040e-01 2.964000e-03 2.532000e-03
9 9.936720e-01 3.276000e-03 3.052000e-03
10 9.927440e-01 3.624000e-03 3.632000e-03
11 9.919120e-01 3.752000e-03 4.336000e-03
12 9.908760e-01 4.100000e-03 5.024000e-03
13 9.899240e-01 4.300000e-03 5.776000e-03
14 9.887720e-01 4.652000e-03 6.576000e-03
15 9.877440e-01 4.860000e-03 7.396000e-03
16 9.865560e-01 5.232000e-03 8.212000e-03
17 9.853000e-01 5.568000e-03 9.132000e-03
18 9.840840e-01 5.796000e-03 1.012000e-02
19 9.828320e-01 5.924000e-03 1.124400e-02
20 9.814480e-01 6.328000e-03 1.222400e-02
21 9.802080e-01 6.536000e-03 1.325600e-02
22 9.789720e-01 6.504000e-03 1.452400e-02
23 9.777160e-01 6.652000e-03 1.563200e-02
24 9.764520e-01 6.796000e-03 1.675200e-02
25 9.750800e-01 6.996000e-03 1.792400e-02
26 9.739080e-01 6.944000e-03 1.914800e-02
27 9.725000e-01 7.164000e-03 2.033600e-02
28 9.712320e-01 7.164000e-03 2.160400e-02
29 9.697960e-01 7.396000e-03 2.280800e-02
30 9.682600e-01 7.644000e-03 2.409600e-02
31 9.668440e-01 7.764000e-03 2.539200e-02
32 9.655000e-01 7.636000e-03 2.686400e-02
33 9.640440e-01 7.848000e-03 2.810800e-02
34 9.626080e-01 8.008000e-03 2.938400e-02
35 9.612040e-01 7.992000e-03 3.080400e-02
36 9.598040e-01 8.152000e-03 3.204400e-02
37 9.583040e-01 8.200000e-03 3.349600e-02
38 9.568040e-01 8.384000e-03 3.481200e-02
39 9.553520e-01 8.392000e-03 3.625600e-02
40 9.539400e-01 8.272000e-03 3.778800e-02
41 9.523240e-01 8.388000e-03 3.928800e-02
42 9.508000e-01 8.432000e-03 4.076800e-02
43 9.493120e-01 8.440000e-03 4.224800e-02
44 9.477680e-01 8.548000e-03 4.368400e-02
45 9.462440e-01 8.612000e-03 4.514400e-02
46 9.445520e-01 8.792000e-03 4.665600e-02
47 9.431440e-01 8.612000e-03 4.824400e-02
48 9.414280e-01 8.872000e-03 4.970000e-02
49 9.398800e-01 8.848000e-03 5.127200e-02
50 9.383960e-01 8.816000e-03 5.278800e-02
51 9.369640e-01 8.780000e-03 5.425600e-02
52 9.353120e-01 8.820000e-03 5.586800e-02
53 9.337200e-01 8.928000e-03 5.735200e-02
54 9.320920e-01 9.036000e-03 5.887200e-02
55 9.305080e-01 9.188000e-03 6.030400e-02
56 9.289000e-01 9.232000e-03 6.186800e-02
57 9.273760e-01 9.148000e-03 6.347600e-02
58 9.258600e-01 9.084000e-03 6.505600e-02
59 9.243640e-01 9.088000e-03 6.654800e-02
60 9.228280e-01 9.044000e-03 6.812800e-02
61 9.213840e-01 8.956000e-03 6.966000e-02
62 9.198600e-01 9.036000e-03 7.110400e-02
63 9.184240e-01 8.880000e-03 7.269600e-02
64 9.169840e-01 8.672000e-03 7.434400e-02
65 9.155000e-01 8.652000e-03 7.584800e-02
66 9.140720e-01 8.464000e-03 7.746400e-02
67 9.126240e-01 8.508000e-03 7.886800e-02
68 9.113480e-01 8.328000e-03 8.032400e-02
69 9.099840e-01 8.208000e-03 8.180800e-02
70 9.085960e-01 8.228000e-03 8.317600e-02
71 9.070960e-01 8.244000e-03 8.466000e-02
72 9.057800e-01 8.072000e-03 8.614800e-02
73 9.043760e-01 8.124000e-03 8.750000e-02
74 9.030840e-01 7.916000e-03 8.900000e-02
75 9.016560e-01 7.992000e-03 9.035200e-02
76 9.001120e-01 8.096000e-03 9.179200e-02
77 8.987440e-01 8.144000e-03 9.311200e-02
78 8.974280e-01 8.040000e-03 9.453200e-02
79 8.960080e-01 8.052000e-03 9.594000e-02
80 8.945680e-01 8.108000e-03 9.732400e-02
81 8.931280e-01 8.128000e-03 9.874400e-02
82 8.915360e-01 8.264000e-03 1.002000e-01
83 8.898040e-01 8.688000e-03 1.015080e-01
84 8.882640e-01 8.712000e-03 1.030240e-01
85 8.867320e-01 8.640000e-03 1.046280e-01
86 8.853920e-01 8.408000e-03 1.062000e-01
87 8.840960e-01 8.312000e-03 1.075920e-01
88 8.827880e-01 8.140000e-03 1.090720e-01
89 8.814640e-01 7.972000e-03 1.105640e-01
90 8.800720e-01 7.956000e-03 1.119720e-01
91 8.786640e-01 7.948000e-03 1.133880e-01
92 8.773720e-01 7.804000e-03 1.148240e-01
93 8.762240e-01 7.540000e-03 1.162360e-01
94 8.750200e-01 7.444000e-03 1.175360e-01
95 8.739000e-01 7.348000e-03 1.187520e-01
96 8.728800e-01 7.012000e-03 1.201080e-01
97 8.716560e-01 7.044000e-03 1.213000e-01
98 8.705680e-01 6.992000e-03 1.224400e-01
99 8.693920e-01 6.964000e-03 1.236440e-01
100 8.682760e-01 6.816000e-03 1.249080e-01
101 8.671400e-01 6.760000e-03 1.261000e-01
102 8.659240e-01 6.676000e-03 1.274000e-01
103 8.647360e-01 6.684000e-03 1.285800e-01
104 8.635680e-01 6.656000e-03 1.297760e-01
105 8.624120e-01 6.692000e-03 1.308960e-01
106 8.611560e-01 6.784000e-03 1.320600e-01
107 8.599000e-01 6.820000e-03 1.332800e-01
108 8.587040e-01 6.740000e-03 1.345560e-01
109 8.575680e-01 6.760000e-03 1.356720e-01
110 8.563160e-01 6.844000e-03 1.368400e-01
111 8.550960e-01 6.948000e-03 1.379560e-01
112 8.539320e-01 6.940000e-03 1.391280e-01
113 8.526200e-01 7.120000e-03 1.402600e-01
114 8.513040e-01 7.224000e-03 1.414720e-01
115 8.500760e-01 7.264000e-03 1.426600e-01
116 8.488480e-01 7.280000e-03 1.438720e-01
117 8.476960e-01 7.204000e-03 1.451000e-01
118 8.464440e-01 7.256000e-03 1.463000e-01
119 8.453200e-01 7.048000e-03 1.476320e-01
120 8.442760e-01 6.932000e-03 1.487920e-01
121 8.431200e-01 6.840000e-03 1.500400e-01
122 8.418840e-01 6.912000e-03 1.512040e-01
123 8.408480e-01 6.748000e-03 1.524040e-01
124 8.396960e-01 6.772000e-03 1.535320e-01
125 8.385640e-01 6.728000e-03 1.547080e-01
126 8.374360e-01 6.676000e-03 1.558880e-01
127 8.363400e-01 6.616000e-03 1.570440e-01
128 8.353680e-01 6.344000e-03 1.582880e-01
129 8.343440e-01 6.132000e-03 1.595240e-01
130 8.333160e-01 6.036000e-03 1.606480e-01
131 8.322400e-01 6.096000e-03 1.616640e-01
132 8.312400e-01 6.184000e-03 1.625760e-01
133 8.301680e-01 6.156000e-03 1.636760e-01
134 8.290800e-01 6.284000e-03 1.646360e-01
135 8.280160e-01 6.272000e-03 1.657120e-01
136 8.267480e-01 6.520000e-03 1.667320e-01
137 8.256360e-01 6.488000e-03 1.678760e-01
138 8.244040e-01 6.516000e-03 1.690800e-01
139 8.233120e-01 6.352000e-03 1.703360e-01
140 8.221560e-01 6.360000e-03 1.714840e-01
141 8.211480e-01 6.136000e-03 1.727160e-01
142 8.199880e-01 6.148000e-03 1.738640e-01
143 8.189880e-01 6.032000e-03 1.749800e-01
144 8.181000e-01 5.904000e-03 1.759960e-01
145 8.171600e-01 5.920000e-03 1.769200e-01
146 8.161800e-01 5.788000e-03 1.780320e-01
147 8.153160e-01 5.608000e-03 1.790760e-01
148 8.143000e-01 5.604000e-03 1.800960e-01
149 8.134240e-01 5.532000e-03 1.810440e-01
150 8.124440e-01 5.524000e-03 1.820320e-01
151 8.114920e-01 5.564000e-03 1.829440e-01
152 8.105280e-01 5.628000e-03 1.838440e-01
153 8.096200e-01 5.616000e-03 1.847640e-01
154 8.087280e-01 5.464000e-03 1.858080e-01
155 8.077160e-01 5.592000e-03 1.866920e-01
156 8.068320e-01 5.468000e-03 1.877000e-01
157 8.058280e-01 5.564000e-03 1.886080e-01
158 8.050120e-01 5.380000e-03 1.896080e-01
159 8.041400e-01 5.380000e-03 1.904800e-01
160 8.032280e-01 5.368000e-03 1.914040e-01
161 8.023920e-01 5.308000e-03 1.923000e-01
162 8.014560e-01 5.272000e-03 1.932720e-01
163 8.004440e-01 5.368000e-03 1.941880e-01
164 7.995080e-01 5.296000e-03 1.951960e-01
165 7.985760e-01 5.296000e-03 1.961280e-01
166 7.977560e-01 5.184000e-03 1.970600e-01
167 7.968720e-01 5.152000e-03 1.979760e-01
168 7.960760e-01 5.032000e-03 1.988920e-01
169 7.953000e-01 4.972000e-03 1.997280e-01
170 7.943400e-01 5.008000e-03 2.006520e-01
171 7.935480e-01 4.908000e-03 2.015440e-01
172 7.928040e-01 4.624000e-03 2.025720e-01
173 7.920200e-01 4.656000e-03 2.033240e-01
174 7.912320e-01 4.604000e-03 2.041640e-01
175 7.904680e-01 4.520000e-03 2.050120e-01
176 7.897200e-01 4.456000e-03 2.058240e-01
177 7.890560e-01 4.404000e-03 2.065400e-01
178 7.883920e-01 4.336000e-03 2.072720e-01
179 7.878120e-01 4.168000e-03 2.080200e-01
180 7.870640e-01 4.140000e-03 2.087960e-01
181 7.864240e-01 4.072000e-03 2.095040e-01
182 7.857680e-01 3.964000e-03 2.102680e-01
183 7.850000e-01 3.956000e-03 2.110440e-01
184 7.843160e-01 3.904000e-03 2.117800e-01
185 7.835800e-01 3.892000e-03 2.125280e-01
186 7.829240e-01 3.828000e-03 2.132480e-01
187 7.823960e-01 3.692000e-03 2.139120e-01
188 7.816960e-01 3.732000e-03 2.145720e-01
189 7.810360e-01 3.656000e-03 2.153080e-01
190 7.805080e-01 3.604000e-03 2.158880e-01
191 7.799000e-01 3.600000e-03 2.165000e-01
192 7.792960e-01 3.580000e-03 2.171240e-01
193 7.786880e-01 3.504000e-03 2.178080e-01
194 7.781040e-01 3.480000e-03 2.184160e-01
195 7.774720e-01 3.520000e-03 2.190080e-01
196 7.768320e-01 3.552000e-03 2.196160e-01
197 7.762600e-01 3.496000e-03 2.202440e-01
198 7.754880e-01 3.620000e-03 2.208920e-01
199 7.748760e-01 3.572000e-03 2.215520e-01
200 7.743200e-01 3.520000e-03 2.221600e-01
201 7.737320e-01 3.560000e-03 2.227080e-01
202 7.730920e-01 3.668000e-03 2.232400e-01
203 7.723840e-01 3.712000e-03 2.239040e-01
204 7.717760e-01 3.692000e-03 2.245320e-01
205 7.711680e-01 3.640000e-03 2.251920e-01
206 7.705440e-01 3.616000e-03 2.258400e-01
207 7.699720e-01 3.624000e-03 2.264040e-01
208 7.693720e-01 3.628000e-03 2.270000e-01
209 7.686840e-01 3.652000e-03 2.276640e-01
210 7.681160e-01 3.480000e-03 2.284040e-01
211 7.674960e-01 3.524000e-03 2.289800e-01
212 7.668560e-01 3.544000e-03 2.296000e-01
213 7.662880e-01 3.376000e-03 2.303360e-01
214 7.657280e-01 3.292000e-03 2.309800e-01
215 7.651600e-01 3.328000e-03 2.315120e-01
216 7.646320e-01 3.304000e-03 2.320640e-01
217 7.640800e-01 3.256000e-03 2.326640e-01
218 7.635520e-01 3.208000e-03 2.332400e-01
219 7.631720e-01 2.964000e-03 2.338640e-01
220 7.627800e-01 2.844000e-03 2.343760e-01
221 7.623160e-01 2.780000e-03 2.349040e-01
222 7.619200e-01 2.548000e-03 2.355320e-01
223 7.615960e-01 2.436000e-03 2.359680e-01
224 7.612880e-01 2.284000e-03 2.364280e-01
225 7.608960e-01 2.288000e-03 2.368160e-01
226 7.606000e-01 2.196000e-03 2.372040e-01
227 7.601840e-01 2.216000e-03 2.376000e-01
228 7.598280e-01 2.224000e-03 2.379480e-01
229 7.594600e-01 2.260000e-03 2.382800e-01
230 7.589960e-01 2.324000e-03 2.386800e-01
231 7.585480e-01 2.380000e-03 2.390720e-01
232 7.581080e-01 2.428000e-03 2.394640e-01
233 7.577400e-01 2.380000e-03 2.398800e-01
234 7.573440e-01 2.392000e-03 2.402640e-01
235 7.569880e-01 2.380000e-03 2.406320e-01
236 7.566360e-01 2.280000e-03 2.410840e-01
237 7.563040e-01 2.200000e-03 2.414960e-01
238 7.559200e-01 2.176000e-03 2.419040e-01
239 7.555640e-01 2.208000e-03 2.422280e-01
240 7.551480e-01 2.192000e-03 2.426600e-01
241 7.547400e-01 2.264000e-03 2.429960e-01
242 7.543080e-01 2.276000e-03 2.434160e-01
243 7.538880e-01 2.268000e-03 2.438440e-01
244 7.534400e-01 2.316000e-03 2.442440e-01
245 7.529760e-01 2.404000e-03 2.446200e-01
246 7.524560e-01 2.468000e-03 2.450760e-01
247 7.520960e-01 2.424000e-03 2.454800e-01
248 7.515440e-01 2.580000e-03 2.458760e-01
249 7.510440e-01 2.636000e-03 2.463200e-01
250 7.505680e-01 2.632000e-03 2.468000e-01
251 7.501240e-01 2.636000e-03 2.472400e-01
252 7.497600e-01 2.532000e-03 2.477080e-01
253 7.493240e-01 2.540000e-03 2.481360e-01
254 7.488320e-01 2.624000e-03 2.485440e-01
255 7.483840e-01 2.556000e-03 2.490600e-01
256 7.480240e-01 2.464000e-03 2.495120e-01
257 7.476040e-01 2.432000e-03 2.499640e-01
258 7.471400e-01 2.488000e-03 2.503720e-01
259 7.467280e-01 2.444000e-03 2.508280e-01
260 7.463440e-01 2.368000e-03 2.512880e-01
261 7.459840e-01 2.328000e-03 2.516880e-01
262 7.455760e-01 2.276000e-03 2.521480e-01
263 7.451080e-01 2.368000e-03 2.525240e-01
264 7.447720e-01 2.292000e-03 2.529360e-01
265 7.443920e-01 2.232000e-03 2.533760e-01
266 7.440480e-01 2.192000e-03 2.537600e-01
267 7.436680e-01 2.228000e-03 2.541040e-01
268 7.432640e-01 2.172000e-03 2.545640e-01
269 7.428880e-01 2.268000e-03 2.548440e-01
270 7.425320e-01 2.208000e-03 2.552600e-01
271 7.421960e-01 2.180000e-03 2.556240e-01
272 7.418400e-01 2.184000e-03 2.559760e-01
273 7.414320e-01 2.252000e-03 2.563160e-01
274 7.410440e-01 2.184000e-03 2.567720e-01
275 7.407160e-01 2.108000e-03 2.571760e-01
276 7.403760e-01 2.068000e-03 2.575560e-01
277 7.399920e-01 2.116000e-03 2.578920e-01
278 7.396720e-01 2.056000e-03 2.582720e-01
279 7.393000e-01 2.064000e-03 2.586360e-01
280 7.389560e-01 2.008000e-03 2.590360e-01
281 7.386200e-01 1.976000e-03 2.594040e-01
282 7.383360e-01 1.936000e-03 2.597280e-01
283 7.380000e-01 1.896000e-03 2.601040e-01
284 7.377480e-01 1.840000e-03 2.604120e-01
285 7.373680e-01 1.880000e-03 2.607520e-01
286 7.370160e-01 1.928000e-03 2.610560e-01
287 7.366800e-01 1.924000e-03 2.613960e-01
288 7.363320e-01 1.940000e-03 2.617280e-01
289 7.359520e-01 1.988000e-03 2.620600e-01
290 7.355400e-01 2.060000e-03 2.624000e-01
291 7.351320e-01 2.140000e-03 2.627280e-01
292 7.346560e-01 2.272000e-03 2.630720e-01
293 7.342520e-01 2.188000e-03 2.635600e-01
294 7.339680e-01 2.100000e-03 2.639320e-01
295 7.336880e-01 1.980000e-03 2.643320e-01
296 7.333320e-01 1.988000e-03 2.646800e-01
297 7.330320e-01 1.972000e-03 2.649960e-01
298 7.327000e-01 1.960000e-03 2.653400e-01
299 7.323920e-01 1.984000e-03 2.656240e-01
300 7.321200e-01 1.828000e-03 2.660520e-01
301 7.318720e-01 1.792000e-03 2.663360e-01
302 7.316480e-01 1.704000e-03 2.666480e-01
303 7.314040e-01 1.620000e-03 2.669760e-01
304 7.312000e-01 1.548000e-03 2.672520e-01
305 7.309640e-01 1.520000e-03 2.675160e-01
306 7.306480e-01 1.596000e-03 2.677560e-01
307 7.303040e-01 1.668000e-03 2.680280e-01
308 7.300680e-01 1.600000e-03 2.683320e-01
309 7.298040e-01 1.540000e-03 2.686560e-01
310 7.295040e-01 1.580000e-03 2.689160e-01
311 7.292200e-01 1.620000e-03 2.691600e-01
312 7.289520e-01 1.632000e-03 2.694160e-01
313 7.286680e-01 1.624000e-03 2.697080e-01
314 7.284360e-01 1.592000e-03 2.699720e-01
315 7.281600e-01 1.628000e-03 2.702120e-01
316 7.278880e-01 1.572000e-03 2.705400e-01
317 7.276160e-01 1.584000e-03 2.708000e-01
318 7.272840e-01 1.608000e-03 2.711080e-01
319 7.270600e-01 1.520000e-03 2.714200e-01
320 7.267560e-01 1.540000e-03 2.717040e-01
321 7.265640e-01 1.444000e-03 2.719920e-01
322 7.263320e-01 1.452000e-03 2.722160e-01
323 7.261240e-01 1.376000e-03 2.725000e-01
324 7.258800e-01 1.400000e-03 2.727200e-01
325 7.256240e-01 1.376000e-03 2.730000e-01
326 7.253320e-01 1.384000e-03 2.732840e-01
327 7.250640e-01 1.444000e-03 2.734920e-01
328 7.247440e-01 1.516000e-03 2.737400e-01
329 7.244560e-01 1.500000e-03 2.740440e-01
330 7.241560e-01 1.492000e-03 2.743520e-01
331 7.238800e-01 1.484000e-03 2.746360e-01
332 7.235320e-01 1.556000e-03 2.749120e-01
333 7.232160e-01 1.596000e-03 2.751880e-01
334 7.229120e-01 1.668000e-03 2.754200e-01
335 7.226000e-01 1.680000e-03 2.757200e-01
336 7.223200e-01 1.656000e-03 2.760240e-01
337 7.219760e-01 1.664000e-03 2.763600e-01
338 7.216800e-01 1.688000e-03 2.766320e-01
339 7.213680e-01 1.716000e-03 2.769160e-01
340 7.211200e-01 1.684000e-03 2.771960e-01
341 7.208080e-01 1.692000e-03 2.775000e-01
342 7.205240e-01 1.712000e-03 2.777640e-01
343 7.202440e-01 1.648000e-03 2.781080e-01
344 7.199320e-01 1.648000e-03 2.784200e-01
345 7.196160e-01 1.696000e-03 2.786880e-01
346 7.193360e-01 1.696000e-03 2.789680e-01
347 7.190200e-01 1.772000e-03 2.792080e-01
348 7.187480e-01 1.700000e-03 2.795520e-01
349 7.184840e-01 1.668000e-03 2.798480e-01
350 7.181640e-01 1.700000e-03 2.801360e-01
351 7.179040e-01 1.632000e-03 2.804640e-01
352 7.175920e-01 1.640000e-03 2.807680e-01
353 7.172760e-01 1.684000e-03 2.810400e-01
354 7.170320e-01 1.640000e-03 2.813280e-01
355 7.167440e-01 1.604000e-03 2.816520e-01
356 7.165480e-01 1.516000e-03 2.819360e-01
357 7.162560e-01 1.540000e-03 2.822040e-01
358 7.159360e-01 1.592000e-03 2.824720e-01
359 7.156000e-01 1.636000e-03 2.827640e-01
360 7.153920e-01 1.508000e-03 2.831000e-01
361 7.151000e-01 1.500000e-03 2.834000e-01
362 7.148640e-01 1.456000e-03 2.836800e-01
363 7.145640e-01 1.552000e-03 2.838840e-01
364 7.143240e-01 1.524000e-03 2.841520e-01
365 7.139880e-01 1.556000e-03 2.844560e-01
366 7.136600e-01 1.592000e-03 2.847480e-01
367 7.133840e-01 1.604000e-03 2.850120e-01
368 7.130760e-01 1.592000e-03 2.853320e-01
369 7.127440e-01 1.720000e-03 2.855360e-01
370 7.124240e-01 1.736000e-03 2.858400e-01
371 7.120520e-01 1.820000e-03 2.861280e-01
372 7.116880e-01 1.904000e-03 2.864080e-01
373 7.113080e-01 1.916000e-03 2.867760e-01
374 7.109840e-01 1.936000e-03 2.870800e-01
375 7.106400e-01 1.884000e-03 2.874760e-01
376 7.103120e-01 1.884000e-03 2.878040e-01
377 7.100200e-01 1.768000e-03 2.882120e-01
378 7.098160e-01 1.684000e-03 2.885000e-01
379 7.094400e-01 1.764000e-03 2.887960e-01
380 7.090800e-01 1.780000e-03 2.891400e-01
381 7.087960e-01 1.828000e-03 2.893760e-01
382 7.084560e-01 1.816000e-03 2.897280e-01
383 7.080560e-01 1.892000e-03 2.900520e-01
384 7.077800e-01 1.844000e-03 2.903760e-01
385 7.075000e-01 1.744000e-03 2.907560e-01
386 7.071680e-01 1.780000e-03 2.910520e-01
387 7.068880e-01 1.720000e-03 2.913920e-01
388 7.066000e-01 1.688000e-03 2.917120e-01
389 7.063200e-01 1.696000e-03 2.919840e-01
390 7.060320e-01 1.708000e-03 2.922600e-01
391 7.058280e-01 1.604000e-03 2.925680e-01
392 7.055840e-01 1.640000e-03 2.927760e-01
393 7.053080e-01 1.640000e-03 2.930520e-01
394 7.050560e-01 1.560000e-03 2.933840e-01
395 7.047560e-01 1.628000e-03 2.936160e-01
396 7.044800e-01 1.636000e-03 2.938840e-01
397 7.042240e-01 1.600000e-03 2.941760e-01
398 7.039920e-01 1.560000e-03 2.944480e-01
399 7.037200e-01 1.588000e-03 2.946920e-01
400 7.034680e-01 1.556000e-03 2.949760e-01
401 7.031200e-01 1.636000e-03 2.952440e-01
402 7.028600e-01 1.596000e-03 2.955440e-01
403 7.025960e-01 1.520000e-03 2.958840e-01
404 7.023320e-01 1.492000e-03 2.961760e-01
405 7.021040e-01 1.500000e-03 2.963960e-01
406 7.018880e-01 1.464000e-03 2.966480e-01
407 7.016200e-01 1.444000e-03 2.969360e-01
408 7.014240e-01 1.388000e-03 2.971880e-01
409 7.012160e-01 1.324000e-03 2.974600e-01
410 7.009880e-01 1.340000e-03 2.976720e-01
411 7.008200e-01 1.316000e-03 2.978640e-01
412 7.005920e-01 1.292000e-03 2.981160e-01
413 7.003760e-01 1.304000e-03 2.983200e-01
414 7.001280e-01 1.364000e-03 2.985080e-01
415 6.999120e-01 1.376000e-03 2.987120e-01
416 6.996360e-01 1.388000e-03 2.989760e-01
417 6.994000e-01 1.408000e-03 2.991920e-01
418 6.991480e-01 1.372000e-03 2.994800e-01
419 6.988840e-01 1.404000e-03 2.997120e-01
420 6.986960e-01 1.344000e-03 2.999600e-01
421 6.984640e-01 1.268000e-03 3.002680e-01
422 6.982120e-01 1.268000e-03 3.005200e-01
423 6.979600e-01 1.320000e-03 3.007200e-01
424 6.977480e-01 1.312000e-03 3.009400e-01
425 6.975000e-01 1.328000e-03 3.011720e-01
426 6.972280e-01 1.336000e-03 3.014360e-01
427 6.969520e-01 1.388000e-03 3.016600e-01
428 6.967280e-01 1.356000e-03 3.019160e-01
429 6.964320e-01 1.452000e-03 3.021160e-01
430 6.961480e-01 1.432000e-03 3.024200e-01
431 6.958840e-01 1.448000e-03 3.026680e-01
432 6.956160e-01 1.504000e-03 3.028800e-01
433 6.953280e-01 1.480000e-03 3.031920e-01
434 6.949880e-01 1.596000e-03 3.034160e-01
435 6.946760e-01 1.648000e-03 3.036760e-01
436 6.944480e-01 1.620000e-03 3.039320e-01
437 6.942040e-01 1.536000e-03 3.042600e-01
438 6.940000e-01 1.452000e-03 3.045480e-01
439 6.938000e-01 1.444000e-03 3.047560e-01
440 6.935760e-01 1.384000e-03 3.050400e-01
441 6.933080e-01 1.388000e-03 3.053040e-01
442 6.930880e-01 1.376000e-03 3.055360e-01
443 6.928400e-01 1.388000e-03 3.057720e-01
444 6.926280e-01 1.344000e-03 3.060280e-01
445 6.924120e-01 1.332000e-03 3.062560e-01
446 6.922080e-01 1.332000e-03 3.064600e-01
447 6.920200e-01 1.332000e-03 3.066480e-01
448 6.918040e-01 1.304000e-03 3.068920e-01
449 6.915840e-01 1.344000e-03 3.070720e-01
450 6.913880e-01 1.308000e-03 3.073040e-01
451 6.911880e-01 1.312000e-03 3.075000e-01
452 6.909600e-01 1.320000e-03 3.077200e-01
453 6.907400e-01 1.340000e-03 3.079200e-01
454 6.905600e-01 1.304000e-03 3.081360e-01
455 6.903760e-01 1.248000e-03 3.083760e-01
456 6.901800e-01 1.212000e-03 3.086080e-01
457 6.898760e-01 1.272000e-03 3.088520e-01
458 6.896440e-01 1.292000e-03 3.090640e-01
459 6.893880e-01 1.312000e-03 3.093000e-01
460 6.891520e-01 1.288000e-03 3.095600e-01
461 6.889200e-01 1.312000e-03 3.097680e-01
462 6.886280e-01 1.356000e-03 3.100160e-01
463 6.883800e-01 1.364000e-03 3.102560e-01
464 6.880600e-01 1.420000e-03 3.105200e-01
465 6.877480e-01 1.404000e-03 3.108480e-01
466 6.874640e-01 1.452000e-03 3.110840e-01
467 6.871000e-01 1.560000e-03 3.113400e-01
468 6.867600e-01 1.608000e-03 3.116320e-01
469 6.863800e-01 1.668000e-03 3.119520e-01
470 6.861200e-01 1.596000e-03 3.122840e-01
471 6.858440e-01 1.556000e-03 3.126000e-01
472 6.855240e-01 1.564000e-03 3.129120e-01
473 6.852800e-01 1.572000e-03 3.131480e-01
474 6.849880e-01 1.572000e-03 3.134400e-01
475 6.846960e-01 1.576000e-03 3.137280e-01
476 6.844560e-01 1.512000e-03 3.140320e-01
477 6.842240e-01 1.492000e-03 3.142840e-01
478 6.839960e-01 1.472000e-03 3.145320e-01
479 6.837520e-01 1.432000e-03 3.148160e-01
480 6.835840e-01 1.312000e-03 3.151040e-01
481 6.833120e-01 1.336000e-03 3.153520e-01
482 6.830800e-01 1.304000e-03 3.156160e-01
483 6.828560e-01 1.320000e-03 3.158240e-01
484 6.826120e-01 1.360000e-03 3.160280e-01
485 6.823520e-01 1.368000e-03 3.162800e-01
486 6.821120e-01 1.424000e-03 3.164640e-01
487 6.819120e-01 1.316000e-03 3.167720e-01
488 6.816440e-01 1.372000e-03 3.169840e-01
489 6.814160e-01 1.384000e-03 3.172000e-01
490 6.812160e-01 1.304000e-03 3.174800e-01
491 6.809400e-01 1.324000e-03 3.177360e-01
492 6.806760e-01 1.356000e-03 3.179680e-01
493 6.804120e-01 1.400000e-03 3.181880e-01
494 6.801720e-01 1.376000e-03 3.184520e-01
495 6.798600e-01 1.492000e-03 3.186480e-01
496 6.795960e-01 1.484000e-03 3.189200e-01
497 6.794160e-01 1.396000e-03 3.191880e-01
498 6.791800e-01 1.396000e-03 3.194240e-01
499 6.789440e-01 1.404000e-03 3.196520e-01
500 6.787320e-01 1.376000e-03 3.198920e-01
