1 9.992440e-01 6.800000e-04 7.600000e-05
2 9.986760e-01 1.124000e-03 2.000000e-04
3 9.979920e-01 1.600000e-03 4.080000e-04
4 9.971440e-01 2.164000e-03 6.920000e-04
5 9.962480e-01 2.668000e-03 1.084000e-03
6 9.953280e-01 3.132000e-03 1.540000e-03
7 9.942160e-01 3.660000e-03 2.124000e-03
8 9.930760e-01 4.184000e-03 2.740000e-03
9 9.918520e-01 4.764000e-03 3.384000e-03
10 9.905720e-01 5.236000e-03 4.192000e-03
11 9.890040e-01 5.936000e-03 5.060000e-03
12 9.875320e-01 6.244000e-03 6.224000e-03
13 9.860720e-01 6.660000e-03 7.268000e-03
14 9.844320e-01 7.076000e-03 8.492000e-03
15 9.828600e-01 7.380000e-03 9.760000e-03
16 9.813440e-01 7.704000e-03 1.095200e-02
17 9.796080e-01 8.056000e-03 1.233600e-02
18 9.777480e-01 8.584000e-03 1.366800e-02
19 9.759360e-01 8.888000e-03 1.517600e-02
20 9.741680e-01 8.944000e-03 1.688800e-02
21 9.723840e-01 9.172000e-03 1.844400e-02
22 9.705680e-01 9.480000e-03 1.995200e-02
23 9.685520e-01 9.800000e-03 2.164800e-02
24 9.665760e-01 9.972000e-03 2.345200e-02
25 9.646600e-01 1.021200e-02 2.512800e-02
26 9.627640e-01 1.036400e-02 2.687200e-02
27 9.609160e-01 1.024000e-02 2.884400e-02
28 9.591400e-01 1.013600e-02 3.072400e-02
29 9.574560e-01 1.004000e-02 3.250400e-02
30 9.555560e-01 1.008800e-02 3.435600e-02
31 9.535600e-01 1.028000e-02 3.616000e-02
32 9.516280e-01 1.050400e-02 3.786800e-02
33 9.494960e-01 1.077200e-02 3.973200e-02
34 9.473840e-01 1.106000e-02 4.155600e-02
35 9.452680e-01 1.128400e-02 4.344800e-02
36 9.431720e-01 1.133200e-02 4.549600e-02
37 9.412360e-01 1.122800e-02 4.753600e-02
38 9.391480e-01 1.146400e-02 4.938800e-02
39 9.371440e-01 1.142800e-02 5.142800e-02
40 9.350600e-01 1.137200e-02 5.356800e-02
41 9.331120e-01 1.150000e-02 5.538800e-02
42 9.310880e-01 1.164000e-02 5.727200e-02
43 9.289680e-01 1.179200e-02 5.924000e-02
44 9.269280e-01 1.184400e-02 6.122800e-02
45 9.246680e-01 1.186400e-02 6.346800e-02
46 9.225120e-01 1.189200e-02 6.559600e-02
47 9.204880e-01 1.190800e-02 6.760400e-02
48 9.183520e-01 1.202800e-02 6.962000e-02
49 9.162360e-01 1.207200e-02 7.169200e-02
50 9.142840e-01 1.187200e-02 7.384400e-02
51 9.122760e-01 1.167200e-02 7.605200e-02
52 9.102080e-01 1.174000e-02 7.805200e-02
53 9.084200e-01 1.150000e-02 8.008000e-02
54 9.064920e-01 1.134000e-02 8.216800e-02
55 9.043240e-01 1.134800e-02 8.432800e-02
56 9.022720e-01 1.144800e-02 8.628000e-02
57 9.002960e-01 1.138000e-02 8.832400e-02
58 8.984200e-01 1.116000e-02 9.042000e-02
59 8.965560e-01 1.104400e-02 9.240000e-02
60 8.948920e-01 1.080000e-02 9.430800e-02
61 8.930360e-01 1.067200e-02 9.629200e-02
62 8.913320e-01 1.037200e-02 9.829600e-02
63 8.896120e-01 1.023600e-02 1.001520e-01
64 8.880200e-01 9.968000e-03 1.020120e-01
65 8.864120e-01 9.908000e-03 1.036800e-01
66 8.848320e-01 9.812000e-03 1.053560e-01
67 8.831960e-01 9.612000e-03 1.071920e-01
68 8.816520e-01 9.264000e-03 1.090840e-01
69 8.801120e-01 9.264000e-03 1.106240e-01
70 8.784800e-01 9.268000e-03 1.122520e-01
71 8.767880e-01 9.400000e-03 1.138120e-01
72 8.751440e-01 9.296000e-03 1.155600e-01
73 8.735680e-01 9.240000e-03 1.171920e-01
74 8.720000e-01 9.148000e-03 1.188520e-01
75 8.703600e-01 9.236000e-03 1.204040e-01
76 8.687720e-01 9.368000e-03 1.218600e-01
77 8.671520e-01 9.144000e-03 1.237040e-01
78 8.656240e-01 9.112000e-03 1.252640e-01
79 8.640760e-01 8.940000e-03 1.269840e-01
80 8.624040e-01 8.944000e-03 1.286520e-01
81 8.608880e-01 8.780000e-03 1.303320e-01
82 8.595200e-01 8.556000e-03 1.319240e-01
83 8.581040e-01 8.496000e-03 1.334000e-01
84 8.566360e-01 8.444000e-03 1.349200e-01
85 8.552440e-01 8.372000e-03 1.363840e-01
86 8.539080e-01 8.284000e-03 1.378080e-01
87 8.526760e-01 8.000000e-03 1.393240e-01
88 8.512520e-01 8.016000e-03 1.407320e-01
89 8.499200e-01 7.880000e-03 1.422000e-01
90 8.486840e-01 7.824000e-03 1.434920e-01
91 8.473960e-01 7.748000e-03 1.448560e-01
92 8.462320e-01 7.552000e-03 1.462160e-01
93 8.450480e-01 7.412000e-03 1.475400e-01
94 8.437320e-01 7.364000e-03 1.489040e-01
95 8.425040e-01 7.372000e-03 1.501240e-01
96 8.412520e-01 7.376000e-03 1.513720e-01
97 8.401560e-01 7.144000e-03 1.527000e-01
98 8.389400e-01 7.224000e-03 1.538360e-01
99 8.375560e-01 7.368000e-03 1.550760e-01
100 8.363560e-01 7.216000e-03 1.564280e-01
101 8.350360e-01 7.236000e-03 1.577280e-01
102 8.337400e-01 7.252000e-03 1.590080e-01
103 8.325880e-01 7.136000e-03 1.602760e-01
104 8.313760e-01 7.012000e-03 1.616120e-01
105 8.300680e-01 7.156000e-03 1.627760e-01
106 8.288560e-01 7.068000e-03 1.640760e-01
107 8.275440e-01 7.288000e-03 1.651680e-01
108 8.262920e-01 7.272000e-03 1.664360e-01
109 8.250320e-01 7.284000e-03 1.676840e-01
110 8.238960e-01 7.288000e-03 1.688160e-01
111 8.226520e-01 7.288000e-03 1.700600e-01
112 8.213680e-01 7.300000e-03 1.713320e-01
113 8.200720e-01 7.432000e-03 1.724960e-01
114 8.185480e-01 7.728000e-03 1.737240e-01
115 8.171200e-01 7.688000e-03 1.751920e-01
116 8.157160e-01 7.784000e-03 1.765000e-01
117 8.144640e-01 7.680000e-03 1.778560e-01
118 8.131280e-01 7.572000e-03 1.793000e-01
119 8.116880e-01 7.608000e-03 1.807040e-01
120 8.102320e-01 7.800000e-03 1.819680e-01
121 8.087880e-01 7.860000e-03 1.833520e-01
122 8.073600e-01 7.816000e-03 1.848240e-01
123 8.060320e-01 7.752000e-03 1.862160e-01
124 8.047560e-01 7.620000e-03 1.876240e-01
125 8.034480e-01 7.668000e-03 1.888840e-01
126 8.020680e-01 7.660000e-03 1.902720e-01
127 8.009000e-01 7.432000e-03 1.916680e-01
128 7.995840e-01 7.448000e-03 1.929680e-01
129 7.983440e-01 7.448000e-03 1.942080e-01
130 7.970840e-01 7.344000e-03 1.955720e-01
131 7.958520e-01 7.312000e-03 1.968360e-01
132 7.945600e-01 7.340000e-03 1.981000e-01
133 7.932400e-01 7.296000e-03 1.994640e-01
134 7.918880e-01 7.424000e-03 2.006880e-01
135 7.905760e-01 7.468000e-03 2.019560e-01
136 7.892320e-01 7.520000e-03 2.032480e-01
137 7.878240e-01 7.656000e-03 2.045200e-01
138 7.864200e-01 7.744000e-03 2.058360e-01
139 7.851080e-01 7.528000e-03 2.073640e-01
140 7.837760e-01 7.468000e-03 2.087560e-01
141 7.824720e-01 7.492000e-03 2.100360e-01
142 7.811600e-01 7.548000e-03 2.112920e-01
143 7.800160e-01 7.316000e-03 2.126680e-01
144 7.786600e-01 7.328000e-03 2.140120e-01
145 7.773640e-01 7.420000e-03 2.152160e-01
146 7.761280e-01 7.448000e-03 2.164240e-01
147 7.749440e-01 7.344000e-03 2.177120e-01
148 7.738240e-01 7.364000e-03 2.188120e-01
149 7.724240e-01 7.416000e-03 2.201600e-01
150 7.710040e-01 7.528000e-03 2.214680e-01
151 7.697080e-01 7.416000e-03 2.228760e-01
152 7.685840e-01 7.196000e-03 2.242200e-01
153 7.675440e-01 7.016000e-03 2.254400e-01
154 7.663920e-01 6.928000e-03 2.266800e-01
155 7.651920e-01 6.960000e-03 2.278480e-01
156 7.640880e-01 6.748000e-03 2.291640e-01
157 7.629000e-01 6.716000e-03 2.303840e-01
158 7.616600e-01 6.780000e-03 2.315600e-01
159 7.605800e-01 6.684000e-03 2.327360e-01
160 7.594840e-01 6.432000e-03 2.340840e-01
161 7.584720e-01 6.412000e-03 2.351160e-01
162 7.573080e-01 6.488000e-03 2.362040e-01
163 7.561320e-01 6.532000e-03 2.373360e-01
164 7.550160e-01 6.512000e-03 2.384720e-01
165 7.539480e-01 6.476000e-03 2.395760e-01
166 7.529240e-01 6.384000e-03 2.406920e-01
167 7.520080e-01 6.188000e-03 2.418040e-01
168 7.509840e-01 6.168000e-03 2.428480e-01
169 7.500320e-01 6.052000e-03 2.439160e-01
170 7.490600e-01 5.900000e-03 2.450400e-01
171 7.481320e-01 5.804000e-03 2.460640e-01
172 7.471960e-01 5.676000e-03 2.471280e-01
173 7.462560e-01 5.620000e-03 2.481240e-01
174 7.454200e-01 5.444000e-03 2.491360e-01
175 7.444040e-01 5.444000e-03 2.501520e-01
176 7.434800e-01 5.492000e-03 2.510280e-01
177 7.425880e-01 5.472000e-03 2.519400e-01
178 7.417680e-01 5.368000e-03 2.528640e-01
179 7.409400e-01 5.200000e-03 2.538600e-01
180 7.401040e-01 5.156000e-03 2.547400e-01
181 7.390800e-01 5.280000e-03 2.556400e-01
182 7.381440e-01 5.324000e-03 2.565320e-01
183 7.372160e-01 5.364000e-03 2.574200e-01
184 7.364280e-01 5.236000e-03 2.583360e-01
185 7.355120e-01 5.308000e-03 2.591800e-01
186 7.346320e-01 5.276000e-03 2.600920e-01
187 7.337640e-01 5.300000e-03 2.609360e-01
188 7.328320e-01 5.320000e-03 2.618480e-01
189 7.318840e-01 5.396000e-03 2.627200e-01
190 7.310560e-01 5.284000e-03 2.636600e-01
191 7.300760e-01 5.276000e-03 2.646480e-01
192 7.292040e-01 5.160000e-03 2.656360e-01
193 7.283560e-01 5.080000e-03 2.665640e-01
194 7.274640e-01 5.104000e-03 2.674320e-01
195 7.266240e-01 5.060000e-03 2.683160e-01
196 7.258040e-01 4.968000e-03 2.692280e-01
197 7.250120e-01 4.872000e-03 2.701160e-01
198 7.243160e-01 4.656000e-03 2.710280e-01
199 7.235440e-01 4.616000e-03 2.718400e-01
200 7.227400e-01 4.676000e-03 2.725840e-01
201 7.219800e-01 4.564000e-03 2.734560e-01
202 7.213360e-01 4.468000e-03 2.741960e-01
203 7.207240e-01 4.328000e-03 2.749480e-01
204 7.200440e-01 4.248000e-03 2.757080e-01
205 7.193000e-01 4.152000e-03 2.765480e-01
206 7.185520e-01 4.204000e-03 2.772440e-01
207 7.179360e-01 4.140000e-03 2.779240e-01
208 7.171800e-01 4.204000e-03 2.786160e-01
209 7.164440e-01 4.244000e-03 2.793120e-01
210 7.158080e-01 4.212000e-03 2.799800e-01
211 7.152080e-01 4.108000e-03 2.806840e-01
212 7.144720e-01 4.148000e-03 2.813800e-01
213 7.136880e-01 4.156000e-03 2.821560e-01
214 7.130400e-01 4.076000e-03 2.828840e-01
215 7.122720e-01 4.044000e-03 2.836840e-01
216 7.114880e-01 3.960000e-03 2.845520e-01
217 7.108000e-01 3.976000e-03 2.852240e-01
218 7.100960e-01 4.068000e-03 2.858360e-01
219 7.094120e-01 3.924000e-03 2.866640e-01
220 7.087520e-01 3.900000e-03 2.873480e-01
221 7.080840e-01 3.876000e-03 2.880400e-01
222 7.075520e-01 3.772000e-03 2.886760e-01
223 7.069800e-01 3.728000e-03 2.892920e-01
224 7.062360e-01 3.768000e-03 2.899960e-01
225 7.055000e-01 3.840000e-03 2.906600e-01
226 7.048400e-01 3.880000e-03 2.912800e-01
227 7.040400e-01 3.960000e-03 2.920000e-01
228 7.032880e-01 3.952000e-03 2.927600e-01
229 7.026200e-01 4.000000e-03 2.933800e-01
230 7.017880e-01 4.092000e-03 2.941200e-01
231 7.010120e-01 4.192000e-03 2.947960e-01
232 7.003480e-01 4.028000e-03 2.956240e-01
233 6.995960e-01 4.076000e-03 2.963280e-01
234 6.988160e-01 4.180000e-03 2.970040e-01
235 6.980640e-01 4.140000e-03 2.977960e-01
236 6.973840e-01 4.168000e-03 2.984480e-01
237 6.966640e-01 4.144000e-03 2.991920e-01
238 6.960600e-01 4.068000e-03 2.998720e-01
239 6.954120e-01 4.024000e-03 3.005640e-01
240 6.948480e-01 3.840000e-03 3.013120e-01
241 6.942240e-01 3.808000e-03 3.019680e-01
242 6.936440e-01 3.792000e-03 3.025640e-01
243 6.930480e-01 3.700000e-03 3.032520e-01
244 6.924120e-01 3.788000e-03 3.038000e-01
245 6.918120e-01 3.744000e-03 3.044440e-01
246 6.912440e-01 3.616000e-03 3.051400e-01
247 6.906360e-01 3.620000e-03 3.057440e-01
248 6.899840e-01 3.592000e-03 3.064240e-01
249 6.894200e-01 3.584000e-03 3.069960e-01
250 6.888600e-01 3.532000e-03 3.076080e-01
251 6.881640e-01 3.624000e-03 3.082120e-01
252 6.875040e-01 3.568000e-03 3.089280e-01
253 6.869400e-01 3.456000e-03 3.096040e-01
254 6.863800e-01 3.440000e-03 3.101800e-01
255 6.858720e-01 3.404000e-03 3.107240e-01
256 6.853000e-01 3.368000e-03 3.113320e-01
257 6.848000e-01 3.272000e-03 3.119280e-01
258 6.842720e-01 3.264000e-03 3.124640e-01
259 6.837800e-01 3.296000e-03 3.129240e-01
260 6.833280e-01 3.248000e-03 3.134240e-01
261 6.828600e-01 3.184000e-03 3.139560e-01
262 6.823920e-01 3.036000e-03 3.145720e-01
263 6.819760e-01 2.956000e-03 3.150680e-01
264 6.814000e-01 3.004000e-03 3.155960e-01
265 6.808720e-01 3.036000e-03 3.160920e-01
266 6.803680e-01 3.044000e-03 3.165880e-01
267 6.798280e-01 3.080000e-03 3.170920e-01
268 6.792920e-01 3.136000e-03 3.175720e-01
269 6.788640e-01 3.016000e-03 3.181200e-01
270 6.783880e-01 2.956000e-03 3.186560e-01
271 6.778520e-01 3.020000e-03 3.191280e-01
272 6.773640e-01 2.972000e-03 3.196640e-01
273 6.769240e-01 2.916000e-03 3.201600e-01
274 6.764840e-01 2.936000e-03 3.205800e-01
275 6.761040e-01 2.836000e-03 3.210600e-01
276 6.757520e-01 2.712000e-03 3.215360e-01
277 6.753240e-01 2.624000e-03 3.220520e-01
278 6.748840e-01 2.608000e-03 3.225080e-01
279 6.744760e-01 2.656000e-03 3.228680e-01
280 6.740520e-01 2.572000e-03 3.233760e-01
281 6.737280e-01 2.424000e-03 3.238480e-01
282 6.734200e-01 2.292000e-03 3.242880e-01
283 6.730120e-01 2.328000e-03 3.246600e-01
284 6.726040e-01 2.304000e-03 3.250920e-01
285 6.721360e-01 2.360000e-03 3.255040e-01
286 6.716720e-01 2.404000e-03 3.259240e-01
287 6.712560e-01 2.408000e-03 3.263360e-01
288 6.707360e-01 2.500000e-03 3.267640e-01
289 6.702680e-01 2.488000e-03 3.272440e-01
290 6.698240e-01 2.512000e-03 3.276640e-01
291 6.694520e-01 2.440000e-03 3.281080e-01
292 6.690760e-01 2.352000e-03 3.285720e-01
293 6.687920e-01 2.208000e-03 3.290000e-01
294 6.684280e-01 2.232000e-03 3.293400e-01
295 6.680000e-01 2.272000e-03 3.297280e-01
296 6.675920e-01 2.268000e-03 3.301400e-01
297 6.672520e-01 2.252000e-03 3.304960e-01
298 6.668880e-01 2.220000e-03 3.308920e-01
299 6.664560e-01 2.264000e-03 3.312800e-01
300 6.660640e-01 2.312000e-03 3.316240e-01
301 6.656240e-01 2.360000e-03 3.320160e-01
302 6.653120e-01 2.284000e-03 3.324040e-01
303 6.649600e-01 2.196000e-03 3.328440e-01
304 6.645920e-01 2.128000e-03 3.332800e-01
305 6.641400e-01 2.168000e-03 3.336920e-01
306 6.637440e-01 2.148000e-03 3.341080e-01
307 6.633600e-01 2.104000e-03 3.345360e-01
308 6.629800e-01 2.132000e-03 3.348880e-01
309 6.626160e-01 2.128000e-03 3.352560e-01
310 6.622800e-01 2.112000e-03 3.356080e-01
311 6.619480e-01 2.048000e-03 3.360040e-01
312 6.616200e-01 2.004000e-03 3.363760e-01
313 6.613680e-01 1.900000e-03 3.367320e-01
314 6.610080e-01 1.920000e-03 3.370720e-01
315 6.607200e-01 1.912000e-03 3.373680e-01
316 6.604880e-01 1.812000e-03 3.377000e-01
317 6.602960e-01 1.712000e-03 3.379920e-01
318 6.600920e-01 1.648000e-03 3.382600e-01
319 6.598840e-01 1.520000e-03 3.385960e-01
320 6.597240e-01 1.416000e-03 3.388600e-01
321 6.595360e-01 1.396000e-03 3.390680e-01
322 6.593760e-01 1.272000e-03 3.393520e-01
323 6.592160e-01 1.176000e-03 3.396080e-01
324 6.590120e-01 1.128000e-03 3.398600e-01
325 6.588400e-01 1.120000e-03 3.400400e-01
326 6.586880e-01 1.088000e-03 3.402240e-01
327 6.584640e-01 1.132000e-03 3.404040e-01
328 6.582720e-01 1.064000e-03 3.406640e-01
329 6.581000e-01 1.044000e-03 3.408560e-01
330 6.579440e-01 1.044000e-03 3.410120e-01
331 6.577840e-01 1.020000e-03 3.411960e-01
332 6.575800e-01 1.056000e-03 3.413640e-01
333 6.573840e-01 1.044000e-03 3.415720e-01
334 6.571520e-01 1.084000e-03 3.417640e-01
335 6.569640e-01 1.088000e-03 3.419480e-01
336 6.567280e-01 1.124000e-03 3.421480e-01
337 6.564880e-01 1.128000e-03 3.423840e-01
338 6.563120e-01 1.096000e-03 3.425920e-01
339 6.560320e-01 1.216000e-03 3.427520e-01
340 6.558560e-01 1.172000e-03 3.429720e-01
341 6.557040e-01 1.120000e-03 3.431760e-01
342 6.554880e-01 1.080000e-03 3.434320e-01
343 6.553200e-01 1.024000e-03 3.436560e-01
344 6.551360e-01 1.032000e-03 3.438320e-01
345 6.549680e-01 1.024000e-03 3.440080e-01
346 6.547760e-01 1.044000e-03 3.441800e-01
347 6.545880e-01 9.960000e-04 3.444160e-01
348 6.543840e-01 1.036000e-03 3.445800e-01
349 6.541720e-01 1.084000e-03 3.447440e-01
350 6.539880e-01 1.084000e-03 3.449280e-01
351 6.537960e-01 1.088000e-03 3.451160e-01
352 6.535440e-01 1.152000e-03 3.453040e-01
353 6.533360e-01 1.144000e-03 3.455200e-01
354 6.531560e-01 1.112000e-03 3.457320e-01
355 6.529840e-01 1.072000e-03 3.459440e-01
356 6.528320e-01 1.040000e-03 3.461280e-01
357 6.526880e-01 1.016000e-03 3.462960e-01
358 6.525120e-01 1.020000e-03 3.464680e-01
359 6.524120e-01 9.160000e-04 3.466720e-01
360 6.522600e-01 8.680000e-04 3.468720e-01
361 6.521320e-01 8.400000e-04 3.470280e-01
362 6.520120e-01 8.320000e-04 3.471560e-01
363 6.519000e-01 8.080000e-04 3.472920e-01
364 6.517800e-01 8.080000e-04 3.474120e-01
365 6.516600e-01 8.080000e-04 3.475320e-01
366 6.515000e-01 8.240000e-04 3.476760e-01
367 6.513800e-01 8.200000e-04 3.478000e-01
368 6.511800e-01 8.520000e-04 3.479680e-01
369 6.510240e-01 8.800000e-04 3.480960e-01
370 6.509120e-01 8.560000e-04 3.482320e-01
371 6.507320e-01 8.880000e-04 3.483800e-01
372 6.506120e-01 8.360000e-04 3.485520e-01
373 6.504720e-01 8.040000e-04 3.487240e-01
374 6.503720e-01 7.120000e-04 3.489160e-01
375 6.502320e-01 7.000000e-04 3.490680e-01
376 6.501040e-01 6.840000e-04 3.492120e-01
377 6.499640e-01 7.240000e-04 3.493120e-01
378 6.498320e-01 7.360000e-04 3.494320e-01
379 6.497080e-01 7.320000e-04 3.495600e-01
380 6.495360e-01 7.800000e-04 3.496840e-01
381 6.493560e-01 8.440000e-04 3.498000e-01
382 6.492240e-01 7.720000e-04 3.500040e-01
383 6.490880e-01 7.600000e-04 3.501520e-01
384 6.489360e-01 7.480000e-04 3.503160e-01
385 6.487880e-01 7.600000e-04 3.504520e-01
386 6.486560e-01 7.640000e-04 3.505800e-01
387 6.485040e-01 8.360000e-04 3.506600e-01
388 6.483640e-01 8.520000e-04 3.507840e-01
389 6.482160e-01 8.400000e-04 3.509440e-01
390 6.480440e-01 8.440000e-04 3.511120e-01
391 6.479080e-01 8.280000e-04 3.512640e-01
392 6.477600e-01 8.280000e-04 3.514120e-01
393 6.476080e-01 8.480000e-04 3.515440e-01
394 6.474400e-01 8.800000e-04 3.516800e-01
395 6.472840e-01 8.560000e-04 3.518600e-01
396 6.471400e-01 8.360000e-04 3.520240e-01
397 6.470040e-01 8.280000e-04 3.521680e-01
398 6.468800e-01 8.160000e-04 3.523040e-01
399 6.467680e-01 7.920000e-04 3.524400e-01
400 6.466360e-01 7.960000e-04 3.525680e-01
401 6.465000e-01 7.880000e-04 3.527120e-01
402 6.463360e-01 8.120000e-04 3.528520e-01
403 6.462200e-01 7.680000e-04 3.530120e-01
404 6.461120e-01 7.360000e-04 3.531520e-01
405 6.459760e-01 7.320000e-04 3.532920e-01
406 6.458920e-01 6.800000e-04 3.534280e-01
407 6.457760e-01 6.560000e-04 3.535680e-01
408 6.456720e-01 6.200000e-04 3.537080e-01
409 6.455840e-01 5.960000e-04 3.538200e-01
410 6.454800e-01 5.920000e-04 3.539280e-01
411 6.453760e-01 5.720000e-04 3.540520e-01
412 6.452720e-01 5.480000e-04 3.541800e-01
413 6.451240e-01 5.800000e-04 3.542960e-01
414 6.449680e-01 6.560000e-04 3.543760e-01
415 6.448680e-01 6.360000e-04 3.544960e-01
416 6.447760e-01 6.480000e-04 3.545760e-01
417 6.446640e-01 6.520000e-04 3.546840e-01
418 6.445800e-01 6.000000e-04 3.548200e-01
419 6.445280e-01 5.440000e-04 3.549280e-01
420 6.444640e-01 5.120000e-04 3.550240e-01
421 6.444040e-01 5.000000e-04 3.550960e-01
422 6.443480e-01 4.600000e-04 3.551920e-01
423 6.443080e-01 4.400000e-04 3.552520e-01
424 6.442440e-01 4.240000e-04 3.553320e-01
425 6.442040e-01 3.760000e-04 3.554200e-01
426 6.441800e-01 3.080000e-04 3.555120e-01
427 6.441400e-01 3.040000e-04 3.555560e-01
428 6.441120e-01 2.840000e-04 3.556040e-01
429 6.440840e-01 2.720000e-04 3.556440e-01
430 6.440360e-01 2.680000e-04 3.556960e-01
431 6.440000e-01 2.760000e-04 3.557240e-01
432 6.439640e-01 2.840000e-04 3.557520e-01
433 6.439120e-01 2.680000e-04 3.558200e-01
434 6.438520e-01 2.880000e-04 3.558600e-01
435 6.438000e-01 2.800000e-04 3.559200e-01
436 6.437560e-01 2.800000e-04 3.559640e-01
437 6.436800e-01 3.040000e-04 3.560160e-01
438 6.436320e-01 3.160000e-04 3.560520e-01
439 6.436080e-01 2.840000e-04 3.561080e-01
440 6.435880e-01 2.680000e-04 3.561440e-01
441 6.435680e-01 2.320000e-04 3.562000e-01
442 6.435440e-01 2.080000e-04 3.562480e-01
443 6.435200e-01 2.040000e-04 3.562760e-01
444 6.434800e-01 2.200000e-04 3.563000e-01
445 6.434600e-01 1.800000e-04 3.563600e-01
446 6.434440e-01 1.600000e-04 3.563960e-01
447 6.434240e-01 1.600000e-04 3.564160e-01
448 6.434160e-01 1.600000e-04 3.564240e-01
449 6.433840e-01 1.760000e-04 3.564400e-01
450 6.433520e-01 1.560000e-04 3.564920e-01
451 6.433200e-01 1.600000e-04 3.565200e-01
452 6.433000e-01 1.520000e-04 3.565480e-01
453 6.432880e-01 1.400000e-04 3.565720e-01
454 6.432760e-01 1.280000e-04 3.565960e-01
455 6.432520e-01 1.160000e-04 3.566320e-01
456 6.432480e-01 8.800000e-05 3.566640e-01
457 6.432240e-01 9.200000e-05 3.566840e-01
458 6.432120e-01 8.000000e-05 3.567080e-01
459 6.431960e-01 8.400000e-05 3.567200e-01
460 6.431760e-01 8.400000e-05 3.567400e-01
461 6.431560e-01 9.200000e-05 3.567520e-01
462 6.431360e-01 1.040000e-04 3.567600e-01
463 6.431040e-01 1.080000e-04 3.567880e-01
464 6.430800e-01 1.240000e-04 3.567960e-01
465 6.430480e-01 1.360000e-04 3.568160e-01
466 6.430000e-01 1.680000e-04 3.568320e-01
467 6.429720e-01 1.680000e-04 3.568600e-01
468 6.429320e-01 1.840000e-04 3.568840e-01
469 6.428880e-01 2.120000e-04 3.569000e-01
470 6.428560e-01 1.880000e-04 3.569560e-01
471 6.428240e-01 1.880000e-04 3.569880e-01
472 6.427720e-01 2.040000e-04 3.570240e-01
473 6.427360e-01 2.080000e-04 3.570560e-01
474 6.426960e-01 2.240000e-04 3.570800e-01
475 6.426520e-01 2.480000e-04 3.571000e-01
476 6.426160e-01 2.400000e-04 3.571440e-01
477 6.425920e-01 2.400000e-04 3.571680e-01
478 6.425520e-01 2.640000e-04 3.571840e-01
479 6.425320e-01 2.280000e-04 3.572400e-01
480 6.425000e-01 2.240000e-04 3.572760e-01
481 6.424880e-01 2.160000e-04 3.572960e-01
482 6.424560e-01 2.360000e-04 3.573080e-01
483 6.424280e-01 2.320000e-04 3.573400e-01
484 6.423600e-01 2.680000e-04 3.573720e-01
485 6.423120e-01 2.640000e-04 3.574240e-01
486 6.422760e-01 2.360000e-04 3.574880e-01
487 6.422400e-01 2.480000e-04 3.575120e-01
488 6.421840e-01 2.640000e-04 3.575520e-01
489 6.421240e-01 2.760000e-04 3.576000e-01
490 6.420960e-01 2.400000e-04 3.576640e-01
491 6.420360e-01 2.520000e-04 3.577120e-01
492 6.419880e-01 2.600000e-04 3.577520e-01
493 6.419360e-01 2.680000e-04 3.577960e-01
494 6.419000e-01 2.600000e-04 3.578400e-01
495 6.418720e-01 2.320000e-04 3.578960e-01
496 6.418280e-01 2.400000e-04 3.579320e-01
497 6.417840e-01 2.240000e-04 3.579920e-01
498 6.417240e-01 2.160000e-04 3.580600e-01
499 6.417000e-01 2.040000e-04 3.580960e-01
500 6.416680e-01 2.080000e-04 3.581240e-01
