1 9.991960e-01 7.000000e-04 1.040000e-04
2 9.986000e-01 1.172000e-03 2.280000e-04
3 9.978600e-01 1.684000e-03 4.560000e-04
4 9.970120e-01 2.232000e-03 7.560000e-04
5 9.962280e-01 2.636000e-03 1.136000e-03
6 9.952280e-01 3.120000e-03 1.652000e-03
7 9.941440e-01 3.588000e-03 2.268000e-03
8 9.928480e-01 4.136000e-03 3.016000e-03
9 9.917600e-01 4.512000e-03 3.728000e-03
10 9.906360e-01 4.824000e-03 4.540000e-03
11 9.895120e-01 5.136000e-03 5.352000e-03
12 9.882000e-01 5.468000e-03 6.332000e-03
13 9.868240e-01 5.808000e-03 7.368000e-03
14 9.855840e-01 6.032000e-03 8.384000e-03
15 9.842320e-01 6.280000e-03 9.488000e-03
16 9.829800e-01 6.456000e-03 1.056400e-02
17 9.815640e-01 6.716000e-03 1.172000e-02
18 9.801120e-01 6.900000e-03 1.298800e-02
19 9.787040e-01 7.028000e-03 1.426800e-02
20 9.773720e-01 7.144000e-03 1.548400e-02
21 9.760200e-01 7.300000e-03 1.668000e-02
22 9.745520e-01 7.436000e-03 1.801200e-02
23 9.730760e-01 7.536000e-03 1.938800e-02
24 9.718080e-01 7.464000e-03 2.072800e-02
25 9.702800e-01 7.640000e-03 2.208000e-02
26 9.686440e-01 7.888000e-03 2.346800e-02
27 9.668800e-01 8.152000e-03 2.496800e-02
28 9.652600e-01 8.300000e-03 2.644000e-02
29 9.635920e-01 8.372000e-03 2.803600e-02
30 9.619520e-01 8.736000e-03 2.931200e-02
31 9.602440e-01 9.092000e-03 3.066400e-02
32 9.584840e-01 9.284000e-03 3.223200e-02
33 9.567360e-01 9.468000e-03 3.379600e-02
34 9.550000e-01 9.664000e-03 3.533600e-02
35 9.531360e-01 9.808000e-03 3.705600e-02
36 9.512680e-01 9.884000e-03 3.884800e-02
37 9.493000e-01 1.018400e-02 4.051600e-02
38 9.474720e-01 1.015600e-02 4.237200e-02
39 9.455200e-01 1.032400e-02 4.415600e-02
40 9.436280e-01 1.034800e-02 4.602400e-02
41 9.416680e-01 1.058000e-02 4.775200e-02
42 9.396640e-01 1.077200e-02 4.956400e-02
43 9.376880e-01 1.083200e-02 5.148000e-02
44 9.359000e-01 1.072800e-02 5.337200e-02
45 9.341920e-01 1.064800e-02 5.516000e-02
46 9.323200e-01 1.080000e-02 5.688000e-02
47 9.304240e-01 1.077200e-02 5.880400e-02
48 9.286600e-01 1.074800e-02 6.059200e-02
49 9.268360e-01 1.068400e-02 6.248000e-02
50 9.249600e-01 1.078400e-02 6.425600e-02
51 9.230920e-01 1.071200e-02 6.619600e-02
52 9.211640e-01 1.070400e-02 6.813200e-02
53 9.193080e-01 1.075200e-02 6.994000e-02
54 9.174400e-01 1.073200e-02 7.182800e-02
55 9.155080e-01 1.081600e-02 7.367600e-02
56 9.136040e-01 1.089200e-02 7.550400e-02
57 9.118960e-01 1.067200e-02 7.743200e-02
58 9.099120e-01 1.083200e-02 7.925600e-02
59 9.081600e-01 1.071600e-02 8.112400e-02
60 9.064000e-01 1.062800e-02 8.297200e-02
61 9.045920e-01 1.057200e-02 8.483600e-02
62 9.027160e-01 1.060000e-02 8.668400e-02
63 9.007600e-01 1.061200e-02 8.862800e-02
64 8.988400e-01 1.075200e-02 9.040800e-02
65 8.970880e-01 1.066800e-02 9.224400e-02
66 8.952240e-01 1.075600e-02 9.402000e-02
67 8.932720e-01 1.080800e-02 9.592000e-02
68 8.912920e-01 1.081200e-02 9.789600e-02
69 8.895360e-01 1.073200e-02 9.973200e-02
70 8.878200e-01 1.051200e-02 1.016680e-01
71 8.860680e-01 1.040800e-02 1.035240e-01
72 8.842480e-01 1.046800e-02 1.052840e-01
73 8.826960e-01 1.006400e-02 1.072400e-01
74 8.811160e-01 9.824000e-03 1.090600e-01
75 8.793680e-01 9.796000e-03 1.108360e-01
76 8.776760e-01 9.820000e-03 1.125040e-01
77 8.759000e-01 9.756000e-03 1.143440e-01
78 8.743320e-01 9.576000e-03 1.160920e-01
79 8.726600e-01 9.596000e-03 1.177440e-01
80 8.710520e-01 9.584000e-03 1.193640e-01
81 8.695360e-01 9.528000e-03 1.209360e-01
82 8.680080e-01 9.548000e-03 1.224440e-01
83 8.664080e-01 9.492000e-03 1.241000e-01
84 8.646720e-01 9.520000e-03 1.258080e-01
85 8.631240e-01 9.420000e-03 1.274560e-01
86 8.616120e-01 9.272000e-03 1.291160e-01
87 8.601640e-01 9.228000e-03 1.306080e-01
88 8.587320e-01 9.000000e-03 1.322680e-01
89 8.571960e-01 9.044000e-03 1.337600e-01
90 8.558560e-01 8.836000e-03 1.353080e-01
91 8.543640e-01 8.748000e-03 1.368880e-01
92 8.527840e-01 8.808000e-03 1.384080e-01
93 8.512880e-01 8.660000e-03 1.400520e-01
94 8.496720e-01 8.724000e-03 1.416040e-01
95 8.481240e-01 8.780000e-03 1.430960e-01
96 8.466400e-01 8.816000e-03 1.445440e-01
97 8.450800e-01 8.896000e-03 1.460240e-01
98 8.434600e-01 9.036000e-03 1.475040e-01
99 8.419240e-01 9.036000e-03 1.490400e-01
100 8.404640e-01 8.900000e-03 1.506360e-01
101 8.389120e-01 8.976000e-03 1.521120e-01
102 8.374000e-01 8.904000e-03 1.536960e-01
103 8.357920e-01 9.024000e-03 1.551840e-01
104 8.341840e-01 8.900000e-03 1.569160e-01
105 8.328280e-01 8.812000e-03 1.583600e-01
106 8.311040e-01 9.028000e-03 1.598680e-01
107 8.295360e-01 9.036000e-03 1.614280e-01
108 8.279720e-01 8.988000e-03 1.630400e-01
109 8.264400e-01 8.988000e-03 1.645720e-01
110 8.250480e-01 8.816000e-03 1.661360e-01
111 8.236200e-01 8.664000e-03 1.677160e-01
112 8.221440e-01 8.720000e-03 1.691360e-01
113 8.206640e-01 8.768000e-03 1.705680e-01
114 8.191600e-01 8.816000e-03 1.720240e-01
115 8.176640e-01 8.784000e-03 1.735520e-01
116 8.161440e-01 8.740000e-03 1.751160e-01
117 8.149080e-01 8.332000e-03 1.767600e-01
118 8.138280e-01 7.856000e-03 1.783160e-01
119 8.126320e-01 7.656000e-03 1.797120e-01
120 8.113600e-01 7.576000e-03 1.810640e-01
121 8.101760e-01 7.308000e-03 1.825160e-01
122 8.089920e-01 7.204000e-03 1.838040e-01
123 8.076680e-01 7.304000e-03 1.850280e-01
124 8.065160e-01 7.100000e-03 1.863840e-01
125 8.053080e-01 7.096000e-03 1.875960e-01
126 8.041480e-01 7.016000e-03 1.888360e-01
127 8.028240e-01 7.184000e-03 1.899920e-01
128 8.016360e-01 7.080000e-03 1.912840e-01
129 8.003880e-01 7.132000e-03 1.924800e-01
130 7.990440e-01 7.260000e-03 1.936960e-01
131 7.978800e-01 7.116000e-03 1.950040e-01
132 7.967520e-01 7.044000e-03 1.962040e-01
133 7.954880e-01 7.012000e-03 1.975000e-01
134 7.943000e-01 6.904000e-03 1.987960e-01
135 7.930240e-01 7.112000e-03 1.998640e-01
136 7.917280e-01 7.092000e-03 2.011800e-01
137 7.905000e-01 7.132000e-03 2.023680e-01
138 7.892040e-01 7.176000e-03 2.036200e-01
139 7.877840e-01 7.300000e-03 2.049160e-01
140 7.864880e-01 7.408000e-03 2.061040e-01
141 7.852560e-01 7.348000e-03 2.073960e-01
142 7.840360e-01 7.348000e-03 2.086160e-01
143 7.827480e-01 7.324000e-03 2.099280e-01
144 7.814280e-01 7.320000e-03 2.112520e-01
145 7.800600e-01 7.296000e-03 2.126440e-01
146 7.787160e-01 7.416000e-03 2.138680e-01
147 7.774440e-01 7.276000e-03 2.152800e-01
148 7.762360e-01 7.200000e-03 2.165640e-01
149 7.749560e-01 7.360000e-03 2.176840e-01
150 7.737000e-01 7.384000e-03 2.189160e-01
151 7.724160e-01 7.372000e-03 2.202120e-01
152 7.710640e-01 7.372000e-03 2.215640e-01
153 7.697720e-01 7.324000e-03 2.229040e-01
154 7.684160e-01 7.332000e-03 2.242520e-01
155 7.670600e-01 7.412000e-03 2.255280e-01
156 7.656840e-01 7.444000e-03 2.268720e-01
157 7.643200e-01 7.492000e-03 2.281880e-01
158 7.630480e-01 7.536000e-03 2.294160e-01
159 7.616960e-01 7.644000e-03 2.306600e-01
160 7.603440e-01 7.608000e-03 2.320480e-01
161 7.589920e-01 7.572000e-03 2.334360e-01
162 7.577440e-01 7.608000e-03 2.346480e-01
163 7.564240e-01 7.532000e-03 2.360440e-01
164 7.552760e-01 7.288000e-03 2.374360e-01
165 7.541120e-01 7.192000e-03 2.386960e-01
166 7.528920e-01 7.096000e-03 2.400120e-01
167 7.516960e-01 7.136000e-03 2.411680e-01
168 7.503280e-01 7.232000e-03 2.424400e-01
169 7.491120e-01 7.220000e-03 2.436680e-01
170 7.477240e-01 7.336000e-03 2.449400e-01
171 7.465200e-01 7.256000e-03 2.462240e-01
172 7.453440e-01 7.168000e-03 2.474880e-01
173 7.441160e-01 7.152000e-03 2.487320e-01
174 7.429680e-01 7.056000e-03 2.499760e-01
175 7.418480e-01 6.848000e-03 2.513040e-01
176 7.406880e-01 6.800000e-03 2.525120e-01
177 7.396840e-01 6.612000e-03 2.537040e-01
178 7.386000e-01 6.532000e-03 2.548680e-01
179 7.375040e-01 6.488000e-03 2.560080e-01
180 7.365320e-01 6.344000e-03 2.571240e-01
181 7.354200e-01 6.360000e-03 2.582200e-01
182 7.343880e-01 6.268000e-03 2.593440e-01
183 7.334280e-01 6.200000e-03 2.603720e-01
184 7.324320e-01 6.108000e-03 2.614600e-01
185 7.315360e-01 6.004000e-03 2.624600e-01
186 7.305440e-01 5.952000e-03 2.635040e-01
187 7.295880e-01 5.916000e-03 2.644960e-01
188 7.285840e-01 5.808000e-03 2.656080e-01
189 7.276720e-01 5.672000e-03 2.666560e-01
190 7.267320e-01 5.596000e-03 2.676720e-01
191 7.256880e-01 5.684000e-03 2.686280e-01
192 7.247280e-01 5.664000e-03 2.696080e-01
193 7.236880e-01 5.664000e-03 2.706480e-01
194 7.227160e-01 5.664000e-03 2.716200e-01
195 7.217920e-01 5.604000e-03 2.726040e-01
196 7.209080e-01 5.568000e-03 2.735240e-01
197 7.199480e-01 5.540000e-03 2.745120e-01
198 7.189760e-01 5.552000e-03 2.754720e-01
199 7.180000e-01 5.548000e-03 2.764520e-01
200 7.171480e-01 5.536000e-03 2.773160e-01
201 7.162760e-01 5.408000e-03 2.783160e-01
202 7.154720e-01 5.240000e-03 2.792880e-01
203 7.146960e-01 5.156000e-03 2.801480e-01
204 7.139280e-01 5.068000e-03 2.810040e-01
205 7.129280e-01 5.188000e-03 2.818840e-01
206 7.119800e-01 5.248000e-03 2.827720e-01
207 7.112400e-01 5.160000e-03 2.836000e-01
208 7.103080e-01 5.184000e-03 2.845080e-01
209 7.093120e-01 5.184000e-03 2.855040e-01
210 7.083320e-01 5.236000e-03 2.864320e-01
211 7.074640e-01 5.240000e-03 2.872960e-01
212 7.066680e-01 5.076000e-03 2.882560e-01
213 7.058120e-01 4.992000e-03 2.891960e-01
214 7.049960e-01 5.048000e-03 2.899560e-01
215 7.041440e-01 4.992000e-03 2.908640e-01
216 7.033600e-01 4.896000e-03 2.917440e-01
217 7.025760e-01 4.816000e-03 2.926080e-01
218 7.018440e-01 4.668000e-03 2.934880e-01
219 7.011280e-01 4.548000e-03 2.943240e-01
220 7.003360e-01 4.596000e-03 2.950680e-01
221 6.994080e-01 4.704000e-03 2.958880e-01
222 6.984920e-01 4.748000e-03 2.967600e-01
223 6.975680e-01 4.840000e-03 2.975920e-01
224 6.966960e-01 4.860000e-03 2.984440e-01
225 6.958040e-01 4.832000e-03 2.993640e-01
226 6.948800e-01 4.896000e-03 3.002240e-01
227 6.940360e-01 4.804000e-03 3.011600e-01
228 6.932320e-01 4.748000e-03 3.020200e-01
229 6.924000e-01 4.780000e-03 3.028200e-01
230 6.915440e-01 4.840000e-03 3.036160e-01
231 6.907040e-01 4.856000e-03 3.044400e-01
232 6.897520e-01 4.952000e-03 3.052960e-01
233 6.888800e-01 4.792000e-03 3.063280e-01
234 6.879320e-01 4.856000e-03 3.072120e-01
235 6.871480e-01 4.788000e-03 3.080640e-01
236 6.862200e-01 4.832000e-03 3.089480e-01
237 6.853720e-01 4.832000e-03 3.097960e-01
238 6.844720e-01 4.820000e-03 3.107080e-01
239 6.835920e-01 4.920000e-03 3.114880e-01
240 6.826640e-01 4.972000e-03 3.123640e-01
241 6.817520e-01 5.116000e-03 3.131320e-01
242 6.810080e-01 4.916000e-03 3.140760e-01
243 6.802080e-01 4.872000e-03 3.149200e-01
244 6.794240e-01 4.800000e-03 3.157760e-01
245 6.786800e-01 4.760000e-03 3.165600e-01
246 6.779360e-01 4.756000e-03 3.173080e-01
247 6.770480e-01 4.904000e-03 3.180480e-01
248 6.762160e-01 4.812000e-03 3.189720e-01
249 6.754320e-01 4.804000e-03 3.197640e-01
250 6.747160e-01 4.748000e-03 3.205360e-01
251 6.740240e-01 4.672000e-03 3.213040e-01
252 6.732560e-01 4.668000e-03 3.220760e-01
253 6.726600e-01 4.500000e-03 3.228400e-01
254 6.718600e-01 4.484000e-03 3.236560e-01
255 6.712080e-01 4.332000e-03 3.244600e-01
256 6.704200e-01 4.336000e-03 3.252440e-01
257 6.698520e-01 4.152000e-03 3.259960e-01
258 6.692240e-01 4.080000e-03 3.266960e-01
259 6.684560e-01 4.160000e-03 3.273840e-01
260 6.677960e-01 4.044000e-03 3.281600e-01
261 6.670920e-01 4.052000e-03 3.288560e-01
262 6.664480e-01 4.004000e-03 3.295480e-01
263 6.657840e-01 3.920000e-03 3.302960e-01
264 6.650880e-01 3.944000e-03 3.309680e-01
265 6.644760e-01 3.812000e-03 3.317120e-01
266 6.637760e-01 3.852000e-03 3.323720e-01
267 6.631720e-01 3.792000e-03 3.330360e-01
268 6.625240e-01 3.812000e-03 3.336640e-01
269 6.618840e-01 3.808000e-03 3.343080e-01
270 6.613320e-01 3.732000e-03 3.349360e-01
271 6.607800e-01 3.704000e-03 3.355160e-01
272 6.601480e-01 3.708000e-03 3.361440e-01
273 6.595400e-01 3.684000e-03 3.367760e-01
274 6.588240e-01 3.812000e-03 3.373640e-01
275 6.583000e-01 3.696000e-03 3.380040e-01
276 6.577680e-01 3.608000e-03 3.386240e-01
277 6.572720e-01 3.484000e-03 3.392440e-01
278 6.567400e-01 3.468000e-03 3.397920e-01
279 6.562080e-01 3.400000e-03 3.403920e-01
280 6.557160e-01 3.356000e-03 3.409280e-01
281 6.552000e-01 3.376000e-03 3.414240e-01
282 6.546560e-01 3.396000e-03 3.419480e-01
283 6.540520e-01 3.436000e-03 3.425120e-01
284 6.535440e-01 3.328000e-03 3.431280e-01
285 6.530040e-01 3.284000e-03 3.437120e-01
286 6.523680e-01 3.388000e-03 3.442440e-01
287 6.518480e-01 3.128000e-03 3.450240e-01
288 6.513480e-01 3.072000e-03 3.455800e-01
289 6.507560e-01 3.136000e-03 3.461080e-01
290 6.501600e-01 3.200000e-03 3.466400e-01
291 6.496960e-01 3.084000e-03 3.472200e-01
292 6.492400e-01 3.064000e-03 3.476960e-01
293 6.487400e-01 3.080000e-03 3.481800e-01
294 6.482160e-01 3.152000e-03 3.486320e-01
295 6.477040e-01 3.108000e-03 3.491880e-01
296 6.472400e-01 2.980000e-03 3.497800e-01
297 6.467040e-01 2.960000e-03 3.503360e-01
298 6.461280e-01 2.948000e-03 3.509240e-01
299 6.456040e-01 2.948000e-03 3.514480e-01
300 6.450520e-01 3.068000e-03 3.518800e-01
301 6.444440e-01 3.084000e-03 3.524720e-01
302 6.438240e-01 3.204000e-03 3.529720e-01
303 6.433400e-01 3.136000e-03 3.535240e-01
304 6.427880e-01 3.160000e-03 3.540520e-01
305 6.422000e-01 3.156000e-03 3.546440e-01
306 6.416680e-01 3.268000e-03 3.550640e-01
307 6.410520e-01 3.344000e-03 3.556040e-01
308 6.404400e-01 3.392000e-03 3.561680e-01
309 6.398080e-01 3.468000e-03 3.567240e-01
310 6.391800e-01 3.456000e-03 3.573640e-01
311 6.386560e-01 3.464000e-03 3.578800e-01
312 6.380400e-01 3.452000e-03 3.585080e-01
313 6.374360e-01 3.372000e-03 3.591920e-01
314 6.367960e-01 3.472000e-03 3.597320e-01
315 6.361680e-01 3.496000e-03 3.603360e-01
316 6.355640e-01 3.432000e-03 3.610040e-01
317 6.348720e-01 3.488000e-03 3.616400e-01
318 6.342680e-01 3.504000e-03 3.622280e-01
319 6.336160e-01 3.524000e-03 3.628600e-01
320 6.330360e-01 3.492000e-03 3.634720e-01
321 6.323200e-01 3.556000e-03 3.641240e-01
322 6.318320e-01 3.432000e-03 3.647360e-01
323 6.313080e-01 3.364000e-03 3.653280e-01
324 6.308000e-01 3.332000e-03 3.658680e-01
325 6.302680e-01 3.244000e-03 3.664880e-01
326 6.297120e-01 3.216000e-03 3.670720e-01
327 6.291200e-01 3.224000e-03 3.676560e-01
328 6.286560e-01 3.172000e-03 3.681720e-01
329 6.282040e-01 3.088000e-03 3.687080e-01
330 6.277360e-01 3.040000e-03 3.692240e-01
331 6.272880e-01 2.944000e-03 3.697680e-01
332 6.269080e-01 2.780000e-03 3.703120e-01
333 6.264480e-01 2.776000e-03 3.707760e-01
334 6.260240e-01 2.740000e-03 3.712360e-01
335 6.254600e-01 2.876000e-03 3.716640e-01
336 6.249760e-01 2.804000e-03 3.722200e-01
337 6.245000e-01 2.840000e-03 3.726600e-01
338 6.240280e-01 2.872000e-03 3.731000e-01
339 6.234840e-01 2.952000e-03 3.735640e-01
340 6.230080e-01 2.904000e-03 3.740880e-01
341 6.225400e-01 2.884000e-03 3.745760e-01
342 6.220400e-01 2.924000e-03 3.750360e-01
343 6.215440e-01 2.936000e-03 3.755200e-01
344 6.210480e-01 2.948000e-03 3.760040e-01
345 6.206800e-01 2.804000e-03 3.765160e-01
346 6.202640e-01 2.776000e-03 3.769600e-01
347 6.198720e-01 2.724000e-03 3.774040e-01
348 6.194000e-01 2.760000e-03 3.778400e-01
349 6.189120e-01 2.776000e-03 3.783120e-01
350 6.184880e-01 2.676000e-03 3.788360e-01
351 6.180240e-01 2.652000e-03 3.793240e-01
352 6.176400e-01 2.520000e-03 3.798400e-01
353 6.172760e-01 2.428000e-03 3.802960e-01
354 6.168800e-01 2.380000e-03 3.807400e-01
355 6.165760e-01 2.308000e-03 3.811160e-01
356 6.161920e-01 2.292000e-03 3.815160e-01
357 6.159080e-01 2.176000e-03 3.819160e-01
358 6.155840e-01 2.140000e-03 3.822760e-01
359 6.152960e-01 2.084000e-03 3.826200e-01
360 6.150640e-01 2.020000e-03 3.829160e-01
361 6.147280e-01 1.952000e-03 3.833200e-01
362 6.144680e-01 1.852000e-03 3.836800e-01
363 6.142120e-01 1.792000e-03 3.839960e-01
364 6.138880e-01 1.820000e-03 3.842920e-01
365 6.136720e-01 1.700000e-03 3.846280e-01
366 6.133800e-01 1.724000e-03 3.848960e-01
367 6.130640e-01 1.792000e-03 3.851440e-01
368 6.127840e-01 1.776000e-03 3.854400e-01
369 6.125280e-01 1.720000e-03 3.857520e-01
370 6.122400e-01 1.656000e-03 3.861040e-01
371 6.120320e-01 1.572000e-03 3.863960e-01
372 6.117840e-01 1.536000e-03 3.866800e-01
373 6.115400e-01 1.520000e-03 3.869400e-01
374 6.113560e-01 1.504000e-03 3.871400e-01
375 6.110760e-01 1.540000e-03 3.873840e-01
376 6.108200e-01 1.532000e-03 3.876480e-01
377 6.105880e-01 1.504000e-03 3.879080e-01
378 6.103920e-01 1.448000e-03 3.881600e-01
379 6.102040e-01 1.388000e-03 3.884080e-01
380 6.099800e-01 1.368000e-03 3.886520e-01
381 6.096760e-01 1.440000e-03 3.888840e-01
382 6.094760e-01 1.400000e-03 3.891240e-01
383 6.092160e-01 1.392000e-03 3.893920e-01
384 6.090000e-01 1.404000e-03 3.895960e-01
385 6.087720e-01 1.384000e-03 3.898440e-01
386 6.085200e-01 1.340000e-03 3.901400e-01
387 6.083280e-01 1.284000e-03 3.903880e-01
388 6.081240e-01 1.268000e-03 3.906080e-01
389 6.079320e-01 1.220000e-03 3.908480e-01
390 6.077760e-01 1.164000e-03 3.910600e-01
391 6.075400e-01 1.228000e-03 3.912320e-01
392 6.073760e-01 1.164000e-03 3.914600e-01
393 6.072080e-01 1.116000e-03 3.916760e-01
394 6.069880e-01 1.140000e-03 3.918720e-01
395 6.067040e-01 1.220000e-03 3.920760e-01
396 6.064440e-01 1.264000e-03 3.922920e-01
397 6.062560e-01 1.252000e-03 3.924920e-01
398 6.059920e-01 1.252000e-03 3.927560e-01
399 6.057120e-01 1.308000e-03 3.929800e-01
400 6.055120e-01 1.268000e-03 3.932200e-01
401 6.053480e-01 1.216000e-03 3.934360e-01
402 6.051520e-01 1.236000e-03 3.936120e-01
403 6.049600e-01 1.240000e-03 3.938000e-01
404 6.047520e-01 1.200000e-03 3.940480e-01
405 6.045440e-01 1.196000e-03 3.942600e-01
406 6.043400e-01 1.200000e-03 3.944600e-01
407 6.041560e-01 1.236000e-03 3.946080e-01
408 6.039320e-01 1.292000e-03 3.947760e-01
409 6.036920e-01 1.332000e-03 3.949760e-01
410 6.034640e-01 1.328000e-03 3.952080e-01
411 6.032400e-01 1.308000e-03 3.954520e-01
412 6.030680e-01 1.268000e-03 3.956640e-01
413 6.028680e-01 1.260000e-03 3.958720e-01
414 6.026520e-01 1.240000e-03 3.961080e-01
415 6.025000e-01 1.216000e-03 3.962840e-01
416 6.023160e-01 1.196000e-03 3.964880e-01
417 6.021720e-01 1.124000e-03 3.967040e-01
418 6.020040e-01 1.072000e-03 3.969240e-01
419 6.018520e-01 1.024000e-03 3.971240e-01
420 6.016960e-01 9.760000e-04 3.973280e-01
421 6.015240e-01 9.880000e-04 3.974880e-01
422 6.013480e-01 9.960000e-04 3.976560e-01
423 6.012040e-01 9.800000e-04 3.978160e-01
424 6.010120e-01 1.012000e-03 3.979760e-01
425 6.008520e-01 9.800000e-04 3.981680e-01
426 6.006880e-01 9.560000e-04 3.983560e-01
427 6.005040e-01 9.880000e-04 3.985080e-01
428 6.003760e-01 9.680000e-04 3.986560e-01
429 6.002480e-01 9.480000e-04 3.988040e-01
430 6.000960e-01 9.640000e-04 3.989400e-01
431 5.999920e-01 8.800000e-04 3.991280e-01
432 5.998720e-01 8.800000e-04 3.992480e-01
433 5.997520e-01 8.560000e-04 3.993920e-01
434 5.996320e-01 8.720000e-04 3.994960e-01
435 5.995120e-01 7.880000e-04 3.997000e-01
436 5.994160e-01 7.440000e-04 3.998400e-01
437 5.993120e-01 7.240000e-04 3.999640e-01
438 5.991880e-01 7.280000e-04 4.000840e-01
439 5.991040e-01 7.080000e-04 4.001880e-01
440 5.990200e-01 7.040000e-04 4.002760e-01
441 5.989640e-01 6.560000e-04 4.003800e-01
442 5.988920e-01 6.120000e-04 4.004960e-01
443 5.987840e-01 6.320000e-04 4.005840e-01
444 5.986800e-01 6.040000e-04 4.007160e-01
445 5.985760e-01 5.920000e-04 4.008320e-01
446 5.984640e-01 5.760000e-04 4.009600e-01
447 5.983200e-01 6.440000e-04 4.010360e-01
448 5.981720e-01 7.040000e-04 4.011240e-01
449 5.980400e-01 7.280000e-04 4.012320e-01
450 5.978560e-01 7.960000e-04 4.013480e-01
451 5.977440e-01 7.400000e-04 4.015160e-01
452 5.976040e-01 7.400000e-04 4.016560e-01
453 5.974360e-01 7.880000e-04 4.017760e-01
454 5.972760e-01 7.600000e-04 4.019640e-01
455 5.971680e-01 7.440000e-04 4.020880e-01
456 5.970120e-01 7.880000e-04 4.022000e-01
457 5.968800e-01 7.320000e-04 4.023880e-01
458 5.967560e-01 7.040000e-04 4.025400e-01
459 5.965960e-01 7.560000e-04 4.026480e-01
460 5.964360e-01 7.600000e-04 4.028040e-01
461 5.962960e-01 7.840000e-04 4.029200e-01
462 5.961080e-01 8.480000e-04 4.030440e-01
463 5.959400e-01 8.520000e-04 4.032080e-01
464 5.957600e-01 8.920000e-04 4.033480e-01
465 5.955600e-01 9.360000e-04 4.035040e-01
466 5.953800e-01 8.960000e-04 4.037240e-01
467 5.952320e-01 8.560000e-04 4.039120e-01
468 5.950040e-01 9.560000e-04 4.040400e-01
469 5.948400e-01 9.720000e-04 4.041880e-01
470 5.947040e-01 9.480000e-04 4.043480e-01
471 5.945680e-01 9.360000e-04 4.044960e-01
472 5.944360e-01 9.160000e-04 4.046480e-01
473 5.943360e-01 8.440000e-04 4.048200e-01
474 5.941880e-01 8.760000e-04 4.049360e-01
475 5.941040e-01 8.200000e-04 4.050760e-01
476 5.939800e-01 8.280000e-04 4.051920e-01
477 5.938680e-01 7.960000e-04 4.053360e-01
478 5.937280e-01 8.440000e-04 4.054280e-01
479 5.935840e-01 8.680000e-04 4.055480e-01
480 5.934720e-01 8.240000e-04 4.057040e-01
481 5.933640e-01 7.720000e-04 4.058640e-01
482 5.932400e-01 7.600000e-04 4.060000e-01
483 5.931520e-01 7.640000e-04 4.060840e-01
484 5.930280e-01 7.680000e-04 4.062040e-01
485 5.928640e-01 7.720000e-04 4.063640e-01
486 5.927080e-01 7.920000e-04 4.065000e-01
487 5.925280e-01 8.480000e-04 4.066240e-01
488 5.923200e-01 8.920000e-04 4.067880e-01
489 5.922080e-01 8.720000e-04 4.069200e-01
490 5.920240e-01 8.880000e-04 4.070880e-01
491 5.919080e-01 8.560000e-04 4.072360e-01
492 5.917640e-01 8.160000e-04 4.074200e-01
493 5.916560e-01 7.680000e-04 4.075760e-01
494 5.915360e-01 7.480000e-04 4.077160e-01
495 5.914000e-01 7.760000e-04 4.078240e-01
496 5.912320e-01 8.000000e-04 4.079680e-01
497 5.911560e-01 7.440000e-04 4.081000e-01
498 5.910120e-01 7.520000e-04 4.082360e-01
499 5.908640e-01 7.720000e-04 4.083640e-01
500 5.906840e-01 8.320000e-04 4.084840e-01
