1 9.991440e-01 7.280000e-04 1.280000e-04
2 9.985840e-01 1.088000e-03 3.280000e-04
3 9.979840e-01 1.504000e-03 5.120000e-04
4 9.973600e-01 1.808000e-03 8.320000e-04
5 9.966680e-01 2.144000e-03 1.188000e-03
6 9.959240e-01 2.508000e-03 1.568000e-03
7 9.951520e-01 2.824000e-03 2.024000e-03
8 9.943320e-01 3.104000e-03 2.564000e-03
9 9.934880e-01 3.452000e-03 3.060000e-03
10 9.925520e-01 3.780000e-03 3.668000e-03
11 9.916440e-01 4.060000e-03 4.296000e-03
12 9.906640e-01 4.404000e-03 4.932000e-03
13 9.896440e-01 4.644000e-03 5.712000e-03
14 9.884920e-01 4.968000e-03 6.540000e-03
15 9.873240e-01 5.236000e-03 7.440000e-03
16 9.861600e-01 5.412000e-03 8.428000e-03
17 9.848440e-01 5.772000e-03 9.384000e-03
18 9.835320e-01 6.092000e-03 1.037600e-02
19 9.822760e-01 6.252000e-03 1.147200e-02
20 9.809880e-01 6.452000e-03 1.256000e-02
21 9.797960e-01 6.580000e-03 1.362400e-02
22 9.785640e-01 6.664000e-03 1.477200e-02
23 9.772320e-01 6.820000e-03 1.594800e-02
24 9.759680e-01 6.908000e-03 1.712400e-02
25 9.747320e-01 6.952000e-03 1.831600e-02
26 9.733640e-01 7.096000e-03 1.954000e-02
27 9.720120e-01 7.256000e-03 2.073200e-02
28 9.707160e-01 7.232000e-03 2.205200e-02
29 9.694560e-01 7.220000e-03 2.332400e-02
30 9.682080e-01 7.156000e-03 2.463600e-02
31 9.668520e-01 7.180000e-03 2.596800e-02
32 9.655520e-01 7.200000e-03 2.724800e-02
33 9.643480e-01 7.152000e-03 2.850000e-02
34 9.631680e-01 7.108000e-03 2.972400e-02
35 9.619560e-01 7.148000e-03 3.089600e-02
36 9.608040e-01 7.064000e-03 3.213200e-02
37 9.595000e-01 7.192000e-03 3.330800e-02
38 9.581560e-01 7.332000e-03 3.451200e-02
39 9.568760e-01 7.364000e-03 3.576000e-02
40 9.557440e-01 7.208000e-03 3.704800e-02
41 9.545000e-01 7.184000e-03 3.831600e-02
42 9.532120e-01 7.176000e-03 3.961200e-02
43 9.519880e-01 7.136000e-03 4.087600e-02
44 9.507200e-01 7.184000e-03 4.209600e-02
45 9.492400e-01 7.368000e-03 4.339200e-02
46 9.478840e-01 7.380000e-03 4.473600e-02
47 9.466000e-01 7.404000e-03 4.599600e-02
48 9.452840e-01 7.544000e-03 4.717200e-02
49 9.439040e-01 7.696000e-03 4.840000e-02
50 9.425720e-01 7.648000e-03 4.978000e-02
51 9.410880e-01 7.836000e-03 5.107600e-02
52 9.396800e-01 7.848000e-03 5.247200e-02
53 9.382880e-01 7.912000e-03 5.380000e-02
54 9.367800e-01 8.024000e-03 5.519600e-02
55 9.353120e-01 8.196000e-03 5.649200e-02
56 9.337800e-01 8.464000e-03 5.775600e-02
57 9.322600e-01 8.432000e-03 5.930800e-02
58 9.306120e-01 8.648000e-03 6.074000e-02
59 9.289840e-01 8.812000e-03 6.220400e-02
60 9.274800e-01 8.780000e-03 6.374000e-02
61 9.258520e-01 8.940000e-03 6.520800e-02
62 9.241680e-01 8.936000e-03 6.689600e-02
63 9.226520e-01 8.916000e-03 6.843200e-02
64 9.211400e-01 8.748000e-03 7.011200e-02
65 9.196200e-01 8.644000e-03 7.173600e-02
66 9.180480e-01 8.644000e-03 7.330800e-02
67 9.165600e-01 8.524000e-03 7.491600e-02
68 9.149960e-01 8.460000e-03 7.654400e-02
69 9.134880e-01 8.444000e-03 7.806800e-02
70 9.119720e-01 8.476000e-03 7.955200e-02
71 9.103960e-01 8.592000e-03 8.101200e-02
72 9.088800e-01 8.636000e-03 8.248400e-02
73 9.073760e-01 8.580000e-03 8.404400e-02
74 9.058280e-01 8.624000e-03 8.554800e-02
75 9.044320e-01 8.548000e-03 8.702000e-02
76 9.029280e-01 8.620000e-03 8.845200e-02
77 9.015280e-01 8.424000e-03 9.004800e-02
78 9.001520e-01 8.356000e-03 9.149200e-02
79 8.987320e-01 8.328000e-03 9.294000e-02
80 8.971760e-01 8.320000e-03 9.450400e-02
81 8.957600e-01 8.380000e-03 9.586000e-02
82 8.942760e-01 8.480000e-03 9.724400e-02
83 8.928040e-01 8.520000e-03 9.867600e-02
84 8.910560e-01 8.760000e-03 1.001840e-01
85 8.894960e-01 8.824000e-03 1.016800e-01
86 8.880280e-01 8.688000e-03 1.032840e-01
87 8.866600e-01 8.500000e-03 1.048400e-01
88 8.852680e-01 8.444000e-03 1.062880e-01
89 8.836160e-01 8.648000e-03 1.077360e-01
90 8.821360e-01 8.688000e-03 1.091760e-01
91 8.806360e-01 8.564000e-03 1.108000e-01
92 8.791720e-01 8.588000e-03 1.122400e-01
93 8.776840e-01 8.568000e-03 1.137480e-01
94 8.762560e-01 8.456000e-03 1.152880e-01
95 8.748520e-01 8.204000e-03 1.169440e-01
96 8.734560e-01 8.128000e-03 1.184160e-01
97 8.721680e-01 7.924000e-03 1.199080e-01
98 8.708360e-01 7.976000e-03 1.211880e-01
99 8.695560e-01 7.772000e-03 1.226720e-01
100 8.682640e-01 7.840000e-03 1.238960e-01
101 8.669680e-01 7.748000e-03 1.252840e-01
102 8.656360e-01 7.676000e-03 1.266880e-01
103 8.643600e-01 7.688000e-03 1.279520e-01
104 8.630080e-01 7.792000e-03 1.292000e-01
105 8.615480e-01 7.844000e-03 1.306080e-01
106 8.600720e-01 7.940000e-03 1.319880e-01
107 8.586080e-01 8.100000e-03 1.332920e-01
108 8.572040e-01 8.104000e-03 1.346920e-01
109 8.560160e-01 7.820000e-03 1.361640e-01
110 8.545080e-01 7.936000e-03 1.375560e-01
111 8.531000e-01 8.008000e-03 1.388920e-01
112 8.516080e-01 8.032000e-03 1.403600e-01
113 8.502600e-01 8.076000e-03 1.416640e-01
114 8.489560e-01 7.960000e-03 1.430840e-01
115 8.474720e-01 8.148000e-03 1.443800e-01
116 8.460880e-01 8.164000e-03 1.457480e-01
117 8.446280e-01 8.252000e-03 1.471200e-01
118 8.432440e-01 8.200000e-03 1.485560e-01
119 8.417800e-01 8.136000e-03 1.500840e-01
120 8.403560e-01 8.076000e-03 1.515680e-01
121 8.388640e-01 8.356000e-03 1.527800e-01
122 8.373880e-01 8.532000e-03 1.540800e-01
123 8.358200e-01 8.652000e-03 1.555280e-01
124 8.343280e-01 8.736000e-03 1.569360e-01
125 8.326800e-01 8.788000e-03 1.585320e-01
126 8.310280e-01 8.868000e-03 1.601040e-01
127 8.293040e-01 9.000000e-03 1.616960e-01
128 8.277280e-01 8.876000e-03 1.633960e-01
129 8.261360e-01 8.912000e-03 1.649520e-01
130 8.245840e-01 8.864000e-03 1.665520e-01
131 8.228480e-01 8.980000e-03 1.681720e-01
132 8.213040e-01 8.840000e-03 1.698560e-01
133 8.198280e-01 8.888000e-03 1.712840e-01
134 8.182200e-01 9.064000e-03 1.727160e-01
135 8.167320e-01 9.036000e-03 1.742320e-01
136 8.152200e-01 8.936000e-03 1.758440e-01
137 8.135760e-01 9.056000e-03 1.773680e-01
138 8.119520e-01 9.076000e-03 1.789720e-01
139 8.102200e-01 9.140000e-03 1.806400e-01
140 8.086880e-01 9.140000e-03 1.821720e-01
141 8.071920e-01 9.104000e-03 1.837040e-01
142 8.057920e-01 8.820000e-03 1.853880e-01
143 8.044400e-01 8.672000e-03 1.868880e-01
144 8.031080e-01 8.564000e-03 1.883280e-01
145 8.017240e-01 8.372000e-03 1.899040e-01
146 8.004160e-01 8.256000e-03 1.913280e-01
147 7.992800e-01 7.940000e-03 1.927800e-01
148 7.980720e-01 7.716000e-03 1.942120e-01
149 7.968520e-01 7.648000e-03 1.955000e-01
150 7.955920e-01 7.660000e-03 1.967480e-01
151 7.943720e-01 7.540000e-03 1.980880e-01
152 7.930960e-01 7.512000e-03 1.993920e-01
153 7.918480e-01 7.336000e-03 2.008160e-01
154 7.905920e-01 7.296000e-03 2.021120e-01
155 7.893040e-01 7.296000e-03 2.034000e-01
156 7.881040e-01 7.236000e-03 2.046600e-01
157 7.868600e-01 7.224000e-03 2.059160e-01
158 7.856280e-01 7.312000e-03 2.070600e-01
159 7.843800e-01 7.300000e-03 2.083200e-01
160 7.832160e-01 7.308000e-03 2.094760e-01
161 7.821000e-01 7.188000e-03 2.107120e-01
162 7.811120e-01 7.032000e-03 2.118560e-01
163 7.800280e-01 6.896000e-03 2.130760e-01
164 7.790040e-01 6.824000e-03 2.141720e-01
165 7.778720e-01 6.832000e-03 2.152960e-01
166 7.768640e-01 6.716000e-03 2.164200e-01
167 7.758600e-01 6.512000e-03 2.176280e-01
168 7.748920e-01 6.356000e-03 2.187520e-01
169 7.739240e-01 6.288000e-03 2.197880e-01
170 7.729840e-01 6.188000e-03 2.208280e-01
171 7.719240e-01 6.192000e-03 2.218840e-01
172 7.708000e-01 6.196000e-03 2.230040e-01
173 7.697200e-01 6.208000e-03 2.240720e-01
174 7.686400e-01 6.108000e-03 2.252520e-01
175 7.675760e-01 6.156000e-03 2.262680e-01
176 7.665080e-01 6.096000e-03 2.273960e-01
177 7.653040e-01 6.128000e-03 2.285680e-01
178 7.643840e-01 5.972000e-03 2.296440e-01
179 7.634320e-01 5.816000e-03 2.307520e-01
180 7.624560e-01 5.732000e-03 2.318120e-01
181 7.614400e-01 5.664000e-03 2.328960e-01
182 7.603640e-01 5.700000e-03 2.339360e-01
183 7.592720e-01 5.792000e-03 2.349360e-01
184 7.583560e-01 5.676000e-03 2.359680e-01
185 7.573520e-01 5.644000e-03 2.370040e-01
186 7.563760e-01 5.692000e-03 2.379320e-01
187 7.553440e-01 5.816000e-03 2.388400e-01
188 7.543280e-01 5.776000e-03 2.398960e-01
189 7.532440e-01 5.824000e-03 2.409320e-01
190 7.522840e-01 5.756000e-03 2.419600e-01
191 7.512440e-01 5.812000e-03 2.429440e-01
192 7.501920e-01 5.836000e-03 2.439720e-01
193 7.491080e-01 5.884000e-03 2.450080e-01
194 7.479880e-01 5.900000e-03 2.461120e-01
195 7.468920e-01 5.936000e-03 2.471720e-01
196 7.458280e-01 5.988000e-03 2.481840e-01
197 7.447920e-01 6.032000e-03 2.491760e-01
198 7.436560e-01 6.128000e-03 2.502160e-01
199 7.425480e-01 6.236000e-03 2.512160e-01
200 7.415640e-01 6.168000e-03 2.522680e-01
201 7.404360e-01 6.204000e-03 2.533600e-01
202 7.392080e-01 6.364000e-03 2.544280e-01
203 7.379520e-01 6.460000e-03 2.555880e-01
204 7.368000e-01 6.380000e-03 2.568200e-01
205 7.357120e-01 6.372000e-03 2.579160e-01
206 7.347400e-01 6.220000e-03 2.590400e-01
207 7.336800e-01 6.272000e-03 2.600480e-01
208 7.327360e-01 6.164000e-03 2.611000e-01
209 7.318120e-01 5.824000e-03 2.623640e-01
210 7.308440e-01 5.804000e-03 2.633520e-01
211 7.299360e-01 5.752000e-03 2.643120e-01
212 7.289840e-01 5.712000e-03 2.653040e-01
213 7.281240e-01 5.520000e-03 2.663560e-01
214 7.272800e-01 5.364000e-03 2.673560e-01
215 7.263640e-01 5.356000e-03 2.682800e-01
216 7.254160e-01 5.368000e-03 2.692160e-01
217 7.244640e-01 5.364000e-03 2.701720e-01
218 7.237120e-01 5.108000e-03 2.711800e-01
219 7.229280e-01 4.976000e-03 2.720960e-01
220 7.220600e-01 5.016000e-03 2.729240e-01
221 7.212880e-01 4.856000e-03 2.738560e-01
222 7.204320e-01 4.768000e-03 2.748000e-01
223 7.196000e-01 4.808000e-03 2.755920e-01
224 7.187640e-01 4.712000e-03 2.765240e-01
225 7.179720e-01 4.708000e-03 2.773200e-01
226 7.171880e-01 4.772000e-03 2.780400e-01
227 7.163480e-01 4.780000e-03 2.788720e-01
228 7.154760e-01 4.920000e-03 2.796040e-01
229 7.145640e-01 5.068000e-03 2.803680e-01
230 7.135080e-01 5.232000e-03 2.812600e-01
231 7.126560e-01 5.132000e-03 2.822120e-01
232 7.119080e-01 5.004000e-03 2.830880e-01
233 7.111280e-01 4.856000e-03 2.840160e-01
234 7.103400e-01 4.868000e-03 2.847920e-01
235 7.096440e-01 4.644000e-03 2.857120e-01
236 7.089120e-01 4.556000e-03 2.865320e-01
237 7.082040e-01 4.468000e-03 2.873280e-01
238 7.075080e-01 4.348000e-03 2.881440e-01
239 7.067200e-01 4.296000e-03 2.889840e-01
240 7.059120e-01 4.432000e-03 2.896560e-01
241 7.051960e-01 4.408000e-03 2.903960e-01
242 7.044120e-01 4.476000e-03 2.911120e-01
243 7.037800e-01 4.356000e-03 2.918640e-01
244 7.030560e-01 4.260000e-03 2.926840e-01
245 7.024080e-01 4.176000e-03 2.934160e-01
246 7.017760e-01 4.176000e-03 2.940480e-01
247 7.010840e-01 4.096000e-03 2.948200e-01
248 7.003240e-01 4.152000e-03 2.955240e-01
249 6.996280e-01 4.116000e-03 2.962560e-01
250 6.989640e-01 4.160000e-03 2.968760e-01
251 6.982520e-01 4.044000e-03 2.977040e-01
252 6.975920e-01 3.972000e-03 2.984360e-01
253 6.969440e-01 3.900000e-03 2.991560e-01
254 6.962000e-01 3.920000e-03 2.998800e-01
255 6.954320e-01 4.036000e-03 3.005320e-01
256 6.948160e-01 3.996000e-03 3.011880e-01
257 6.941280e-01 4.016000e-03 3.018560e-01
258 6.935600e-01 3.852000e-03 3.025880e-01
259 6.930280e-01 3.708000e-03 3.032640e-01
260 6.924560e-01 3.672000e-03 3.038720e-01
261 6.918600e-01 3.676000e-03 3.044640e-01
262 6.912280e-01 3.604000e-03 3.051680e-01
263 6.906440e-01 3.520000e-03 3.058360e-01
264 6.901080e-01 3.488000e-03 3.064040e-01
265 6.894960e-01 3.444000e-03 3.070600e-01
266 6.889000e-01 3.468000e-03 3.076320e-01
267 6.881920e-01 3.624000e-03 3.081840e-01
268 6.876000e-01 3.552000e-03 3.088480e-01
269 6.869680e-01 3.620000e-03 3.094120e-01
270 6.862560e-01 3.728000e-03 3.100160e-01
271 6.856560e-01 3.620000e-03 3.107240e-01
272 6.850000e-01 3.604000e-03 3.113960e-01
273 6.843440e-01 3.640000e-03 3.120160e-01
274 6.836280e-01 3.712000e-03 3.126600e-01
275 6.830440e-01 3.676000e-03 3.132800e-01
276 6.824160e-01 3.696000e-03 3.138880e-01
277 6.819000e-01 3.596000e-03 3.145040e-01
278 6.813200e-01 3.524000e-03 3.151560e-01
279 6.807720e-01 3.416000e-03 3.158120e-01
280 6.802480e-01 3.368000e-03 3.163840e-01
281 6.796880e-01 3.440000e-03 3.168720e-01
282 6.791120e-01 3.380000e-03 3.175080e-01
283 6.785520e-01 3.368000e-03 3.180800e-01
284 6.780320e-01 3.292000e-03 3.186760e-01
285 6.774840e-01 3.272000e-03 3.192440e-01
286 6.769840e-01 3.176000e-03 3.198400e-01
287 6.764640e-01 3.172000e-03 3.203640e-01
288 6.759840e-01 3.116000e-03 3.209000e-01
289 6.755240e-01 3.116000e-03 3.213600e-01
290 6.750480e-01 3.068000e-03 3.218840e-01
291 6.745080e-01 3.068000e-03 3.224240e-01
292 6.740240e-01 3.056000e-03 3.229200e-01
293 6.735920e-01 2.996000e-03 3.234120e-01
294 6.731520e-01 2.956000e-03 3.238920e-01
295 6.727640e-01 2.876000e-03 3.243600e-01
296 6.722960e-01 2.840000e-03 3.248640e-01
297 6.718080e-01 2.768000e-03 3.254240e-01
298 6.713240e-01 2.732000e-03 3.259440e-01
299 6.709240e-01 2.680000e-03 3.263960e-01
300 6.704400e-01 2.660000e-03 3.269000e-01
301 6.699760e-01 2.736000e-03 3.272880e-01
302 6.694960e-01 2.808000e-03 3.276960e-01
303 6.689680e-01 2.896000e-03 3.281360e-01
304 6.684680e-01 2.872000e-03 3.286600e-01
305 6.679600e-01 2.916000e-03 3.291240e-01
306 6.674640e-01 2.932000e-03 3.296040e-01
307 6.669480e-01 3.032000e-03 3.300200e-01
308 6.663760e-01 3.100000e-03 3.305240e-01
309 6.658000e-01 3.160000e-03 3.310400e-01
310 6.652920e-01 3.136000e-03 3.315720e-01
311 6.647440e-01 3.080000e-03 3.321760e-01
312 6.641760e-01 3.068000e-03 3.327560e-01
313 6.635640e-01 3.108000e-03 3.333280e-01
314 6.630640e-01 3.088000e-03 3.338480e-01
315 6.624640e-01 3.128000e-03 3.344080e-01
316 6.618680e-01 3.184000e-03 3.349480e-01
317 6.613880e-01 3.156000e-03 3.354560e-01
318 6.608480e-01 3.184000e-03 3.359680e-01
319 6.602800e-01 3.272000e-03 3.364480e-01
320 6.597000e-01 3.256000e-03 3.370440e-01
321 6.591880e-01 3.192000e-03 3.376200e-01
322 6.585760e-01 3.224000e-03 3.382000e-01
323 6.578440e-01 3.372000e-03 3.387840e-01
324 6.571880e-01 3.472000e-03 3.393400e-01
325 6.565960e-01 3.476000e-03 3.399280e-01
326 6.559120e-01 3.628000e-03 3.404600e-01
327 6.554120e-01 3.488000e-03 3.411000e-01
328 6.548320e-01 3.372000e-03 3.417960e-01
329 6.543120e-01 3.280000e-03 3.424080e-01
330 6.538320e-01 3.220000e-03 3.429480e-01
331 6.533080e-01 3.244000e-03 3.434480e-01
332 6.527880e-01 3.216000e-03 3.439960e-01
333 6.522240e-01 3.168000e-03 3.446080e-01
334 6.516880e-01 3.180000e-03 3.451320e-01
335 6.511920e-01 3.112000e-03 3.456960e-01
336 6.508160e-01 2.928000e-03 3.462560e-01
337 6.504120e-01 2.816000e-03 3.467720e-01
338 6.499760e-01 2.728000e-03 3.472960e-01
339 6.495200e-01 2.636000e-03 3.478440e-01
340 6.490400e-01 2.684000e-03 3.482760e-01
341 6.486640e-01 2.592000e-03 3.487440e-01
342 6.482560e-01 2.492000e-03 3.492520e-01
343 6.477960e-01 2.560000e-03 3.496440e-01
344 6.472880e-01 2.612000e-03 3.501000e-01
345 6.468040e-01 2.644000e-03 3.505520e-01
346 6.463360e-01 2.672000e-03 3.509920e-01
347 6.459320e-01 2.608000e-03 3.514600e-01
348 6.455800e-01 2.500000e-03 3.519200e-01
349 6.451920e-01 2.440000e-03 3.523680e-01
350 6.447920e-01 2.416000e-03 3.527920e-01
351 6.444640e-01 2.316000e-03 3.532200e-01
352 6.441160e-01 2.296000e-03 3.535880e-01
353 6.437400e-01 2.252000e-03 3.540080e-01
354 6.433560e-01 2.236000e-03 3.544080e-01
355 6.429040e-01 2.220000e-03 3.548760e-01
356 6.424600e-01 2.268000e-03 3.552720e-01
357 6.420240e-01 2.292000e-03 3.556840e-01
358 6.415760e-01 2.328000e-03 3.560960e-01
359 6.411880e-01 2.308000e-03 3.565040e-01
360 6.407920e-01 2.260000e-03 3.569480e-01
361 6.403840e-01 2.272000e-03 3.573440e-01
362 6.399880e-01 2.312000e-03 3.577000e-01
363 6.396960e-01 2.240000e-03 3.580640e-01
364 6.392400e-01 2.320000e-03 3.584400e-01
365 6.387720e-01 2.348000e-03 3.588800e-01
366 6.384000e-01 2.312000e-03 3.592880e-01
367 6.379520e-01 2.412000e-03 3.596360e-01
368 6.375480e-01 2.360000e-03 3.600920e-01
369 6.371600e-01 2.332000e-03 3.605080e-01
370 6.367200e-01 2.400000e-03 3.608800e-01
371 6.362920e-01 2.416000e-03 3.612920e-01
372 6.358200e-01 2.436000e-03 3.617440e-01
373 6.353160e-01 2.568000e-03 3.621160e-01
374 6.349080e-01 2.544000e-03 3.625480e-01
375 6.344320e-01 2.612000e-03 3.629560e-01
376 6.338880e-01 2.744000e-03 3.633680e-01
377 6.333600e-01 2.828000e-03 3.638120e-01
378 6.327640e-01 2.868000e-03 3.643680e-01
379 6.322800e-01 2.912000e-03 3.648080e-01
380 6.317680e-01 2.784000e-03 3.654480e-01
381 6.311800e-01 2.868000e-03 3.659520e-01
382 6.306400e-01 2.912000e-03 3.664480e-01
383 6.301240e-01 2.904000e-03 3.669720e-01
384 6.295920e-01 2.800000e-03 3.676080e-01
385 6.291000e-01 2.820000e-03 3.680800e-01
386 6.285760e-01 2.876000e-03 3.685480e-01
387 6.280240e-01 2.980000e-03 3.689960e-01
388 6.275320e-01 2.936000e-03 3.695320e-01
389 6.270200e-01 2.964000e-03 3.700160e-01
390 6.265720e-01 2.952000e-03 3.704760e-01
391 6.261160e-01 2.916000e-03 3.709680e-01
392 6.256120e-01 2.908000e-03 3.714800e-01
393 6.251360e-01 2.852000e-03 3.720120e-01
394 6.245160e-01 3.000000e-03 3.724840e-01
395 6.240040e-01 3.004000e-03 3.729920e-01
396 6.235160e-01 2.988000e-03 3.734960e-01
397 6.230160e-01 2.976000e-03 3.740080e-01
398 6.225360e-01 2.988000e-03 3.744760e-01
399 6.219520e-01 3.040000e-03 3.750080e-01
400 6.213720e-01 3.064000e-03 3.755640e-01
401 6.209240e-01 2.968000e-03 3.761080e-01
402 6.204440e-01 2.896000e-03 3.766600e-01
403 6.200200e-01 2.772000e-03 3.772080e-01
404 6.195640e-01 2.676000e-03 3.777600e-01
405 6.191160e-01 2.596000e-03 3.782880e-01
406 6.187200e-01 2.476000e-03 3.788040e-01
407 6.182520e-01 2.552000e-03 3.791960e-01
408 6.179000e-01 2.456000e-03 3.796440e-01
409 6.175320e-01 2.432000e-03 3.800360e-01
410 6.171600e-01 2.424000e-03 3.804160e-01
411 6.168080e-01 2.324000e-03 3.808680e-01
412 6.164720e-01 2.312000e-03 3.812160e-01
413 6.161240e-01 2.308000e-03 3.815680e-01
414 6.157240e-01 2.336000e-03 3.819400e-01
415 6.153640e-01 2.212000e-03 3.824240e-01
416 6.149480e-01 2.264000e-03 3.827880e-01
417 6.146000e-01 2.240000e-03 3.831600e-01
418 6.143000e-01 2.136000e-03 3.835640e-01
419 6.138840e-01 2.168000e-03 3.839480e-01
420 6.135920e-01 2.084000e-03 3.843240e-01
421 6.132240e-01 2.068000e-03 3.847080e-01
422 6.128480e-01 2.124000e-03 3.850280e-01
423 6.125440e-01 2.064000e-03 3.853920e-01
424 6.122320e-01 2.008000e-03 3.857600e-01
425 6.118600e-01 2.052000e-03 3.860880e-01
426 6.114960e-01 2.136000e-03 3.863680e-01
427 6.111000e-01 2.160000e-03 3.867400e-01
428 6.107360e-01 2.136000e-03 3.871280e-01
429 6.103720e-01 2.176000e-03 3.874520e-01
430 6.100000e-01 2.164000e-03 3.878360e-01
431 6.096320e-01 2.180000e-03 3.881880e-01
432 6.093160e-01 2.116000e-03 3.885680e-01
433 6.089240e-01 2.120000e-03 3.889560e-01
434 6.085480e-01 2.100000e-03 3.893520e-01
435 6.082200e-01 2.080000e-03 3.897000e-01
436 6.078480e-01 2.084000e-03 3.900680e-01
437 6.075160e-01 2.020000e-03 3.904640e-01
438 6.072080e-01 1.936000e-03 3.908560e-01
439 6.068520e-01 1.964000e-03 3.911840e-01
440 6.065240e-01 1.924000e-03 3.915520e-01
441 6.062760e-01 1.864000e-03 3.918600e-01
442 6.059640e-01 1.764000e-03 3.922720e-01
443 6.056400e-01 1.808000e-03 3.925520e-01
444 6.053440e-01 1.812000e-03 3.928440e-01
445 6.050360e-01 1.836000e-03 3.931280e-01
446 6.047000e-01 1.868000e-03 3.934320e-01
447 6.044600e-01 1.772000e-03 3.937680e-01
448 6.041720e-01 1.812000e-03 3.940160e-01
449 6.038920e-01 1.760000e-03 3.943480e-01
450 6.036400e-01 1.732000e-03 3.946280e-01
451 6.034160e-01 1.692000e-03 3.948920e-01
452 6.031760e-01 1.596000e-03 3.952280e-01
453 6.028800e-01 1.588000e-03 3.955320e-01
454 6.026040e-01 1.624000e-03 3.957720e-01
455 6.023000e-01 1.612000e-03 3.960880e-01
456 6.019920e-01 1.612000e-03 3.963960e-01
457 6.016880e-01 1.636000e-03 3.966760e-01
458 6.014840e-01 1.616000e-03 3.969000e-01
459 6.011680e-01 1.692000e-03 3.971400e-01
460 6.008200e-01 1.716000e-03 3.974640e-01
461 6.005000e-01 1.760000e-03 3.977400e-01
462 6.001440e-01 1.800000e-03 3.980560e-01
463 5.998280e-01 1.752000e-03 3.984200e-01
464 5.995080e-01 1.776000e-03 3.987160e-01
465 5.992280e-01 1.760000e-03 3.990120e-01
466 5.989000e-01 1.796000e-03 3.993040e-01
467 5.986000e-01 1.788000e-03 3.996120e-01
468 5.983040e-01 1.780000e-03 3.999160e-01
469 5.980320e-01 1.736000e-03 4.002320e-01
470 5.977040e-01 1.776000e-03 4.005200e-01
471 5.974000e-01 1.720000e-03 4.008800e-01
472 5.971440e-01 1.668000e-03 4.011880e-01
473 5.968280e-01 1.696000e-03 4.014760e-01
474 5.965640e-01 1.644000e-03 4.017920e-01
475 5.962640e-01 1.684000e-03 4.020520e-01
476 5.959600e-01 1.688000e-03 4.023520e-01
477 5.956840e-01 1.692000e-03 4.026240e-01
478 5.953720e-01 1.700000e-03 4.029280e-01
479 5.950960e-01 1.716000e-03 4.031880e-01
480 5.947680e-01 1.820000e-03 4.034120e-01
481 5.945320e-01 1.740000e-03 4.037280e-01
482 5.942280e-01 1.724000e-03 4.040480e-01
483 5.939360e-01 1.712000e-03 4.043520e-01
484 5.936200e-01 1.736000e-03 4.046440e-01
485 5.932280e-01 1.800000e-03 4.049720e-01
486 5.929440e-01 1.780000e-03 4.052760e-01
487 5.926760e-01 1.776000e-03 4.055480e-01
488 5.924600e-01 1.692000e-03 4.058480e-01
489 5.922000e-01 1.696000e-03 4.061040e-01
490 5.918400e-01 1.740000e-03 4.064200e-01
491 5.916480e-01 1.656000e-03 4.066960e-01
492 5.913920e-01 1.652000e-03 4.069560e-01
493 5.911600e-01 1.624000e-03 4.072160e-01
494 5.908840e-01 1.568000e-03 4.075480e-01
495 5.906360e-01 1.532000e-03 4.078320e-01
496 5.903040e-01 1.616000e-03 4.080800e-01
497 5.899480e-01 1.664000e-03 4.083880e-01
498 5.895760e-01 1.752000e-03 4.086720e-01
499 5.893080e-01 1.672000e-03 4.090200e-01
500 5.890360e-01 1.700000e-03 4.092640e-01
