1 9.992200e-01 6.920000e-04 8.800000e-05
2 9.985560e-01 1.116000e-03 3.280000e-04
3 9.979560e-01 1.428000e-03 6.160000e-04
4 9.972160e-01 1.840000e-03 9.440000e-04
5 9.964400e-01 2.252000e-03 1.308000e-03
6 9.956960e-01 2.536000e-03 1.768000e-03
7 9.949080e-01 2.888000e-03 2.204000e-03
8 9.939840e-01 3.272000e-03 2.744000e-03
9 9.930760e-01 3.560000e-03 3.364000e-03
10 9.921760e-01 3.824000e-03 4.000000e-03
11 9.912520e-01 4.052000e-03 4.696000e-03
12 9.903080e-01 4.232000e-03 5.460000e-03
13 9.891920e-01 4.556000e-03 6.252000e-03
14 9.883120e-01 4.668000e-03 7.020000e-03
15 9.872640e-01 4.860000e-03 7.876000e-03
16 9.861760e-01 5.072000e-03 8.752000e-03
17 9.850160e-01 5.304000e-03 9.680000e-03
18 9.838920e-01 5.524000e-03 1.058400e-02
19 9.825120e-01 5.972000e-03 1.151600e-02
20 9.812440e-01 6.200000e-03 1.255600e-02
21 9.799000e-01 6.356000e-03 1.374400e-02
22 9.785320e-01 6.512000e-03 1.495600e-02
23 9.772920e-01 6.604000e-03 1.610400e-02
24 9.758240e-01 6.860000e-03 1.731600e-02
25 9.744280e-01 7.076000e-03 1.849600e-02
26 9.730000e-01 7.408000e-03 1.959200e-02
27 9.714120e-01 7.752000e-03 2.083600e-02
28 9.698640e-01 7.964000e-03 2.217200e-02
29 9.682680e-01 8.148000e-03 2.358400e-02
30 9.667560e-01 8.188000e-03 2.505600e-02
31 9.652840e-01 8.272000e-03 2.644400e-02
32 9.639080e-01 8.256000e-03 2.783600e-02
33 9.625760e-01 8.120000e-03 2.930400e-02
34 9.610080e-01 8.384000e-03 3.060800e-02
35 9.594840e-01 8.520000e-03 3.199600e-02
36 9.580800e-01 8.400000e-03 3.352000e-02
37 9.566840e-01 8.292000e-03 3.502400e-02
38 9.551520e-01 8.424000e-03 3.642400e-02
39 9.537280e-01 8.392000e-03 3.788000e-02
40 9.521560e-01 8.652000e-03 3.919200e-02
41 9.507920e-01 8.568000e-03 4.064000e-02
42 9.494080e-01 8.444000e-03 4.214800e-02
43 9.478840e-01 8.492000e-03 4.362400e-02
44 9.463120e-01 8.572000e-03 4.511600e-02
45 9.447400e-01 8.516000e-03 4.674400e-02
46 9.432880e-01 8.480000e-03 4.823200e-02
47 9.417560e-01 8.480000e-03 4.976400e-02
48 9.402080e-01 8.556000e-03 5.123600e-02
49 9.386800e-01 8.464000e-03 5.285600e-02
50 9.370280e-01 8.620000e-03 5.435200e-02
51 9.352520e-01 8.884000e-03 5.586400e-02
52 9.335320e-01 9.044000e-03 5.742400e-02
53 9.317880e-01 9.172000e-03 5.904000e-02
54 9.299800e-01 9.316000e-03 6.070400e-02
55 9.283480e-01 9.272000e-03 6.238000e-02
56 9.266920e-01 9.220000e-03 6.408800e-02
57 9.249280e-01 9.312000e-03 6.576000e-02
58 9.232200e-01 9.460000e-03 6.732000e-02
59 9.216200e-01 9.368000e-03 6.901200e-02
60 9.198520e-01 9.584000e-03 7.056400e-02
61 9.182000e-01 9.664000e-03 7.213600e-02
62 9.164880e-01 9.552000e-03 7.396000e-02
63 9.147800e-01 9.736000e-03 7.548400e-02
64 9.131240e-01 9.712000e-03 7.716400e-02
65 9.115840e-01 9.620000e-03 7.879600e-02
66 9.098200e-01 9.844000e-03 8.033600e-02
67 9.080000e-01 1.004000e-02 8.196000e-02
68 9.060040e-01 1.037200e-02 8.362400e-02
69 9.041240e-01 1.051600e-02 8.536000e-02
70 9.023240e-01 1.054000e-02 8.713600e-02
71 9.005440e-01 1.042800e-02 8.902800e-02
72 8.987600e-01 1.034000e-02 9.090000e-02
73 8.969480e-01 1.027200e-02 9.278000e-02
74 8.949680e-01 1.045600e-02 9.457600e-02
75 8.931720e-01 1.046400e-02 9.636400e-02
76 8.914400e-01 1.038400e-02 9.817600e-02
77 8.895160e-01 1.049200e-02 9.999200e-02
78 8.878360e-01 1.034400e-02 1.018200e-01
79 8.859840e-01 1.034800e-02 1.036680e-01
80 8.842080e-01 1.033200e-02 1.054600e-01
81 8.826120e-01 1.011200e-02 1.072760e-01
82 8.808360e-01 1.009600e-02 1.090680e-01
83 8.791680e-01 1.005200e-02 1.107800e-01
84 8.775480e-01 9.808000e-03 1.126440e-01
85 8.759000e-01 9.632000e-03 1.144680e-01
86 8.743560e-01 9.536000e-03 1.161080e-01
87 8.728040e-01 9.392000e-03 1.178040e-01
88 8.711480e-01 9.452000e-03 1.194000e-01
89 8.694640e-01 9.552000e-03 1.209840e-01
90 8.676840e-01 9.724000e-03 1.225920e-01
91 8.659600e-01 9.772000e-03 1.242680e-01
92 8.643160e-01 9.600000e-03 1.260840e-01
93 8.627480e-01 9.424000e-03 1.278280e-01
94 8.611080e-01 9.404000e-03 1.294880e-01
95 8.594560e-01 9.472000e-03 1.310720e-01
96 8.577320e-01 9.636000e-03 1.326320e-01
97 8.560600e-01 9.668000e-03 1.342720e-01
98 8.543480e-01 9.724000e-03 1.359280e-01
99 8.529080e-01 9.432000e-03 1.376600e-01
100 8.512520e-01 9.476000e-03 1.392720e-01
101 8.497160e-01 9.380000e-03 1.409040e-01
102 8.482320e-01 9.156000e-03 1.426120e-01
103 8.467840e-01 8.952000e-03 1.442640e-01
104 8.452040e-01 9.012000e-03 1.457840e-01
105 8.437600e-01 8.944000e-03 1.472960e-01
106 8.422880e-01 8.800000e-03 1.489120e-01
107 8.408360e-01 8.656000e-03 1.505080e-01
108 8.393960e-01 8.468000e-03 1.521360e-01
109 8.380680e-01 8.300000e-03 1.536320e-01
110 8.367760e-01 8.320000e-03 1.549040e-01
111 8.354800e-01 8.192000e-03 1.563280e-01
112 8.339400e-01 8.272000e-03 1.577880e-01
113 8.324960e-01 8.200000e-03 1.593040e-01
114 8.310640e-01 8.212000e-03 1.607240e-01
115 8.296280e-01 8.068000e-03 1.623040e-01
116 8.282360e-01 7.976000e-03 1.637880e-01
117 8.269040e-01 7.916000e-03 1.651800e-01
118 8.256360e-01 7.808000e-03 1.665560e-01
119 8.241560e-01 8.004000e-03 1.678400e-01
120 8.227800e-01 7.972000e-03 1.692480e-01
121 8.212880e-01 8.088000e-03 1.706240e-01
122 8.199440e-01 8.076000e-03 1.719800e-01
123 8.185600e-01 8.232000e-03 1.732080e-01
124 8.170600e-01 8.324000e-03 1.746160e-01
125 8.156440e-01 8.264000e-03 1.760920e-01
126 8.142200e-01 8.236000e-03 1.775440e-01
127 8.128320e-01 8.184000e-03 1.789840e-01
128 8.115120e-01 7.968000e-03 1.805200e-01
129 8.099880e-01 7.988000e-03 1.820240e-01
130 8.086360e-01 7.976000e-03 1.833880e-01
131 8.073280e-01 7.916000e-03 1.847560e-01
132 8.059280e-01 7.928000e-03 1.861440e-01
133 8.046440e-01 7.884000e-03 1.874720e-01
134 8.033160e-01 7.776000e-03 1.889080e-01
135 8.020320e-01 7.740000e-03 1.902280e-01
136 8.007120e-01 7.748000e-03 1.915400e-01
137 7.995520e-01 7.484000e-03 1.929640e-01
138 7.983120e-01 7.280000e-03 1.944080e-01
139 7.969840e-01 7.384000e-03 1.956320e-01
140 7.957000e-01 7.440000e-03 1.968600e-01
141 7.944200e-01 7.376000e-03 1.982040e-01
142 7.931240e-01 7.380000e-03 1.994960e-01
143 7.917360e-01 7.576000e-03 2.006880e-01
144 7.904200e-01 7.456000e-03 2.021240e-01
145 7.892480e-01 7.256000e-03 2.034960e-01
146 7.880760e-01 7.200000e-03 2.047240e-01
147 7.868680e-01 7.068000e-03 2.060640e-01
148 7.855760e-01 7.096000e-03 2.073280e-01
149 7.845360e-01 7.004000e-03 2.084600e-01
150 7.832720e-01 7.100000e-03 2.096280e-01
151 7.820600e-01 7.168000e-03 2.107720e-01
152 7.809280e-01 7.096000e-03 2.119760e-01
153 7.796520e-01 7.148000e-03 2.132000e-01
154 7.784120e-01 7.056000e-03 2.145320e-01
155 7.770960e-01 7.256000e-03 2.156480e-01
156 7.757440e-01 7.468000e-03 2.167880e-01
157 7.746160e-01 7.280000e-03 2.181040e-01
158 7.734880e-01 7.176000e-03 2.193360e-01
159 7.722840e-01 7.076000e-03 2.206400e-01
160 7.712320e-01 6.924000e-03 2.218440e-01
161 7.700480e-01 6.884000e-03 2.230680e-01
162 7.688280e-01 6.944000e-03 2.242280e-01
163 7.676120e-01 6.976000e-03 2.254120e-01
164 7.664520e-01 6.912000e-03 2.266360e-01
165 7.652480e-01 6.940000e-03 2.278120e-01
166 7.641120e-01 6.836000e-03 2.290520e-01
167 7.629400e-01 6.796000e-03 2.302640e-01
168 7.617520e-01 6.792000e-03 2.314560e-01
169 7.605040e-01 6.856000e-03 2.326400e-01
170 7.593640e-01 6.780000e-03 2.338560e-01
171 7.581200e-01 6.852000e-03 2.350280e-01
172 7.569840e-01 6.784000e-03 2.362320e-01
173 7.558560e-01 6.736000e-03 2.374080e-01
174 7.547920e-01 6.584000e-03 2.386240e-01
175 7.537240e-01 6.400000e-03 2.398760e-01
176 7.526400e-01 6.488000e-03 2.408720e-01
177 7.515720e-01 6.356000e-03 2.420720e-01
178 7.504880e-01 6.204000e-03 2.433080e-01
179 7.494280e-01 6.212000e-03 2.443600e-01
180 7.484240e-01 6.112000e-03 2.454640e-01
181 7.475120e-01 6.056000e-03 2.464320e-01
182 7.466000e-01 5.872000e-03 2.475280e-01
183 7.456760e-01 5.704000e-03 2.486200e-01
184 7.448480e-01 5.612000e-03 2.495400e-01
185 7.440400e-01 5.484000e-03 2.504760e-01
186 7.432160e-01 5.332000e-03 2.514520e-01
187 7.424120e-01 5.232000e-03 2.523560e-01
188 7.416520e-01 5.056000e-03 2.532920e-01
189 7.410200e-01 4.788000e-03 2.541920e-01
190 7.402520e-01 4.676000e-03 2.550720e-01
191 7.396120e-01 4.460000e-03 2.559280e-01
192 7.389920e-01 4.312000e-03 2.566960e-01
193 7.383840e-01 4.132000e-03 2.574840e-01
194 7.378360e-01 4.032000e-03 2.581320e-01
195 7.373880e-01 3.704000e-03 2.589080e-01
196 7.368680e-01 3.556000e-03 2.595760e-01
197 7.362280e-01 3.580000e-03 2.601920e-01
198 7.356800e-01 3.556000e-03 2.607640e-01
199 7.350760e-01 3.608000e-03 2.613160e-01
200 7.344680e-01 3.632000e-03 2.619000e-01
201 7.338560e-01 3.560000e-03 2.625840e-01
202 7.332480e-01 3.476000e-03 2.632760e-01
203 7.326560e-01 3.464000e-03 2.638800e-01
204 7.319800e-01 3.464000e-03 2.645560e-01
205 7.314440e-01 3.312000e-03 2.652440e-01
206 7.308360e-01 3.360000e-03 2.658040e-01
207 7.300840e-01 3.560000e-03 2.663560e-01
208 7.294840e-01 3.504000e-03 2.670120e-01
209 7.288880e-01 3.464000e-03 2.676480e-01
210 7.283360e-01 3.496000e-03 2.681680e-01
211 7.278000e-01 3.456000e-03 2.687440e-01
212 7.271720e-01 3.460000e-03 2.693680e-01
213 7.266560e-01 3.380000e-03 2.699640e-01
214 7.261400e-01 3.288000e-03 2.705720e-01
215 7.255440e-01 3.300000e-03 2.711560e-01
216 7.248920e-01 3.360000e-03 2.717480e-01
217 7.242920e-01 3.412000e-03 2.722960e-01
218 7.237040e-01 3.352000e-03 2.729440e-01
219 7.231520e-01 3.316000e-03 2.735320e-01
220 7.225600e-01 3.280000e-03 2.741600e-01
221 7.219640e-01 3.308000e-03 2.747280e-01
222 7.214640e-01 3.172000e-03 2.753640e-01
223 7.209480e-01 3.096000e-03 2.759560e-01
224 7.204000e-01 3.164000e-03 2.764360e-01
225 7.198280e-01 3.180000e-03 2.769920e-01
226 7.192880e-01 3.136000e-03 2.775760e-01
227 7.188320e-01 3.112000e-03 2.780560e-01
228 7.183160e-01 3.100000e-03 2.785840e-01
229 7.178240e-01 3.112000e-03 2.790640e-01
230 7.173520e-01 3.012000e-03 2.796360e-01
231 7.169120e-01 2.920000e-03 2.801680e-01
232 7.165400e-01 2.808000e-03 2.806520e-01
233 7.161320e-01 2.720000e-03 2.811480e-01
234 7.156800e-01 2.632000e-03 2.816880e-01
235 7.152760e-01 2.592000e-03 2.821320e-01
236 7.148160e-01 2.516000e-03 2.826680e-01
237 7.143600e-01 2.552000e-03 2.830880e-01
238 7.138880e-01 2.596000e-03 2.835160e-01
239 7.133520e-01 2.724000e-03 2.839240e-01
240 7.128440e-01 2.700000e-03 2.844560e-01
241 7.123240e-01 2.796000e-03 2.848800e-01
242 7.119120e-01 2.760000e-03 2.853280e-01
243 7.114600e-01 2.748000e-03 2.857920e-01
244 7.110000e-01 2.776000e-03 2.862240e-01
245 7.105080e-01 2.788000e-03 2.867040e-01
246 7.100680e-01 2.708000e-03 2.872240e-01
247 7.096560e-01 2.628000e-03 2.877160e-01
248 7.091800e-01 2.664000e-03 2.881560e-01
249 7.086760e-01 2.696000e-03 2.886280e-01
250 7.080840e-01 2.828000e-03 2.890880e-01
251 7.075760e-01 2.848000e-03 2.895760e-01
252 7.071240e-01 2.744000e-03 2.901320e-01
253 7.066800e-01 2.688000e-03 2.906320e-01
254 7.062520e-01 2.660000e-03 2.910880e-01
255 7.058080e-01 2.632000e-03 2.915600e-01
256 7.054320e-01 2.560000e-03 2.920080e-01
257 7.050640e-01 2.496000e-03 2.924400e-01
258 7.046400e-01 2.468000e-03 2.928920e-01
259 7.042800e-01 2.420000e-03 2.933000e-01
260 7.038720e-01 2.460000e-03 2.936680e-01
261 7.033280e-01 2.548000e-03 2.941240e-01
262 7.029160e-01 2.504000e-03 2.945800e-01
263 7.024840e-01 2.532000e-03 2.949840e-01
264 7.020120e-01 2.532000e-03 2.954560e-01
265 7.015600e-01 2.476000e-03 2.959640e-01
266 7.011840e-01 2.428000e-03 2.963880e-01
267 7.007640e-01 2.484000e-03 2.967520e-01
268 7.003240e-01 2.428000e-03 2.972480e-01
269 6.998640e-01 2.492000e-03 2.976440e-01
270 6.994840e-01 2.380000e-03 2.981360e-01
271 6.991240e-01 2.328000e-03 2.985480e-01
272 6.987360e-01 2.320000e-03 2.989440e-01
273 6.983720e-01 2.292000e-03 2.993360e-01
274 6.979520e-01 2.336000e-03 2.997120e-01
275 6.975840e-01 2.300000e-03 3.001160e-01
276 6.972120e-01 2.268000e-03 3.005200e-01
277 6.967800e-01 2.320000e-03 3.009000e-01
278 6.962480e-01 2.540000e-03 3.012120e-01
279 6.957680e-01 2.592000e-03 3.016400e-01
280 6.952760e-01 2.600000e-03 3.021240e-01
281 6.947560e-01 2.636000e-03 3.026080e-01
282 6.943560e-01 2.564000e-03 3.030800e-01
283 6.938840e-01 2.588000e-03 3.035280e-01
284 6.933440e-01 2.676000e-03 3.039800e-01
285 6.928480e-01 2.688000e-03 3.044640e-01
286 6.923760e-01 2.760000e-03 3.048640e-01
287 6.918800e-01 2.848000e-03 3.052720e-01
288 6.914120e-01 2.832000e-03 3.057560e-01
289 6.909880e-01 2.796000e-03 3.062160e-01
290 6.904640e-01 2.852000e-03 3.066840e-01
291 6.899400e-01 2.876000e-03 3.071840e-01
292 6.894120e-01 2.792000e-03 3.077960e-01
293 6.888400e-01 2.852000e-03 3.083080e-01
294 6.882600e-01 2.920000e-03 3.088200e-01
295 6.876880e-01 2.912000e-03 3.094000e-01
296 6.872120e-01 2.872000e-03 3.099160e-01
297 6.868440e-01 2.644000e-03 3.105120e-01
298 6.864280e-01 2.608000e-03 3.109640e-01
299 6.860360e-01 2.564000e-03 3.114000e-01
300 6.855840e-01 2.616000e-03 3.118000e-01
301 6.851600e-01 2.556000e-03 3.122840e-01
302 6.847680e-01 2.428000e-03 3.128040e-01
303 6.843080e-01 2.480000e-03 3.132120e-01
304 6.839560e-01 2.376000e-03 3.136680e-01
305 6.835000e-01 2.472000e-03 3.140280e-01
306 6.831080e-01 2.364000e-03 3.145280e-01
307 6.827520e-01 2.284000e-03 3.149640e-01
308 6.824600e-01 2.216000e-03 3.153240e-01
309 6.820240e-01 2.300000e-03 3.156760e-01
310 6.816000e-01 2.296000e-03 3.161040e-01
311 6.812200e-01 2.340000e-03 3.164400e-01
312 6.808800e-01 2.372000e-03 3.167480e-01
313 6.805320e-01 2.336000e-03 3.171320e-01
314 6.802240e-01 2.284000e-03 3.174920e-01
315 6.799520e-01 2.116000e-03 3.179320e-01
316 6.795680e-01 2.140000e-03 3.182920e-01
317 6.793000e-01 2.100000e-03 3.186000e-01
318 6.789240e-01 2.060000e-03 3.190160e-01
319 6.786440e-01 2.020000e-03 3.193360e-01
320 6.783400e-01 1.928000e-03 3.197320e-01
321 6.780840e-01 1.892000e-03 3.200240e-01
322 6.778040e-01 1.860000e-03 3.203360e-01
323 6.774080e-01 1.956000e-03 3.206360e-01
324 6.770280e-01 1.976000e-03 3.209960e-01
325 6.765800e-01 2.044000e-03 3.213760e-01
326 6.762720e-01 2.048000e-03 3.216800e-01
327 6.758920e-01 2.056000e-03 3.220520e-01
328 6.756080e-01 1.984000e-03 3.224080e-01
329 6.751800e-01 2.100000e-03 3.227200e-01
330 6.748680e-01 2.072000e-03 3.230600e-01
331 6.745720e-01 2.008000e-03 3.234200e-01
332 6.742400e-01 1.996000e-03 3.237640e-01
333 6.738920e-01 1.996000e-03 3.241120e-01
334 6.735920e-01 1.904000e-03 3.245040e-01
335 6.732920e-01 1.860000e-03 3.248480e-01
336 6.729360e-01 1.900000e-03 3.251640e-01
337 6.726080e-01 1.936000e-03 3.254560e-01
338 6.722520e-01 1.968000e-03 3.257800e-01
339 6.719440e-01 1.968000e-03 3.260880e-01
340 6.716680e-01 1.900000e-03 3.264320e-01
341 6.714080e-01 1.888000e-03 3.267040e-01
342 6.710880e-01 1.896000e-03 3.270160e-01
343 6.707760e-01 1.868000e-03 3.273560e-01
344 6.705440e-01 1.852000e-03 3.276040e-01
345 6.703000e-01 1.768000e-03 3.279320e-01
346 6.699720e-01 1.836000e-03 3.281920e-01
347 6.696840e-01 1.796000e-03 3.285200e-01
348 6.693800e-01 1.804000e-03 3.288160e-01
349 6.691400e-01 1.732000e-03 3.291280e-01
350 6.687880e-01 1.796000e-03 3.294160e-01
351 6.685280e-01 1.700000e-03 3.297720e-01
352 6.683080e-01 1.632000e-03 3.300600e-01
353 6.680200e-01 1.620000e-03 3.303600e-01
354 6.678000e-01 1.520000e-03 3.306800e-01
355 6.675280e-01 1.504000e-03 3.309680e-01
356 6.673000e-01 1.480000e-03 3.312200e-01
357 6.670640e-01 1.496000e-03 3.314400e-01
358 6.667920e-01 1.540000e-03 3.316680e-01
359 6.665600e-01 1.464000e-03 3.319760e-01
360 6.662800e-01 1.496000e-03 3.322240e-01
361 6.660640e-01 1.416000e-03 3.325200e-01
362 6.658560e-01 1.444000e-03 3.327000e-01
363 6.656880e-01 1.352000e-03 3.329600e-01
364 6.654880e-01 1.304000e-03 3.332080e-01
365 6.652480e-01 1.360000e-03 3.333920e-01
366 6.650400e-01 1.308000e-03 3.336520e-01
367 6.648520e-01 1.244000e-03 3.339040e-01
368 6.646120e-01 1.240000e-03 3.341480e-01
369 6.644000e-01 1.232000e-03 3.343680e-01
370 6.641440e-01 1.296000e-03 3.345600e-01
371 6.638560e-01 1.324000e-03 3.348200e-01
372 6.636400e-01 1.288000e-03 3.350720e-01
373 6.634360e-01 1.260000e-03 3.353040e-01
374 6.631280e-01 1.324000e-03 3.355480e-01
375 6.628720e-01 1.316000e-03 3.358120e-01
376 6.626000e-01 1.312000e-03 3.360880e-01
377 6.623120e-01 1.380000e-03 3.363080e-01
378 6.619840e-01 1.444000e-03 3.365720e-01
379 6.616840e-01 1.484000e-03 3.368320e-01
380 6.613880e-01 1.552000e-03 3.370600e-01
381 6.610800e-01 1.604000e-03 3.373160e-01
382 6.608440e-01 1.548000e-03 3.376080e-01
383 6.605520e-01 1.588000e-03 3.378600e-01
384 6.602040e-01 1.680000e-03 3.381160e-01
385 6.598560e-01 1.744000e-03 3.384000e-01
386 6.594960e-01 1.788000e-03 3.387160e-01
387 6.592840e-01 1.668000e-03 3.390480e-01
388 6.590400e-01 1.608000e-03 3.393520e-01
389 6.587320e-01 1.632000e-03 3.396360e-01
390 6.584440e-01 1.628000e-03 3.399280e-01
391 6.581240e-01 1.640000e-03 3.402360e-01
392 6.578720e-01 1.572000e-03 3.405560e-01
393 6.576480e-01 1.528000e-03 3.408240e-01
394 6.573720e-01 1.508000e-03 3.411200e-01
395 6.571240e-01 1.476000e-03 3.414000e-01
396 6.568560e-01 1.548000e-03 3.415960e-01
397 6.566360e-01 1.532000e-03 3.418320e-01
398 6.564280e-01 1.444000e-03 3.421280e-01
399 6.562280e-01 1.408000e-03 3.423640e-01
400 6.560000e-01 1.392000e-03 3.426080e-01
401 6.557200e-01 1.440000e-03 3.428400e-01
402 6.554640e-01 1.460000e-03 3.430760e-01
403 6.551920e-01 1.496000e-03 3.433120e-01
404 6.549080e-01 1.472000e-03 3.436200e-01
405 6.546400e-01 1.452000e-03 3.439080e-01
406 6.544560e-01 1.384000e-03 3.441600e-01
407 6.542800e-01 1.316000e-03 3.444040e-01
408 6.540080e-01 1.432000e-03 3.445600e-01
409 6.537800e-01 1.452000e-03 3.447680e-01
410 6.535960e-01 1.412000e-03 3.449920e-01
411 6.533520e-01 1.428000e-03 3.452200e-01
412 6.531240e-01 1.412000e-03 3.454640e-01
413 6.529280e-01 1.348000e-03 3.457240e-01
414 6.526680e-01 1.424000e-03 3.459080e-01
415 6.523560e-01 1.496000e-03 3.461480e-01
416 6.521120e-01 1.464000e-03 3.464240e-01
417 6.518440e-01 1.468000e-03 3.466880e-01
418 6.515680e-01 1.512000e-03 3.469200e-01
419 6.513000e-01 1.496000e-03 3.472040e-01
420 6.510760e-01 1.472000e-03 3.474520e-01
421 6.507920e-01 1.472000e-03 3.477360e-01
422 6.505320e-01 1.460000e-03 3.480080e-01
423 6.502480e-01 1.500000e-03 3.482520e-01
424 6.499680e-01 1.560000e-03 3.484720e-01
425 6.497040e-01 1.576000e-03 3.487200e-01
426 6.494320e-01 1.604000e-03 3.489640e-01
427 6.491160e-01 1.620000e-03 3.492640e-01
428 6.488840e-01 1.584000e-03 3.495320e-01
429 6.486160e-01 1.580000e-03 3.498040e-01
430 6.483600e-01 1.584000e-03 3.500560e-01
431 6.481440e-01 1.548000e-03 3.503080e-01
432 6.479120e-01 1.512000e-03 3.505760e-01
433 6.476320e-01 1.512000e-03 3.508560e-01
434 6.474480e-01 1.436000e-03 3.511160e-01
435 6.471880e-01 1.456000e-03 3.513560e-01
436 6.469680e-01 1.412000e-03 3.516200e-01
437 6.467400e-01 1.416000e-03 3.518440e-01
438 6.465560e-01 1.360000e-03 3.520840e-01
439 6.463120e-01 1.352000e-03 3.523360e-01
440 6.461280e-01 1.348000e-03 3.525240e-01
441 6.459280e-01 1.320000e-03 3.527520e-01
442 6.457120e-01 1.284000e-03 3.530040e-01
443 6.455280e-01 1.260000e-03 3.532120e-01
444 6.453320e-01 1.240000e-03 3.534280e-01
445 6.451520e-01 1.200000e-03 3.536480e-01
446 6.449520e-01 1.216000e-03 3.538320e-01
447 6.447040e-01 1.280000e-03 3.540160e-01
448 6.444720e-01 1.296000e-03 3.542320e-01
449 6.442240e-01 1.316000e-03 3.544600e-01
450 6.440360e-01 1.284000e-03 3.546800e-01
451 6.439000e-01 1.212000e-03 3.548880e-01
452 6.436880e-01 1.176000e-03 3.551360e-01
453 6.435120e-01 1.156000e-03 3.553320e-01
454 6.433440e-01 1.096000e-03 3.555600e-01
455 6.431680e-01 1.136000e-03 3.556960e-01
456 6.429800e-01 1.112000e-03 3.559080e-01
457 6.428080e-01 1.060000e-03 3.561320e-01
458 6.427160e-01 9.600000e-04 3.563240e-01
459 6.425440e-01 9.640000e-04 3.564920e-01
460 6.423640e-01 9.560000e-04 3.566800e-01
461 6.422360e-01 9.200000e-04 3.568440e-01
462 6.421160e-01 9.000000e-04 3.569840e-01
463 6.420080e-01 8.640000e-04 3.571280e-01
464 6.418760e-01 8.720000e-04 3.572520e-01
465 6.417480e-01 8.840000e-04 3.573680e-01
466 6.416280e-01 8.720000e-04 3.575000e-01
467 6.414960e-01 8.440000e-04 3.576600e-01
468 6.413760e-01 8.200000e-04 3.578040e-01
469 6.412640e-01 7.800000e-04 3.579560e-01
470 6.411720e-01 7.080000e-04 3.581200e-01
471 6.411040e-01 6.440000e-04 3.582520e-01
472 6.410080e-01 6.280000e-04 3.583640e-01
473 6.408680e-01 6.000000e-04 3.585320e-01
474 6.407760e-01 5.880000e-04 3.586360e-01
475 6.407240e-01 5.080000e-04 3.587680e-01
476 6.406280e-01 5.080000e-04 3.588640e-01
477 6.405480e-01 5.200000e-04 3.589320e-01
478 6.404760e-01 5.040000e-04 3.590200e-01
479 6.403480e-01 5.520000e-04 3.591000e-01
480 6.402560e-01 5.440000e-04 3.592000e-01
481 6.401520e-01 5.520000e-04 3.592960e-01
482 6.399960e-01 5.920000e-04 3.594120e-01
483 6.398840e-01 5.760000e-04 3.595400e-01
484 6.397640e-01 5.960000e-04 3.596400e-01
485 6.396400e-01 6.040000e-04 3.597560e-01
486 6.395280e-01 6.280000e-04 3.598440e-01
487 6.393880e-01 6.640000e-04 3.599480e-01
488 6.392680e-01 6.600000e-04 3.600720e-01
489 6.391360e-01 6.360000e-04 3.602280e-01
490 6.390400e-01 6.360000e-04 3.603240e-01
491 6.389320e-01 6.400000e-04 3.604280e-01
492 6.387800e-01 6.800000e-04 3.605400e-01
493 6.386560e-01 6.760000e-04 3.606680e-01
494 6.385480e-01 6.480000e-04 3.608040e-01
495 6.384440e-01 6.920000e-04 3.608640e-01
496 6.382720e-01 7.320000e-04 3.609960e-01
497 6.381480e-01 7.120000e-04 3.611400e-01
498 6.380520e-01 6.680000e-04 3.612800e-01
499 6.379400e-01 6.680000e-04 3.613920e-01
500 6.378120e-01 7.000000e-04 3.614880e-01
