1 9.992400e-01 6.720000e-04 8.800000e-05
2 9.986320e-01 1.124000e-03 2.440000e-04
3 9.979320e-01 1.580000e-03 4.880000e-04
4 9.971320e-01 2.080000e-03 7.880000e-04
5 9.963600e-01 2.452000e-03 1.188000e-03
6 9.955280e-01 2.788000e-03 1.684000e-03
7 9.947320e-01 3.112000e-03 2.156000e-03
8 9.938760e-01 3.416000e-03 2.708000e-03
9 9.930040e-01 3.736000e-03 3.260000e-03
10 9.920280e-01 4.000000e-03 3.972000e-03
11 9.910040e-01 4.336000e-03 4.660000e-03
12 9.900000e-01 4.560000e-03 5.440000e-03
13 9.889200e-01 4.820000e-03 6.260000e-03
14 9.876440e-01 5.180000e-03 7.176000e-03
15 9.863800e-01 5.472000e-03 8.148000e-03
16 9.852800e-01 5.676000e-03 9.044000e-03
17 9.842000e-01 5.632000e-03 1.016800e-02
18 9.830960e-01 5.768000e-03 1.113600e-02
19 9.817080e-01 6.092000e-03 1.220000e-02
20 9.803040e-01 6.392000e-03 1.330400e-02
21 9.791440e-01 6.448000e-03 1.440800e-02
22 9.779720e-01 6.452000e-03 1.557600e-02
23 9.766360e-01 6.772000e-03 1.659200e-02
24 9.754880e-01 6.792000e-03 1.772000e-02
25 9.740840e-01 7.012000e-03 1.890400e-02
26 9.727240e-01 6.952000e-03 2.032400e-02
27 9.712840e-01 7.172000e-03 2.154400e-02
28 9.698800e-01 7.260000e-03 2.286000e-02
29 9.684640e-01 7.396000e-03 2.414000e-02
30 9.671200e-01 7.408000e-03 2.547200e-02
31 9.657440e-01 7.336000e-03 2.692000e-02
32 9.643960e-01 7.228000e-03 2.837600e-02
33 9.629520e-01 7.432000e-03 2.961600e-02
34 9.613880e-01 7.688000e-03 3.092400e-02
35 9.599640e-01 7.780000e-03 3.225600e-02
36 9.584480e-01 7.996000e-03 3.355600e-02
37 9.568840e-01 8.236000e-03 3.488000e-02
38 9.553480e-01 8.192000e-03 3.646000e-02
39 9.539120e-01 8.036000e-03 3.805200e-02
40 9.525640e-01 7.956000e-03 3.948000e-02
41 9.511960e-01 7.904000e-03 4.090000e-02
42 9.499280e-01 7.692000e-03 4.238000e-02
43 9.486680e-01 7.640000e-03 4.369200e-02
44 9.473440e-01 7.596000e-03 4.506000e-02
45 9.460360e-01 7.520000e-03 4.644400e-02
46 9.447880e-01 7.528000e-03 4.768400e-02
47 9.433640e-01 7.564000e-03 4.907200e-02
48 9.418320e-01 7.832000e-03 5.033600e-02
49 9.403080e-01 7.924000e-03 5.176800e-02
50 9.388200e-01 8.120000e-03 5.306000e-02
51 9.372800e-01 8.228000e-03 5.449200e-02
52 9.357960e-01 8.216000e-03 5.598800e-02
53 9.343040e-01 8.164000e-03 5.753200e-02
54 9.325960e-01 8.472000e-03 5.893200e-02
55 9.311200e-01 8.484000e-03 6.039600e-02
56 9.295920e-01 8.524000e-03 6.188400e-02
57 9.279280e-01 8.648000e-03 6.342400e-02
58 9.263320e-01 8.724000e-03 6.494400e-02
59 9.247520e-01 8.804000e-03 6.644400e-02
60 9.233000e-01 8.800000e-03 6.790000e-02
61 9.216720e-01 8.892000e-03 6.943600e-02
62 9.201240e-01 8.828000e-03 7.104800e-02
63 9.184440e-01 9.012000e-03 7.254400e-02
64 9.168560e-01 8.980000e-03 7.416400e-02
65 9.151360e-01 9.116000e-03 7.574800e-02
66 9.134840e-01 9.100000e-03 7.741600e-02
67 9.118640e-01 9.192000e-03 7.894400e-02
68 9.102200e-01 9.264000e-03 8.051600e-02
69 9.086360e-01 9.152000e-03 8.221200e-02
70 9.069120e-01 9.316000e-03 8.377200e-02
71 9.052280e-01 9.356000e-03 8.541600e-02
72 9.032120e-01 9.652000e-03 8.713600e-02
73 9.015280e-01 9.656000e-03 8.881600e-02
74 8.997000e-01 9.836000e-03 9.046400e-02
75 8.979080e-01 9.828000e-03 9.226400e-02
76 8.960760e-01 9.804000e-03 9.412000e-02
77 8.943280e-01 9.800000e-03 9.587200e-02
78 8.925080e-01 9.760000e-03 9.773200e-02
79 8.906040e-01 9.864000e-03 9.953200e-02
80 8.887120e-01 1.000400e-02 1.012840e-01
81 8.867920e-01 1.018000e-02 1.030280e-01
82 8.848880e-01 1.032000e-02 1.047920e-01
83 8.829440e-01 1.032000e-02 1.067360e-01
84 8.811240e-01 1.046400e-02 1.084120e-01
85 8.792040e-01 1.050000e-02 1.102960e-01
86 8.772720e-01 1.048000e-02 1.122480e-01
87 8.754400e-01 1.056800e-02 1.139920e-01
88 8.737400e-01 1.036400e-02 1.158960e-01
89 8.720000e-01 1.044400e-02 1.175560e-01
90 8.702160e-01 1.039200e-02 1.193920e-01
91 8.685120e-01 1.025600e-02 1.212320e-01
92 8.668000e-01 1.020800e-02 1.229920e-01
93 8.652120e-01 1.001600e-02 1.247720e-01
94 8.636960e-01 9.808000e-03 1.264960e-01
95 8.621920e-01 9.544000e-03 1.282640e-01
96 8.605000e-01 9.500000e-03 1.300000e-01
97 8.589160e-01 9.264000e-03 1.318200e-01
98 8.572560e-01 9.240000e-03 1.335040e-01
99 8.554360e-01 9.508000e-03 1.350560e-01
100 8.537320e-01 9.620000e-03 1.366480e-01
101 8.519240e-01 9.744000e-03 1.383320e-01
102 8.502760e-01 9.564000e-03 1.401600e-01
103 8.486560e-01 9.424000e-03 1.419200e-01
104 8.469600e-01 9.584000e-03 1.434560e-01
105 8.452520e-01 9.628000e-03 1.451200e-01
106 8.435160e-01 9.860000e-03 1.466240e-01
107 8.416280e-01 1.017200e-02 1.482000e-01
108 8.397000e-01 1.041600e-02 1.498840e-01
109 8.379320e-01 1.039600e-02 1.516720e-01
110 8.360960e-01 1.028000e-02 1.536240e-01
111 8.342400e-01 1.041600e-02 1.553440e-01
112 8.324840e-01 1.020400e-02 1.573120e-01
113 8.306240e-01 1.030400e-02 1.590720e-01
114 8.289280e-01 1.028800e-02 1.607840e-01
115 8.272080e-01 1.022400e-02 1.625680e-01
116 8.256040e-01 1.009200e-02 1.643040e-01
117 8.239880e-01 9.828000e-03 1.661840e-01
118 8.223720e-01 9.640000e-03 1.679880e-01
119 8.207160e-01 9.616000e-03 1.696680e-01
120 8.190200e-01 9.588000e-03 1.713920e-01
121 8.173720e-01 9.520000e-03 1.731080e-01
122 8.157520e-01 9.600000e-03 1.746480e-01
123 8.142680e-01 9.376000e-03 1.763560e-01
124 8.127120e-01 9.372000e-03 1.779160e-01
125 8.111920e-01 9.276000e-03 1.795320e-01
126 8.095320e-01 9.248000e-03 1.812200e-01
127 8.078840e-01 9.280000e-03 1.828360e-01
128 8.064320e-01 9.184000e-03 1.843840e-01
129 8.048480e-01 9.168000e-03 1.859840e-01
130 8.032000e-01 9.120000e-03 1.876800e-01
131 8.018160e-01 8.836000e-03 1.893480e-01
132 8.004080e-01 8.676000e-03 1.909160e-01
133 7.988040e-01 8.664000e-03 1.925320e-01
134 7.974000e-01 8.460000e-03 1.941400e-01
135 7.959920e-01 8.348000e-03 1.956600e-01
136 7.944640e-01 8.452000e-03 1.970840e-01
137 7.929640e-01 8.516000e-03 1.985200e-01
138 7.914400e-01 8.580000e-03 1.999800e-01
139 7.899680e-01 8.496000e-03 2.015360e-01
140 7.885040e-01 8.536000e-03 2.029600e-01
141 7.870120e-01 8.644000e-03 2.043440e-01
142 7.856360e-01 8.492000e-03 2.058720e-01
143 7.841400e-01 8.600000e-03 2.072600e-01
144 7.825320e-01 8.696000e-03 2.087720e-01
145 7.810440e-01 8.576000e-03 2.103800e-01
146 7.794840e-01 8.764000e-03 2.117520e-01
147 7.778720e-01 8.800000e-03 2.133280e-01
148 7.763000e-01 8.792000e-03 2.149080e-01
149 7.747960e-01 8.696000e-03 2.165080e-01
150 7.731920e-01 8.844000e-03 2.179640e-01
151 7.715960e-01 8.916000e-03 2.194880e-01
152 7.699600e-01 9.088000e-03 2.209520e-01
153 7.683680e-01 9.104000e-03 2.225280e-01
154 7.668120e-01 8.984000e-03 2.242040e-01
155 7.652560e-01 8.988000e-03 2.257560e-01
156 7.637600e-01 8.928000e-03 2.273120e-01
157 7.622360e-01 8.916000e-03 2.288480e-01
158 7.606280e-01 9.016000e-03 2.303560e-01
159 7.590680e-01 8.960000e-03 2.319720e-01
160 7.574280e-01 9.036000e-03 2.335360e-01
161 7.559360e-01 8.808000e-03 2.352560e-01
162 7.544120e-01 8.764000e-03 2.368240e-01
163 7.528480e-01 8.928000e-03 2.382240e-01
164 7.511360e-01 9.080000e-03 2.397840e-01
165 7.494560e-01 9.280000e-03 2.412640e-01
166 7.477840e-01 9.344000e-03 2.428720e-01
167 7.461600e-01 9.400000e-03 2.444400e-01
168 7.445840e-01 9.392000e-03 2.460240e-01
169 7.430120e-01 9.360000e-03 2.476280e-01
170 7.413600e-01 9.372000e-03 2.492680e-01
171 7.397440e-01 9.384000e-03 2.508720e-01
172 7.383000e-01 9.124000e-03 2.525760e-01
173 7.367280e-01 9.164000e-03 2.541080e-01
174 7.351800e-01 9.124000e-03 2.556960e-01
175 7.336640e-01 9.108000e-03 2.572280e-01
176 7.320200e-01 9.032000e-03 2.589480e-01
177 7.303640e-01 9.256000e-03 2.603800e-01
178 7.287920e-01 9.144000e-03 2.620640e-01
179 7.272560e-01 8.972000e-03 2.637720e-01
180 7.257760e-01 8.876000e-03 2.653480e-01
181 7.243080e-01 8.776000e-03 2.669160e-01
182 7.228800e-01 8.708000e-03 2.684120e-01
183 7.213760e-01 8.604000e-03 2.700200e-01
184 7.199720e-01 8.436000e-03 2.715920e-01
185 7.185240e-01 8.424000e-03 2.730520e-01
186 7.169920e-01 8.392000e-03 2.746160e-01
187 7.154960e-01 8.436000e-03 2.760680e-01
188 7.141200e-01 8.344000e-03 2.775360e-01
189 7.125720e-01 8.468000e-03 2.789600e-01
190 7.111280e-01 8.460000e-03 2.804120e-01
191 7.096760e-01 8.336000e-03 2.819880e-01
192 7.082880e-01 8.316000e-03 2.833960e-01
193 7.069640e-01 8.212000e-03 2.848240e-01
194 7.055280e-01 8.112000e-03 2.863600e-01
195 7.041840e-01 7.944000e-03 2.878720e-01
196 7.029200e-01 7.728000e-03 2.893520e-01
197 7.016520e-01 7.632000e-03 2.907160e-01
198 7.002840e-01 7.780000e-03 2.919360e-01
199 6.989680e-01 7.664000e-03 2.933680e-01
200 6.974800e-01 7.912000e-03 2.946080e-01
201 6.960440e-01 8.020000e-03 2.959360e-01
202 6.947240e-01 7.920000e-03 2.973560e-01
203 6.932760e-01 7.980000e-03 2.987440e-01
204 6.917160e-01 8.172000e-03 3.001120e-01
205 6.903320e-01 8.124000e-03 3.015440e-01
206 6.889560e-01 8.032000e-03 3.030120e-01
207 6.874880e-01 8.084000e-03 3.044280e-01
208 6.861280e-01 8.012000e-03 3.058600e-01
209 6.846320e-01 8.036000e-03 3.073320e-01
210 6.833200e-01 7.884000e-03 3.087960e-01
211 6.819280e-01 7.860000e-03 3.102120e-01
212 6.806000e-01 7.836000e-03 3.115640e-01
213 6.791880e-01 7.892000e-03 3.129200e-01
214 6.777040e-01 8.000000e-03 3.142960e-01
215 6.762080e-01 7.980000e-03 3.158120e-01
216 6.747720e-01 8.084000e-03 3.171440e-01
217 6.734760e-01 7.860000e-03 3.186640e-01
218 6.720920e-01 7.956000e-03 3.199520e-01
219 6.708840e-01 7.812000e-03 3.213040e-01
220 6.697560e-01 7.596000e-03 3.226480e-01
221 6.686720e-01 7.436000e-03 3.238920e-01
222 6.675720e-01 7.256000e-03 3.251720e-01
223 6.664040e-01 7.204000e-03 3.263920e-01
224 6.652600e-01 7.024000e-03 3.277160e-01
225 6.641800e-01 6.844000e-03 3.289760e-01
226 6.629640e-01 6.860000e-03 3.301760e-01
227 6.618240e-01 6.844000e-03 3.313320e-01
228 6.608080e-01 6.664000e-03 3.325280e-01
229 6.598400e-01 6.488000e-03 3.336720e-01
230 6.588800e-01 6.408000e-03 3.347120e-01
231 6.578840e-01 6.348000e-03 3.357680e-01
232 6.568400e-01 6.264000e-03 3.368960e-01
233 6.558200e-01 6.244000e-03 3.379360e-01
234 6.548760e-01 6.268000e-03 3.388560e-01
235 6.538800e-01 6.112000e-03 3.400080e-01
236 6.528520e-01 6.040000e-03 3.411080e-01
237 6.518880e-01 6.032000e-03 3.420800e-01
238 6.508600e-01 5.976000e-03 3.431640e-01
239 6.498720e-01 5.936000e-03 3.441920e-01
240 6.487680e-01 5.984000e-03 3.452480e-01
241 6.477440e-01 5.836000e-03 3.464200e-01
242 6.467520e-01 5.724000e-03 3.475240e-01
243 6.458360e-01 5.528000e-03 3.486360e-01
244 6.449320e-01 5.492000e-03 3.495760e-01
245 6.439960e-01 5.444000e-03 3.505600e-01
246 6.432000e-01 5.280000e-03 3.515200e-01
247 6.424480e-01 5.004000e-03 3.525480e-01
248 6.416960e-01 4.836000e-03 3.534680e-01
249 6.408400e-01 4.864000e-03 3.542960e-01
250 6.399160e-01 4.952000e-03 3.551320e-01
251 6.390720e-01 4.968000e-03 3.559600e-01
252 6.383000e-01 4.832000e-03 3.568680e-01
253 6.375000e-01 4.764000e-03 3.577360e-01
254 6.368160e-01 4.576000e-03 3.586080e-01
255 6.361280e-01 4.500000e-03 3.593720e-01
256 6.353720e-01 4.448000e-03 3.601800e-01
257 6.345200e-01 4.488000e-03 3.609920e-01
258 6.338600e-01 4.368000e-03 3.617720e-01
259 6.331920e-01 4.232000e-03 3.625760e-01
260 6.325120e-01 4.240000e-03 3.632480e-01
261 6.319200e-01 4.092000e-03 3.639880e-01
262 6.310840e-01 4.216000e-03 3.647000e-01
263 6.304000e-01 4.168000e-03 3.654320e-01
264 6.296880e-01 4.088000e-03 3.662240e-01
265 6.290480e-01 4.036000e-03 3.669160e-01
266 6.284480e-01 4.032000e-03 3.675200e-01
267 6.277600e-01 4.048000e-03 3.681920e-01
268 6.271880e-01 3.956000e-03 3.688560e-01
269 6.265760e-01 3.916000e-03 3.695080e-01
270 6.259280e-01 3.912000e-03 3.701600e-01
271 6.253240e-01 3.872000e-03 3.708040e-01
272 6.246840e-01 3.812000e-03 3.715040e-01
273 6.240760e-01 3.712000e-03 3.722120e-01
274 6.235040e-01 3.632000e-03 3.728640e-01
275 6.228800e-01 3.612000e-03 3.735080e-01
276 6.222000e-01 3.744000e-03 3.740560e-01
277 6.216000e-01 3.736000e-03 3.746640e-01
278 6.210760e-01 3.684000e-03 3.752400e-01
279 6.205080e-01 3.648000e-03 3.758440e-01
280 6.200120e-01 3.540000e-03 3.764480e-01
281 6.195240e-01 3.412000e-03 3.770640e-01
282 6.189960e-01 3.284000e-03 3.777200e-01
283 6.184880e-01 3.176000e-03 3.783360e-01
284 6.180000e-01 3.160000e-03 3.788400e-01
285 6.175440e-01 3.028000e-03 3.794280e-01
286 6.170720e-01 2.936000e-03 3.799920e-01
287 6.166600e-01 2.800000e-03 3.805400e-01
288 6.162960e-01 2.672000e-03 3.810320e-01
289 6.158240e-01 2.660000e-03 3.815160e-01
290 6.153800e-01 2.596000e-03 3.820240e-01
291 6.149360e-01 2.584000e-03 3.824800e-01
292 6.145120e-01 2.564000e-03 3.829240e-01
293 6.140040e-01 2.680000e-03 3.833160e-01
294 6.134400e-01 2.800000e-03 3.837600e-01
295 6.129280e-01 2.904000e-03 3.841680e-01
296 6.124720e-01 2.836000e-03 3.846920e-01
297 6.119880e-01 2.880000e-03 3.851320e-01
298 6.114960e-01 2.904000e-03 3.856000e-01
299 6.110320e-01 2.864000e-03 3.861040e-01
300 6.105520e-01 2.876000e-03 3.865720e-01
301 6.100640e-01 2.852000e-03 3.870840e-01
302 6.096120e-01 2.872000e-03 3.875160e-01
303 6.091200e-01 2.832000e-03 3.880480e-01
304 6.085960e-01 2.872000e-03 3.885320e-01
305 6.081400e-01 2.808000e-03 3.890520e-01
306 6.077360e-01 2.788000e-03 3.894760e-01
307 6.073440e-01 2.660000e-03 3.899960e-01
308 6.068240e-01 2.636000e-03 3.905400e-01
309 6.064320e-01 2.644000e-03 3.909240e-01
310 6.059720e-01 2.640000e-03 3.913880e-01
311 6.055000e-01 2.644000e-03 3.918560e-01
312 6.050880e-01 2.652000e-03 3.922600e-01
313 6.046440e-01 2.648000e-03 3.927080e-01
314 6.042640e-01 2.604000e-03 3.931320e-01
315 6.038400e-01 2.512000e-03 3.936480e-01
316 6.035160e-01 2.412000e-03 3.940720e-01
317 6.032440e-01 2.228000e-03 3.945280e-01
318 6.028920e-01 2.128000e-03 3.949800e-01
319 6.025840e-01 2.012000e-03 3.954040e-01
320 6.022240e-01 1.964000e-03 3.958120e-01
321 6.018760e-01 2.000000e-03 3.961240e-01
322 6.015640e-01 1.960000e-03 3.964760e-01
323 6.012480e-01 1.864000e-03 3.968880e-01
324 6.009120e-01 1.804000e-03 3.972840e-01
325 6.005680e-01 1.828000e-03 3.976040e-01
326 6.002520e-01 1.840000e-03 3.979080e-01
327 5.999200e-01 1.828000e-03 3.982520e-01
328 5.996040e-01 1.816000e-03 3.985800e-01
329 5.992720e-01 1.868000e-03 3.988600e-01
330 5.989000e-01 1.952000e-03 3.991480e-01
331 5.986200e-01 1.936000e-03 3.994440e-01
332 5.983440e-01 1.844000e-03 3.998120e-01
333 5.980840e-01 1.764000e-03 4.001520e-01
334 5.978440e-01 1.680000e-03 4.004760e-01
335 5.976120e-01 1.652000e-03 4.007360e-01
336 5.973520e-01 1.620000e-03 4.010280e-01
337 5.971280e-01 1.560000e-03 4.013120e-01
338 5.969320e-01 1.436000e-03 4.016320e-01
339 5.966800e-01 1.424000e-03 4.018960e-01
340 5.964720e-01 1.380000e-03 4.021480e-01
341 5.962600e-01 1.332000e-03 4.024080e-01
342 5.960400e-01 1.332000e-03 4.026280e-01
343 5.957760e-01 1.384000e-03 4.028400e-01
344 5.955240e-01 1.424000e-03 4.030520e-01
345 5.952560e-01 1.484000e-03 4.032600e-01
346 5.949080e-01 1.540000e-03 4.035520e-01
347 5.946760e-01 1.532000e-03 4.037920e-01
348 5.944400e-01 1.496000e-03 4.040640e-01
349 5.942200e-01 1.468000e-03 4.043120e-01
350 5.939400e-01 1.504000e-03 4.045560e-01
351 5.936480e-01 1.488000e-03 4.048640e-01
352 5.934360e-01 1.488000e-03 4.050760e-01
353 5.932040e-01 1.488000e-03 4.053080e-01
354 5.928800e-01 1.572000e-03 4.055480e-01
355 5.926120e-01 1.556000e-03 4.058320e-01
356 5.923520e-01 1.540000e-03 4.061080e-01
357 5.921320e-01 1.444000e-03 4.064240e-01
358 5.918840e-01 1.488000e-03 4.066280e-01
359 5.916360e-01 1.424000e-03 4.069400e-01
360 5.913680e-01 1.432000e-03 4.072000e-01
361 5.910960e-01 1.468000e-03 4.074360e-01
362 5.908880e-01 1.432000e-03 4.076800e-01
363 5.906000e-01 1.452000e-03 4.079480e-01
364 5.904000e-01 1.448000e-03 4.081520e-01
365 5.901520e-01 1.472000e-03 4.083760e-01
366 5.898600e-01 1.532000e-03 4.086080e-01
367 5.895920e-01 1.556000e-03 4.088520e-01
368 5.892680e-01 1.576000e-03 4.091560e-01
369 5.890240e-01 1.516000e-03 4.094600e-01
370 5.888080e-01 1.516000e-03 4.096760e-01
371 5.885360e-01 1.492000e-03 4.099720e-01
372 5.883000e-01 1.472000e-03 4.102280e-01
373 5.880280e-01 1.444000e-03 4.105280e-01
374 5.878400e-01 1.364000e-03 4.107960e-01
375 5.876240e-01 1.328000e-03 4.110480e-01
376 5.873800e-01 1.332000e-03 4.112880e-01
377 5.871240e-01 1.356000e-03 4.115200e-01
378 5.868880e-01 1.368000e-03 4.117440e-01
379 5.867000e-01 1.360000e-03 4.119400e-01
380 5.864400e-01 1.360000e-03 4.122000e-01
381 5.861960e-01 1.352000e-03 4.124520e-01
382 5.860000e-01 1.324000e-03 4.126760e-01
383 5.857600e-01 1.336000e-03 4.129040e-01
384 5.855480e-01 1.264000e-03 4.131880e-01
385 5.853440e-01 1.308000e-03 4.133480e-01
386 5.850280e-01 1.396000e-03 4.135760e-01
387 5.847000e-01 1.444000e-03 4.138560e-01
388 5.843600e-01 1.576000e-03 4.140640e-01
389 5.841280e-01 1.564000e-03 4.143080e-01
390 5.838840e-01 1.548000e-03 4.145680e-01
391 5.835680e-01 1.628000e-03 4.148040e-01
392 5.833080e-01 1.684000e-03 4.150080e-01
393 5.829400e-01 1.752000e-03 4.153080e-01
394 5.826720e-01 1.720000e-03 4.156080e-01
395 5.823960e-01 1.704000e-03 4.159000e-01
396 5.821320e-01 1.648000e-03 4.162200e-01
397 5.818560e-01 1.632000e-03 4.165120e-01
398 5.815520e-01 1.648000e-03 4.168000e-01
399 5.812560e-01 1.684000e-03 4.170600e-01
400 5.809880e-01 1.708000e-03 4.173040e-01
401 5.806800e-01 1.724000e-03 4.175960e-01
402 5.803480e-01 1.752000e-03 4.179000e-01
403 5.800320e-01 1.792000e-03 4.181760e-01
404 5.797320e-01 1.764000e-03 4.185040e-01
405 5.794040e-01 1.752000e-03 4.188440e-01
406 5.789800e-01 1.868000e-03 4.191520e-01
407 5.786600e-01 1.808000e-03 4.195320e-01
408 5.783120e-01 1.868000e-03 4.198200e-01
409 5.778280e-01 1.984000e-03 4.201880e-01
410 5.774640e-01 1.932000e-03 4.206040e-01
411 5.770760e-01 1.968000e-03 4.209560e-01
412 5.767560e-01 1.952000e-03 4.212920e-01
413 5.763680e-01 2.040000e-03 4.215920e-01
414 5.760360e-01 1.936000e-03 4.220280e-01
415 5.757240e-01 1.912000e-03 4.223640e-01
416 5.754080e-01 1.864000e-03 4.227280e-01
417 5.750840e-01 1.844000e-03 4.230720e-01
418 5.748080e-01 1.776000e-03 4.234160e-01
419 5.744800e-01 1.808000e-03 4.237120e-01
420 5.742320e-01 1.732000e-03 4.240360e-01
421 5.739680e-01 1.740000e-03 4.242920e-01
422 5.737000e-01 1.648000e-03 4.246520e-01
423 5.734120e-01 1.608000e-03 4.249800e-01
424 5.731000e-01 1.660000e-03 4.252400e-01
425 5.727680e-01 1.752000e-03 4.254800e-01
426 5.724520e-01 1.664000e-03 4.258840e-01
427 5.722000e-01 1.660000e-03 4.261400e-01
428 5.718960e-01 1.636000e-03 4.264680e-01
429 5.716280e-01 1.584000e-03 4.267880e-01
430 5.713600e-01 1.580000e-03 4.270600e-01
431 5.710280e-01 1.628000e-03 4.273440e-01
432 5.707040e-01 1.712000e-03 4.275840e-01
433 5.704600e-01 1.664000e-03 4.278760e-01
434 5.701360e-01 1.664000e-03 4.282000e-01
435 5.697880e-01 1.672000e-03 4.285400e-01
436 5.694840e-01 1.724000e-03 4.287920e-01
437 5.691680e-01 1.732000e-03 4.291000e-01
438 5.687960e-01 1.808000e-03 4.293960e-01
439 5.685120e-01 1.752000e-03 4.297360e-01
440 5.681600e-01 1.808000e-03 4.300320e-01
441 5.678240e-01 1.848000e-03 4.303280e-01
442 5.674240e-01 1.908000e-03 4.306680e-01
443 5.670840e-01 1.916000e-03 4.310000e-01
444 5.667320e-01 1.900000e-03 4.313680e-01
445 5.664120e-01 1.860000e-03 4.317280e-01
446 5.661560e-01 1.780000e-03 4.320640e-01
447 5.658080e-01 1.796000e-03 4.323960e-01
448 5.655560e-01 1.756000e-03 4.326880e-01
449 5.652400e-01 1.804000e-03 4.329560e-01
450 5.649080e-01 1.816000e-03 4.332760e-01
451 5.646480e-01 1.768000e-03 4.335840e-01
452 5.642480e-01 1.888000e-03 4.338640e-01
453 5.639600e-01 1.832000e-03 4.342080e-01
454 5.636200e-01 1.892000e-03 4.344880e-01
455 5.633120e-01 1.916000e-03 4.347720e-01
456 5.630440e-01 1.824000e-03 4.351320e-01
457 5.627640e-01 1.784000e-03 4.354520e-01
458 5.624640e-01 1.820000e-03 4.357160e-01
459 5.622040e-01 1.784000e-03 4.360120e-01
460 5.619800e-01 1.644000e-03 4.363760e-01
461 5.617640e-01 1.564000e-03 4.366720e-01
462 5.615840e-01 1.500000e-03 4.369160e-01
463 5.613120e-01 1.544000e-03 4.371440e-01
464 5.610840e-01 1.540000e-03 4.373760e-01
465 5.608480e-01 1.496000e-03 4.376560e-01
466 5.605920e-01 1.452000e-03 4.379560e-01
467 5.603720e-01 1.464000e-03 4.381640e-01
468 5.600880e-01 1.504000e-03 4.384080e-01
469 5.598600e-01 1.536000e-03 4.386040e-01
470 5.595640e-01 1.556000e-03 4.388800e-01
471 5.592880e-01 1.592000e-03 4.391200e-01
472 5.590440e-01 1.588000e-03 4.393680e-01
473 5.587840e-01 1.544000e-03 4.396720e-01
474 5.584880e-01 1.504000e-03 4.400080e-01
475 5.581960e-01 1.540000e-03 4.402640e-01
476 5.579480e-01 1.544000e-03 4.405080e-01
477 5.576400e-01 1.580000e-03 4.407800e-01
478 5.573840e-01 1.544000e-03 4.410720e-01
479 5.571560e-01 1.540000e-03 4.413040e-01
480 5.569480e-01 1.500000e-03 4.415520e-01
481 5.567240e-01 1.372000e-03 4.419040e-01
482 5.564440e-01 1.452000e-03 4.421040e-01
483 5.561920e-01 1.368000e-03 4.424400e-01
484 5.559480e-01 1.380000e-03 4.426720e-01
485 5.556840e-01 1.396000e-03 4.429200e-01
486 5.554200e-01 1.424000e-03 4.431560e-01
487 5.551360e-01 1.488000e-03 4.433760e-01
488 5.548720e-01 1.420000e-03 4.437080e-01
489 5.546520e-01 1.428000e-03 4.439200e-01
490 5.543720e-01 1.460000e-03 4.441680e-01
491 5.541360e-01 1.468000e-03 4.443960e-01
492 5.538080e-01 1.480000e-03 4.447120e-01
493 5.535720e-01 1.416000e-03 4.450120e-01
494 5.533480e-01 1.396000e-03 4.452560e-01
495 5.530080e-01 1.456000e-03 4.455360e-01
496 5.527840e-01 1.380000e-03 4.458360e-01
497 5.525280e-01 1.408000e-03 4.460640e-01
498 5.522600e-01 1.452000e-03 4.462880e-01
499 5.519680e-01 1.476000e-03 4.465560e-01
500 5.517120e-01 1.412000e-03 4.468760e-01
