1 9.991320e-01 7.920000e-04 7.600000e-05
2 9.984520e-01 1.280000e-03 2.680000e-04
3 9.978040e-01 1.664000e-03 5.320000e-04
4 9.969240e-01 2.192000e-03 8.840000e-04
5 9.960120e-01 2.664000e-03 1.324000e-03
6 9.950800e-01 3.072000e-03 1.848000e-03
7 9.940920e-01 3.456000e-03 2.452000e-03
8 9.931040e-01 3.760000e-03 3.136000e-03
9 9.918760e-01 4.368000e-03 3.756000e-03
10 9.907560e-01 4.772000e-03 4.472000e-03
11 9.895400e-01 5.116000e-03 5.344000e-03
12 9.881440e-01 5.708000e-03 6.148000e-03
13 9.866000e-01 6.184000e-03 7.216000e-03
14 9.850160e-01 6.568000e-03 8.416000e-03
15 9.835680e-01 6.824000e-03 9.608000e-03
16 9.820960e-01 7.136000e-03 1.076800e-02
17 9.807240e-01 7.244000e-03 1.203200e-02
18 9.792240e-01 7.484000e-03 1.329200e-02
19 9.777240e-01 7.668000e-03 1.460800e-02
20 9.762040e-01 7.852000e-03 1.594400e-02
21 9.746360e-01 7.920000e-03 1.744400e-02
22 9.730760e-01 8.056000e-03 1.886800e-02
23 9.716040e-01 8.108000e-03 2.028800e-02
24 9.701400e-01 8.124000e-03 2.173600e-02
25 9.686160e-01 8.072000e-03 2.331200e-02
26 9.671320e-01 8.132000e-03 2.473600e-02
27 9.656200e-01 8.252000e-03 2.612800e-02
28 9.639640e-01 8.464000e-03 2.757200e-02
29 9.625040e-01 8.380000e-03 2.911600e-02
30 9.607320e-01 8.580000e-03 3.068800e-02
31 9.591840e-01 8.656000e-03 3.216000e-02
32 9.576200e-01 8.648000e-03 3.373200e-02
33 9.559600e-01 8.832000e-03 3.520800e-02
34 9.543600e-01 8.928000e-03 3.671200e-02
35 9.528200e-01 8.776000e-03 3.840400e-02
36 9.511520e-01 8.960000e-03 3.988800e-02
37 9.494480e-01 9.108000e-03 4.144400e-02
38 9.477600e-01 9.192000e-03 4.304800e-02
39 9.462080e-01 9.140000e-03 4.465200e-02
40 9.445960e-01 9.084000e-03 4.632000e-02
41 9.427680e-01 9.372000e-03 4.786000e-02
42 9.409680e-01 9.548000e-03 4.948400e-02
43 9.390560e-01 9.724000e-03 5.122000e-02
44 9.372880e-01 9.760000e-03 5.295200e-02
45 9.355360e-01 9.756000e-03 5.470800e-02
46 9.340080e-01 9.592000e-03 5.640000e-02
47 9.323520e-01 9.524000e-03 5.812400e-02
48 9.307560e-01 9.456000e-03 5.978800e-02
49 9.291120e-01 9.432000e-03 6.145600e-02
50 9.274640e-01 9.432000e-03 6.310400e-02
51 9.257400e-01 9.676000e-03 6.458400e-02
52 9.241040e-01 9.708000e-03 6.618800e-02
53 9.225520e-01 9.472000e-03 6.797600e-02
54 9.208600e-01 9.412000e-03 6.972800e-02
55 9.192760e-01 9.388000e-03 7.133600e-02
56 9.175400e-01 9.508000e-03 7.295200e-02
57 9.159200e-01 9.504000e-03 7.457600e-02
58 9.142520e-01 9.476000e-03 7.627200e-02
59 9.124920e-01 9.660000e-03 7.784800e-02
60 9.108000e-01 9.620000e-03 7.958000e-02
61 9.090760e-01 9.600000e-03 8.132400e-02
62 9.073040e-01 9.660000e-03 8.303600e-02
63 9.053840e-01 9.992000e-03 8.462400e-02
64 9.034880e-01 1.010800e-02 8.640400e-02
65 9.016120e-01 1.010800e-02 8.828000e-02
66 8.996280e-01 1.024800e-02 9.012400e-02
67 8.979480e-01 1.017200e-02 9.188000e-02
68 8.962080e-01 1.005200e-02 9.374000e-02
69 8.944040e-01 1.002400e-02 9.557200e-02
70 8.925360e-01 1.015200e-02 9.731200e-02
71 8.906960e-01 1.014000e-02 9.916400e-02
72 8.888040e-01 1.029200e-02 1.009040e-01
73 8.868680e-01 1.042800e-02 1.027040e-01
74 8.850040e-01 1.053200e-02 1.044640e-01
75 8.830240e-01 1.061200e-02 1.063640e-01
76 8.813440e-01 1.046400e-02 1.081920e-01
77 8.796760e-01 1.033200e-02 1.099920e-01
78 8.778400e-01 1.048800e-02 1.116720e-01
79 8.759720e-01 1.046800e-02 1.135600e-01
80 8.743080e-01 1.026800e-02 1.154240e-01
81 8.724800e-01 1.023200e-02 1.172880e-01
82 8.706720e-01 1.021200e-02 1.191160e-01
83 8.688600e-01 1.029600e-02 1.208440e-01
84 8.668840e-01 1.054400e-02 1.225720e-01
85 8.650560e-01 1.056000e-02 1.243840e-01
86 8.633520e-01 1.052400e-02 1.261240e-01
87 8.615760e-01 1.050000e-02 1.279240e-01
88 8.599840e-01 1.024800e-02 1.297680e-01
89 8.581080e-01 1.034400e-02 1.315480e-01
90 8.563800e-01 1.004800e-02 1.335720e-01
91 8.545120e-01 1.011600e-02 1.353720e-01
92 8.527400e-01 1.006000e-02 1.372000e-01
93 8.510760e-01 1.007200e-02 1.388520e-01
94 8.492120e-01 1.010800e-02 1.406800e-01
95 8.473960e-01 1.021600e-02 1.423880e-01
96 8.455480e-01 1.038000e-02 1.440720e-01
97 8.437520e-01 1.024000e-02 1.460080e-01
98 8.421640e-01 9.968000e-03 1.478680e-01
99 8.405840e-01 9.788000e-03 1.496280e-01
100 8.388480e-01 9.828000e-03 1.513240e-01
101 8.371240e-01 9.788000e-03 1.530880e-01
102 8.354000e-01 9.836000e-03 1.547640e-01
103 8.335760e-01 9.856000e-03 1.565680e-01
104 8.317040e-01 1.005600e-02 1.582400e-01
105 8.300080e-01 1.009200e-02 1.599000e-01
106 8.282120e-01 1.021200e-02 1.615760e-01
107 8.264640e-01 1.017200e-02 1.633640e-01
108 8.247160e-01 1.010000e-02 1.651840e-01
109 8.231040e-01 9.968000e-03 1.669280e-01
110 8.212320e-01 1.019200e-02 1.685760e-01
111 8.195960e-01 9.980000e-03 1.704240e-01
112 8.178440e-01 1.001600e-02 1.721400e-01
113 8.162880e-01 9.772000e-03 1.739400e-01
114 8.148640e-01 9.504000e-03 1.756320e-01
115 8.131520e-01 9.560000e-03 1.772880e-01
116 8.115600e-01 9.416000e-03 1.790240e-01
117 8.100080e-01 9.348000e-03 1.806440e-01
118 8.085280e-01 9.184000e-03 1.822880e-01
119 8.070440e-01 9.168000e-03 1.837880e-01
120 8.056080e-01 9.036000e-03 1.853560e-01
121 8.041000e-01 8.984000e-03 1.869160e-01
122 8.025680e-01 8.932000e-03 1.885000e-01
123 8.010240e-01 8.908000e-03 1.900680e-01
124 7.995160e-01 8.784000e-03 1.917000e-01
125 7.979880e-01 8.840000e-03 1.931720e-01
126 7.963520e-01 8.884000e-03 1.947640e-01
127 7.946400e-01 9.032000e-03 1.963280e-01
128 7.930560e-01 9.132000e-03 1.978120e-01
129 7.914880e-01 9.204000e-03 1.993080e-01
130 7.897280e-01 9.296000e-03 2.009760e-01
131 7.880160e-01 9.404000e-03 2.025800e-01
132 7.863000e-01 9.364000e-03 2.043360e-01
133 7.847560e-01 9.336000e-03 2.059080e-01
134 7.833280e-01 9.252000e-03 2.074200e-01
135 7.817920e-01 9.120000e-03 2.090880e-01
136 7.801440e-01 9.072000e-03 2.107840e-01
137 7.785680e-01 9.088000e-03 2.123440e-01
138 7.770480e-01 9.000000e-03 2.139520e-01
139 7.755640e-01 9.076000e-03 2.153600e-01
140 7.738840e-01 9.148000e-03 2.169680e-01
141 7.722000e-01 9.356000e-03 2.184440e-01
142 7.704440e-01 9.432000e-03 2.201240e-01
143 7.689480e-01 9.444000e-03 2.216080e-01
144 7.672920e-01 9.428000e-03 2.232800e-01
145 7.657200e-01 9.356000e-03 2.249240e-01
146 7.640480e-01 9.284000e-03 2.266680e-01
147 7.624280e-01 9.228000e-03 2.283440e-01
148 7.608920e-01 9.252000e-03 2.298560e-01
149 7.592680e-01 9.264000e-03 2.314680e-01
150 7.576840e-01 9.288000e-03 2.330280e-01
151 7.559520e-01 9.400000e-03 2.346480e-01
152 7.543520e-01 9.372000e-03 2.362760e-01
153 7.527600e-01 9.484000e-03 2.377560e-01
154 7.510040e-01 9.596000e-03 2.394000e-01
155 7.491680e-01 9.788000e-03 2.410440e-01
156 7.475880e-01 9.768000e-03 2.426440e-01
157 7.461120e-01 9.448000e-03 2.444400e-01
158 7.445200e-01 9.440000e-03 2.460400e-01
159 7.430960e-01 9.336000e-03 2.475680e-01
160 7.414080e-01 9.420000e-03 2.491720e-01
161 7.398080e-01 9.440000e-03 2.507520e-01
162 7.382920e-01 9.268000e-03 2.524400e-01
163 7.366760e-01 9.320000e-03 2.540040e-01
164 7.350320e-01 9.308000e-03 2.556600e-01
165 7.336640e-01 9.080000e-03 2.572560e-01
166 7.322240e-01 8.892000e-03 2.588840e-01
167 7.307920e-01 8.740000e-03 2.604680e-01
168 7.292280e-01 8.824000e-03 2.619480e-01
169 7.277440e-01 8.800000e-03 2.634560e-01
170 7.261120e-01 8.848000e-03 2.650400e-01
171 7.246200e-01 8.924000e-03 2.664560e-01
172 7.230920e-01 8.992000e-03 2.679160e-01
173 7.215640e-01 8.976000e-03 2.694600e-01
174 7.201520e-01 8.904000e-03 2.709440e-01
175 7.186080e-01 8.776000e-03 2.726160e-01
176 7.172000e-01 8.732000e-03 2.740680e-01
177 7.157160e-01 8.640000e-03 2.756440e-01
178 7.144160e-01 8.384000e-03 2.772000e-01
179 7.130000e-01 8.412000e-03 2.785880e-01
180 7.117760e-01 8.296000e-03 2.799280e-01
181 7.103800e-01 8.348000e-03 2.812720e-01
182 7.090520e-01 8.088000e-03 2.828600e-01
183 7.077280e-01 8.048000e-03 2.842240e-01
184 7.063720e-01 7.936000e-03 2.856920e-01
185 7.049680e-01 7.960000e-03 2.870720e-01
186 7.036760e-01 7.908000e-03 2.884160e-01
187 7.024880e-01 7.672000e-03 2.898400e-01
188 7.012600e-01 7.628000e-03 2.911120e-01
189 6.998960e-01 7.684000e-03 2.924200e-01
190 6.987720e-01 7.564000e-03 2.936640e-01
191 6.977280e-01 7.408000e-03 2.948640e-01
192 6.966840e-01 7.192000e-03 2.961240e-01
193 6.955640e-01 7.112000e-03 2.973240e-01
194 6.944640e-01 6.904000e-03 2.986320e-01
195 6.933600e-01 6.780000e-03 2.998600e-01
196 6.923080e-01 6.640000e-03 3.010520e-01
197 6.912680e-01 6.544000e-03 3.021880e-01
198 6.900840e-01 6.620000e-03 3.032960e-01
199 6.890240e-01 6.448000e-03 3.045280e-01
200 6.879800e-01 6.452000e-03 3.055680e-01
201 6.867520e-01 6.596000e-03 3.066520e-01
202 6.855760e-01 6.724000e-03 3.077000e-01
203 6.843520e-01 6.728000e-03 3.089200e-01
204 6.833320e-01 6.560000e-03 3.101080e-01
205 6.822840e-01 6.468000e-03 3.112480e-01
206 6.813400e-01 6.256000e-03 3.124040e-01
207 6.803280e-01 6.208000e-03 3.134640e-01
208 6.793400e-01 6.148000e-03 3.145120e-01
209 6.781880e-01 6.208000e-03 3.156040e-01
210 6.771320e-01 6.164000e-03 3.167040e-01
211 6.759520e-01 6.360000e-03 3.176880e-01
212 6.749000e-01 6.356000e-03 3.187440e-01
213 6.738200e-01 6.356000e-03 3.198240e-01
214 6.728240e-01 6.212000e-03 3.209640e-01
215 6.717680e-01 6.176000e-03 3.220560e-01
216 6.708440e-01 6.092000e-03 3.230640e-01
217 6.698640e-01 5.952000e-03 3.241840e-01
218 6.689360e-01 5.804000e-03 3.252600e-01
219 6.679800e-01 5.824000e-03 3.261960e-01
220 6.670360e-01 5.836000e-03 3.271280e-01
221 6.659600e-01 5.896000e-03 3.281440e-01
222 6.649800e-01 5.816000e-03 3.292040e-01
223 6.641000e-01 5.744000e-03 3.301560e-01
224 6.631840e-01 5.772000e-03 3.310440e-01
225 6.622800e-01 5.660000e-03 3.320600e-01
226 6.614080e-01 5.580000e-03 3.330120e-01
227 6.605960e-01 5.464000e-03 3.339400e-01
228 6.597480e-01 5.392000e-03 3.348600e-01
229 6.589040e-01 5.252000e-03 3.358440e-01
230 6.580760e-01 5.324000e-03 3.366000e-01
231 6.572320e-01 5.312000e-03 3.374560e-01
232 6.564120e-01 5.188000e-03 3.384000e-01
233 6.555320e-01 5.208000e-03 3.392600e-01
234 6.547320e-01 5.044000e-03 3.402240e-01
235 6.539560e-01 4.952000e-03 3.410920e-01
236 6.531120e-01 4.932000e-03 3.419560e-01
237 6.523120e-01 4.852000e-03 3.428360e-01
238 6.514240e-01 4.864000e-03 3.437120e-01
239 6.505240e-01 4.844000e-03 3.446320e-01
240 6.496600e-01 4.892000e-03 3.454480e-01
241 6.488000e-01 4.812000e-03 3.463880e-01
242 6.481080e-01 4.692000e-03 3.472000e-01
243 6.473200e-01 4.640000e-03 3.480400e-01
244 6.466040e-01 4.556000e-03 3.488400e-01
245 6.458920e-01 4.568000e-03 3.495400e-01
246 6.451800e-01 4.520000e-03 3.503000e-01
247 6.444240e-01 4.500000e-03 3.510760e-01
248 6.437200e-01 4.428000e-03 3.518520e-01
249 6.431040e-01 4.216000e-03 3.526800e-01
250 6.424520e-01 4.096000e-03 3.534520e-01
251 6.417680e-01 4.060000e-03 3.541720e-01
252 6.412080e-01 3.896000e-03 3.548960e-01
253 6.406720e-01 3.852000e-03 3.554760e-01
254 6.400720e-01 3.704000e-03 3.562240e-01
255 6.394760e-01 3.560000e-03 3.569640e-01
256 6.387600e-01 3.648000e-03 3.575920e-01
257 6.380720e-01 3.692000e-03 3.582360e-01
258 6.375600e-01 3.544000e-03 3.588960e-01
259 6.369240e-01 3.592000e-03 3.594840e-01
260 6.363360e-01 3.560000e-03 3.601040e-01
261 6.358240e-01 3.512000e-03 3.606640e-01
262 6.353120e-01 3.396000e-03 3.612920e-01
263 6.347400e-01 3.388000e-03 3.618720e-01
264 6.342960e-01 3.204000e-03 3.625000e-01
265 6.338120e-01 3.168000e-03 3.630200e-01
266 6.331960e-01 3.224000e-03 3.635800e-01
267 6.327000e-01 3.152000e-03 3.641480e-01
268 6.321320e-01 3.140000e-03 3.647280e-01
269 6.315920e-01 3.148000e-03 3.652600e-01
270 6.310240e-01 3.148000e-03 3.658280e-01
271 6.304760e-01 3.064000e-03 3.664600e-01
272 6.298480e-01 3.204000e-03 3.669480e-01
273 6.293120e-01 3.276000e-03 3.674120e-01
274 6.286200e-01 3.316000e-03 3.680640e-01
275 6.279680e-01 3.332000e-03 3.687000e-01
276 6.273600e-01 3.392000e-03 3.692480e-01
277 6.266960e-01 3.484000e-03 3.698200e-01
278 6.260360e-01 3.612000e-03 3.703520e-01
279 6.254240e-01 3.512000e-03 3.710640e-01
280 6.246840e-01 3.616000e-03 3.717000e-01
281 6.240120e-01 3.688000e-03 3.723000e-01
282 6.233800e-01 3.716000e-03 3.729040e-01
283 6.227720e-01 3.728000e-03 3.735000e-01
284 6.221200e-01 3.704000e-03 3.741760e-01
285 6.214520e-01 3.692000e-03 3.748560e-01
286 6.207560e-01 3.736000e-03 3.755080e-01
287 6.200720e-01 3.728000e-03 3.762000e-01
288 6.193640e-01 3.820000e-03 3.768160e-01
289 6.186560e-01 3.904000e-03 3.774400e-01
290 6.179720e-01 3.924000e-03 3.781040e-01
291 6.173080e-01 3.904000e-03 3.787880e-01
292 6.166760e-01 3.816000e-03 3.795080e-01
293 6.161200e-01 3.716000e-03 3.801640e-01
294 6.155600e-01 3.620000e-03 3.808200e-01
295 6.150120e-01 3.464000e-03 3.815240e-01
296 6.144720e-01 3.372000e-03 3.821560e-01
297 6.139560e-01 3.336000e-03 3.827080e-01
298 6.133160e-01 3.396000e-03 3.832880e-01
299 6.128000e-01 3.272000e-03 3.839280e-01
300 6.124160e-01 3.176000e-03 3.844080e-01
301 6.119680e-01 3.192000e-03 3.848400e-01
302 6.115120e-01 3.120000e-03 3.853680e-01
303 6.110560e-01 3.068000e-03 3.858760e-01
304 6.106360e-01 2.952000e-03 3.864120e-01
305 6.102360e-01 2.804000e-03 3.869600e-01
306 6.098440e-01 2.644000e-03 3.875120e-01
307 6.094680e-01 2.584000e-03 3.879480e-01
308 6.090240e-01 2.572000e-03 3.884040e-01
309 6.086280e-01 2.544000e-03 3.888280e-01
310 6.082320e-01 2.492000e-03 3.892760e-01
311 6.079080e-01 2.328000e-03 3.897640e-01
312 6.076120e-01 2.280000e-03 3.901080e-01
313 6.072920e-01 2.224000e-03 3.904840e-01
314 6.069600e-01 2.160000e-03 3.908800e-01
315 6.066000e-01 2.060000e-03 3.913400e-01
316 6.062480e-01 2.080000e-03 3.916720e-01
317 6.058720e-01 2.096000e-03 3.920320e-01
318 6.055640e-01 2.092000e-03 3.923440e-01
319 6.050680e-01 2.220000e-03 3.927120e-01
320 6.046200e-01 2.300000e-03 3.930800e-01
321 6.042600e-01 2.320000e-03 3.934200e-01
322 6.038560e-01 2.368000e-03 3.937760e-01
323 6.034920e-01 2.304000e-03 3.942040e-01
324 6.031240e-01 2.304000e-03 3.945720e-01
325 6.027000e-01 2.368000e-03 3.949320e-01
326 6.022920e-01 2.372000e-03 3.953360e-01
327 6.019080e-01 2.344000e-03 3.957480e-01
328 6.014960e-01 2.360000e-03 3.961440e-01
329 6.011280e-01 2.340000e-03 3.965320e-01
330 6.007520e-01 2.364000e-03 3.968840e-01
331 6.004120e-01 2.276000e-03 3.973120e-01
332 6.000240e-01 2.284000e-03 3.976920e-01
333 5.997000e-01 2.196000e-03 3.981040e-01
334 5.993920e-01 2.100000e-03 3.985080e-01
335 5.990400e-01 2.132000e-03 3.988280e-01
336 5.986680e-01 2.152000e-03 3.991800e-01
337 5.983360e-01 2.060000e-03 3.996040e-01
338 5.980040e-01 2.032000e-03 3.999640e-01
339 5.976440e-01 2.084000e-03 4.002720e-01
340 5.972600e-01 2.104000e-03 4.006360e-01
341 5.969240e-01 2.096000e-03 4.009800e-01
342 5.965280e-01 2.212000e-03 4.012600e-01
343 5.962040e-01 2.204000e-03 4.015920e-01
344 5.958720e-01 2.160000e-03 4.019680e-01
345 5.955560e-01 2.084000e-03 4.023600e-01
346 5.953080e-01 1.968000e-03 4.027240e-01
347 5.950520e-01 1.924000e-03 4.030240e-01
348 5.947640e-01 1.852000e-03 4.033840e-01
349 5.944680e-01 1.864000e-03 4.036680e-01
350 5.941960e-01 1.768000e-03 4.040360e-01
351 5.938960e-01 1.788000e-03 4.043160e-01
352 5.936280e-01 1.768000e-03 4.046040e-01
353 5.933560e-01 1.728000e-03 4.049160e-01
354 5.931120e-01 1.668000e-03 4.052200e-01
355 5.927680e-01 1.712000e-03 4.055200e-01
356 5.924280e-01 1.800000e-03 4.057720e-01
357 5.921080e-01 1.804000e-03 4.060880e-01
358 5.917840e-01 1.792000e-03 4.064240e-01
359 5.914280e-01 1.836000e-03 4.067360e-01
360 5.911200e-01 1.848000e-03 4.070320e-01
361 5.908200e-01 1.764000e-03 4.074160e-01
362 5.905240e-01 1.696000e-03 4.077800e-01
363 5.902680e-01 1.604000e-03 4.081280e-01
364 5.899560e-01 1.628000e-03 4.084160e-01
365 5.897120e-01 1.564000e-03 4.087240e-01
366 5.894720e-01 1.484000e-03 4.090440e-01
367 5.891960e-01 1.476000e-03 4.093280e-01
368 5.888880e-01 1.548000e-03 4.095640e-01
369 5.885160e-01 1.600000e-03 4.098840e-01
370 5.882600e-01 1.552000e-03 4.101880e-01
371 5.879760e-01 1.572000e-03 4.104520e-01
372 5.876400e-01 1.664000e-03 4.106960e-01
373 5.873280e-01 1.692000e-03 4.109800e-01
374 5.870000e-01 1.664000e-03 4.113360e-01
375 5.867160e-01 1.604000e-03 4.116800e-01
376 5.864720e-01 1.532000e-03 4.119960e-01
377 5.862240e-01 1.540000e-03 4.122360e-01
378 5.859400e-01 1.564000e-03 4.124960e-01
379 5.857360e-01 1.476000e-03 4.127880e-01
380 5.855080e-01 1.448000e-03 4.130440e-01
381 5.853080e-01 1.416000e-03 4.132760e-01
382 5.850640e-01 1.372000e-03 4.135640e-01
383 5.848800e-01 1.344000e-03 4.137760e-01
384 5.846360e-01 1.356000e-03 4.140080e-01
385 5.843360e-01 1.404000e-03 4.142600e-01
386 5.841280e-01 1.360000e-03 4.145120e-01
387 5.838520e-01 1.420000e-03 4.147280e-01
388 5.836000e-01 1.420000e-03 4.149800e-01
389 5.833640e-01 1.388000e-03 4.152480e-01
390 5.831120e-01 1.392000e-03 4.154960e-01
391 5.829280e-01 1.292000e-03 4.157800e-01
392 5.827320e-01 1.272000e-03 4.159960e-01
393 5.825320e-01 1.256000e-03 4.162120e-01
394 5.823080e-01 1.284000e-03 4.164080e-01
395 5.820520e-01 1.332000e-03 4.166160e-01
396 5.818120e-01 1.344000e-03 4.168440e-01
397 5.815960e-01 1.360000e-03 4.170440e-01
398 5.814040e-01 1.276000e-03 4.173200e-01
399 5.812200e-01 1.296000e-03 4.174840e-01
400 5.810120e-01 1.260000e-03 4.177280e-01
401 5.808120e-01 1.276000e-03 4.179120e-01
402 5.806400e-01 1.276000e-03 4.180840e-01
403 5.804720e-01 1.256000e-03 4.182720e-01
404 5.802960e-01 1.244000e-03 4.184600e-01
405 5.801360e-01 1.192000e-03 4.186720e-01
406 5.799760e-01 1.152000e-03 4.188720e-01
407 5.798320e-01 1.068000e-03 4.191000e-01
408 5.796080e-01 1.116000e-03 4.192760e-01
409 5.794120e-01 1.128000e-03 4.194600e-01
410 5.791920e-01 1.184000e-03 4.196240e-01
411 5.790280e-01 1.212000e-03 4.197600e-01
412 5.787920e-01 1.276000e-03 4.199320e-01
413 5.785880e-01 1.264000e-03 4.201480e-01
414 5.783640e-01 1.256000e-03 4.203800e-01
415 5.781400e-01 1.232000e-03 4.206280e-01
416 5.779200e-01 1.192000e-03 4.208880e-01
417 5.777800e-01 1.168000e-03 4.210520e-01
418 5.776040e-01 1.184000e-03 4.212120e-01
419 5.774880e-01 1.136000e-03 4.213760e-01
420 5.773200e-01 1.108000e-03 4.215720e-01
421 5.771440e-01 1.100000e-03 4.217560e-01
422 5.769520e-01 1.080000e-03 4.219680e-01
423 5.767440e-01 1.104000e-03 4.221520e-01
424 5.765160e-01 1.088000e-03 4.223960e-01
425 5.763000e-01 1.076000e-03 4.226240e-01
426 5.760960e-01 1.108000e-03 4.227960e-01
427 5.758760e-01 1.172000e-03 4.229520e-01
428 5.756160e-01 1.228000e-03 4.231560e-01
429 5.754280e-01 1.192000e-03 4.233800e-01
430 5.752280e-01 1.212000e-03 4.235600e-01
431 5.750080e-01 1.192000e-03 4.238000e-01
432 5.748160e-01 1.168000e-03 4.240160e-01
433 5.745640e-01 1.188000e-03 4.242480e-01
434 5.743240e-01 1.236000e-03 4.244400e-01
435 5.741040e-01 1.268000e-03 4.246280e-01
436 5.739080e-01 1.264000e-03 4.248280e-01
437 5.737080e-01 1.204000e-03 4.250880e-01
438 5.734640e-01 1.244000e-03 4.252920e-01
439 5.732320e-01 1.216000e-03 4.255520e-01
440 5.730160e-01 1.196000e-03 4.257880e-01
441 5.727840e-01 1.216000e-03 4.260000e-01
442 5.725720e-01 1.224000e-03 4.262040e-01
443 5.723600e-01 1.236000e-03 4.264040e-01
444 5.721120e-01 1.272000e-03 4.266160e-01
445 5.718960e-01 1.272000e-03 4.268320e-01
446 5.716840e-01 1.260000e-03 4.270560e-01
447 5.714560e-01 1.284000e-03 4.272600e-01
448 5.712400e-01 1.288000e-03 4.274720e-01
449 5.710520e-01 1.240000e-03 4.277080e-01
450 5.708720e-01 1.196000e-03 4.279320e-01
451 5.706800e-01 1.184000e-03 4.281360e-01
452 5.705120e-01 1.164000e-03 4.283240e-01
453 5.703200e-01 1.136000e-03 4.285440e-01
454 5.700640e-01 1.212000e-03 4.287240e-01
455 5.698440e-01 1.228000e-03 4.289280e-01
456 5.695560e-01 1.280000e-03 4.291640e-01
457 5.693040e-01 1.236000e-03 4.294600e-01
458 5.691080e-01 1.144000e-03 4.297480e-01
459 5.688720e-01 1.124000e-03 4.300040e-01
460 5.686440e-01 1.180000e-03 4.301760e-01
461 5.684360e-01 1.180000e-03 4.303840e-01
462 5.681800e-01 1.204000e-03 4.306160e-01
463 5.679360e-01 1.232000e-03 4.308320e-01
464 5.676840e-01 1.244000e-03 4.310720e-01
465 5.673720e-01 1.296000e-03 4.313320e-01
466 5.671120e-01 1.332000e-03 4.315560e-01
467 5.668640e-01 1.264000e-03 4.318720e-01
468 5.666160e-01 1.256000e-03 4.321280e-01
469 5.662800e-01 1.400000e-03 4.323200e-01
470 5.660960e-01 1.360000e-03 4.325440e-01
471 5.659120e-01 1.304000e-03 4.327840e-01
472 5.657000e-01 1.292000e-03 4.330080e-01
473 5.654840e-01 1.296000e-03 4.332200e-01
474 5.652920e-01 1.248000e-03 4.334600e-01
475 5.650960e-01 1.248000e-03 4.336560e-01
476 5.648280e-01 1.308000e-03 4.338640e-01
477 5.645920e-01 1.328000e-03 4.340800e-01
478 5.644440e-01 1.296000e-03 4.342600e-01
479 5.642360e-01 1.280000e-03 4.344840e-01
480 5.640560e-01 1.236000e-03 4.347080e-01
481 5.638360e-01 1.232000e-03 4.349320e-01
482 5.636680e-01 1.196000e-03 4.351360e-01
483 5.635000e-01 1.152000e-03 4.353480e-01
484 5.633120e-01 1.136000e-03 4.355520e-01
485 5.631280e-01 1.188000e-03 4.356840e-01
486 5.629320e-01 1.200000e-03 4.358680e-01
487 5.627720e-01 1.132000e-03 4.360960e-01
488 5.626400e-01 1.032000e-03 4.363280e-01
489 5.624960e-01 9.800000e-04 4.365240e-01
490 5.623120e-01 9.800000e-04 4.367080e-01
491 5.621440e-01 1.004000e-03 4.368520e-01
492 5.619800e-01 1.016000e-03 4.370040e-01
493 5.618040e-01 1.008000e-03 4.371880e-01
494 5.616440e-01 1.004000e-03 4.373520e-01
495 5.615280e-01 9.440000e-04 4.375280e-01
496 5.614000e-01 9.160000e-04 4.376840e-01
497 5.612720e-01 8.880000e-04 4.378400e-01
498 5.611800e-01 8.320000e-04 4.379880e-01
499 5.610680e-01 7.920000e-04 4.381400e-01
500 5.609440e-01 7.720000e-04 4.382840e-01
