1 9.991400e-01 7.880000e-04 7.200000e-05
2 9.984320e-01 1.288000e-03 2.800000e-04
3 9.977760e-01 1.680000e-03 5.440000e-04
4 9.968560e-01 2.240000e-03 9.040000e-04
5 9.958800e-01 2.784000e-03 1.336000e-03
6 9.949160e-01 3.224000e-03 1.860000e-03
7 9.938880e-01 3.668000e-03 2.444000e-03
8 9.926720e-01 4.176000e-03 3.152000e-03
9 9.914880e-01 4.580000e-03 3.932000e-03
10 9.902880e-01 4.924000e-03 4.788000e-03
11 9.891360e-01 5.176000e-03 5.688000e-03
12 9.879400e-01 5.488000e-03 6.572000e-03
13 9.866480e-01 5.792000e-03 7.560000e-03
14 9.853200e-01 6.028000e-03 8.652000e-03
15 9.841360e-01 6.288000e-03 9.576000e-03
16 9.827760e-01 6.484000e-03 1.074000e-02
17 9.812240e-01 6.996000e-03 1.178000e-02
18 9.798480e-01 7.088000e-03 1.306400e-02
19 9.785360e-01 7.196000e-03 1.426800e-02
20 9.772360e-01 7.320000e-03 1.544400e-02
21 9.758640e-01 7.412000e-03 1.672400e-02
22 9.745640e-01 7.280000e-03 1.815600e-02
23 9.732360e-01 7.384000e-03 1.938000e-02
24 9.717040e-01 7.600000e-03 2.069600e-02
25 9.702800e-01 7.684000e-03 2.203600e-02
26 9.688080e-01 7.752000e-03 2.344000e-02
27 9.673880e-01 7.760000e-03 2.485200e-02
28 9.658280e-01 8.000000e-03 2.617200e-02
29 9.643080e-01 8.076000e-03 2.761600e-02
30 9.627960e-01 8.292000e-03 2.891200e-02
31 9.612280e-01 8.380000e-03 3.039200e-02
32 9.595320e-01 8.512000e-03 3.195600e-02
33 9.578480e-01 8.720000e-03 3.343200e-02
34 9.562400e-01 8.840000e-03 3.492000e-02
35 9.545200e-01 9.092000e-03 3.638800e-02
36 9.527160e-01 9.164000e-03 3.812000e-02
37 9.511480e-01 9.144000e-03 3.970800e-02
38 9.495520e-01 9.168000e-03 4.128000e-02
39 9.478320e-01 9.144000e-03 4.302400e-02
40 9.462240e-01 9.136000e-03 4.464000e-02
41 9.447240e-01 9.076000e-03 4.620000e-02
42 9.431040e-01 8.992000e-03 4.790400e-02
43 9.414240e-01 9.252000e-03 4.932400e-02
44 9.396800e-01 9.360000e-03 5.096000e-02
45 9.378760e-01 9.512000e-03 5.261200e-02
46 9.361320e-01 9.584000e-03 5.428400e-02
47 9.344640e-01 9.556000e-03 5.598000e-02
48 9.327840e-01 9.572000e-03 5.764400e-02
49 9.312160e-01 9.392000e-03 5.939200e-02
50 9.294560e-01 9.532000e-03 6.101200e-02
51 9.275760e-01 9.736000e-03 6.268800e-02
52 9.257400e-01 9.916000e-03 6.434400e-02
53 9.239080e-01 9.860000e-03 6.623200e-02
54 9.221320e-01 9.860000e-03 6.800800e-02
55 9.204840e-01 9.892000e-03 6.962400e-02
56 9.188680e-01 9.696000e-03 7.143600e-02
57 9.171840e-01 9.640000e-03 7.317600e-02
58 9.154960e-01 9.616000e-03 7.488800e-02
59 9.137520e-01 9.688000e-03 7.656000e-02
60 9.120600e-01 9.628000e-03 7.831200e-02
61 9.102640e-01 9.728000e-03 8.000800e-02
62 9.084720e-01 9.824000e-03 8.170400e-02
63 9.067760e-01 9.756000e-03 8.346800e-02
64 9.049480e-01 9.812000e-03 8.524000e-02
65 9.032120e-01 9.816000e-03 8.697200e-02
66 9.014120e-01 9.956000e-03 8.863200e-02
67 8.997680e-01 9.832000e-03 9.040000e-02
68 8.981680e-01 9.804000e-03 9.202800e-02
69 8.963640e-01 1.000400e-02 9.363200e-02
70 8.946640e-01 1.002000e-02 9.531600e-02
71 8.929320e-01 9.924000e-03 9.714400e-02
72 8.912880e-01 9.880000e-03 9.883200e-02
73 8.896160e-01 9.852000e-03 1.005320e-01
74 8.879640e-01 9.864000e-03 1.021720e-01
75 8.861760e-01 9.940000e-03 1.038840e-01
76 8.845280e-01 9.964000e-03 1.055080e-01
77 8.827200e-01 9.944000e-03 1.073360e-01
78 8.809200e-01 1.006800e-02 1.090120e-01
79 8.793160e-01 9.908000e-03 1.107760e-01
80 8.776200e-01 9.920000e-03 1.124600e-01
81 8.760000e-01 9.704000e-03 1.142960e-01
82 8.744080e-01 9.684000e-03 1.159080e-01
83 8.728200e-01 9.700000e-03 1.174800e-01
84 8.711200e-01 9.648000e-03 1.192320e-01
85 8.696320e-01 9.432000e-03 1.209360e-01
86 8.679840e-01 9.396000e-03 1.226200e-01
87 8.665320e-01 9.320000e-03 1.241480e-01
88 8.649280e-01 9.376000e-03 1.256960e-01
89 8.633080e-01 9.300000e-03 1.273920e-01
90 8.616560e-01 9.292000e-03 1.290520e-01
91 8.599160e-01 9.440000e-03 1.306440e-01
92 8.583800e-01 9.276000e-03 1.323440e-01
93 8.568440e-01 9.192000e-03 1.339640e-01
94 8.552240e-01 9.208000e-03 1.355680e-01
95 8.535520e-01 9.284000e-03 1.371640e-01
96 8.520160e-01 9.228000e-03 1.387560e-01
97 8.504000e-01 9.200000e-03 1.404000e-01
98 8.487280e-01 9.172000e-03 1.421000e-01
99 8.471200e-01 9.156000e-03 1.437240e-01
100 8.454640e-01 9.116000e-03 1.454200e-01
101 8.440000e-01 9.000000e-03 1.470000e-01
102 8.423880e-01 9.068000e-03 1.485440e-01
103 8.408200e-01 9.080000e-03 1.501000e-01
104 8.393160e-01 8.984000e-03 1.517000e-01
105 8.377560e-01 8.956000e-03 1.532880e-01
106 8.363640e-01 8.912000e-03 1.547240e-01
107 8.349920e-01 8.716000e-03 1.562920e-01
108 8.335520e-01 8.580000e-03 1.578680e-01
109 8.320040e-01 8.752000e-03 1.592440e-01
110 8.305360e-01 8.756000e-03 1.607080e-01
111 8.291080e-01 8.480000e-03 1.624120e-01
112 8.275760e-01 8.428000e-03 1.639960e-01
113 8.260800e-01 8.376000e-03 1.655440e-01
114 8.246880e-01 8.260000e-03 1.670520e-01
115 8.232080e-01 8.348000e-03 1.684440e-01
116 8.217680e-01 8.284000e-03 1.699480e-01
117 8.203320e-01 8.348000e-03 1.713200e-01
118 8.187600e-01 8.460000e-03 1.727800e-01
119 8.174080e-01 8.452000e-03 1.741400e-01
120 8.159400e-01 8.436000e-03 1.756240e-01
121 8.145560e-01 8.316000e-03 1.771280e-01
122 8.130360e-01 8.324000e-03 1.786400e-01
123 8.113720e-01 8.564000e-03 1.800640e-01
124 8.098400e-01 8.572000e-03 1.815880e-01
125 8.083560e-01 8.644000e-03 1.830000e-01
126 8.069360e-01 8.448000e-03 1.846160e-01
127 8.055040e-01 8.452000e-03 1.860440e-01
128 8.041120e-01 8.372000e-03 1.875160e-01
129 8.028160e-01 8.268000e-03 1.889160e-01
130 8.014960e-01 8.152000e-03 1.903520e-01
131 8.001960e-01 8.012000e-03 1.917920e-01
132 7.990080e-01 7.792000e-03 1.932000e-01
133 7.975560e-01 7.776000e-03 1.946680e-01
134 7.963640e-01 7.528000e-03 1.961080e-01
135 7.952000e-01 7.388000e-03 1.974120e-01
136 7.940360e-01 7.264000e-03 1.987000e-01
137 7.927720e-01 7.220000e-03 2.000080e-01
138 7.916400e-01 7.044000e-03 2.013160e-01
139 7.904680e-01 7.036000e-03 2.024960e-01
140 7.892800e-01 6.972000e-03 2.037480e-01
141 7.880280e-01 6.956000e-03 2.050160e-01
142 7.867680e-01 7.144000e-03 2.060880e-01
143 7.854520e-01 7.160000e-03 2.073880e-01
144 7.842800e-01 7.016000e-03 2.087040e-01
145 7.830800e-01 7.016000e-03 2.099040e-01
146 7.820720e-01 6.844000e-03 2.110840e-01
147 7.809680e-01 6.700000e-03 2.123320e-01
148 7.799280e-01 6.572000e-03 2.135000e-01
149 7.788240e-01 6.468000e-03 2.147080e-01
150 7.777240e-01 6.496000e-03 2.157800e-01
151 7.766000e-01 6.524000e-03 2.168760e-01
152 7.755320e-01 6.496000e-03 2.179720e-01
153 7.745000e-01 6.388000e-03 2.191120e-01
154 7.733080e-01 6.476000e-03 2.202160e-01
155 7.721080e-01 6.608000e-03 2.212840e-01
156 7.710280e-01 6.724000e-03 2.222480e-01
157 7.699120e-01 6.652000e-03 2.234360e-01
158 7.687120e-01 6.704000e-03 2.245840e-01
159 7.675120e-01 6.672000e-03 2.258160e-01
160 7.664480e-01 6.608000e-03 2.269440e-01
161 7.652240e-01 6.600000e-03 2.281760e-01
162 7.640880e-01 6.608000e-03 2.293040e-01
163 7.631480e-01 6.468000e-03 2.303840e-01
164 7.620240e-01 6.392000e-03 2.315840e-01
165 7.609480e-01 6.260000e-03 2.327920e-01
166 7.599800e-01 6.044000e-03 2.339760e-01
167 7.590440e-01 5.988000e-03 2.349680e-01
168 7.581760e-01 5.788000e-03 2.360360e-01
169 7.572040e-01 5.772000e-03 2.370240e-01
170 7.561600e-01 5.844000e-03 2.379960e-01
171 7.550760e-01 5.908000e-03 2.390160e-01
172 7.540480e-01 5.848000e-03 2.401040e-01
173 7.530560e-01 5.800000e-03 2.411440e-01
174 7.520360e-01 5.856000e-03 2.421080e-01
175 7.510200e-01 5.836000e-03 2.431440e-01
176 7.500360e-01 5.856000e-03 2.441080e-01
177 7.491200e-01 5.776000e-03 2.451040e-01
178 7.482000e-01 5.808000e-03 2.459920e-01
179 7.473720e-01 5.604000e-03 2.470240e-01
180 7.465000e-01 5.508000e-03 2.479920e-01
181 7.457240e-01 5.264000e-03 2.490120e-01
182 7.450400e-01 5.000000e-03 2.499600e-01
183 7.443000e-01 4.944000e-03 2.507560e-01
184 7.435960e-01 4.800000e-03 2.516040e-01
185 7.428800e-01 4.728000e-03 2.523920e-01
186 7.421880e-01 4.576000e-03 2.532360e-01
187 7.414360e-01 4.492000e-03 2.540720e-01
188 7.407160e-01 4.444000e-03 2.548400e-01
189 7.399880e-01 4.420000e-03 2.555920e-01
190 7.393080e-01 4.304000e-03 2.563880e-01
191 7.385480e-01 4.376000e-03 2.570760e-01
192 7.377880e-01 4.336000e-03 2.578760e-01
193 7.371040e-01 4.204000e-03 2.586920e-01
194 7.363960e-01 4.204000e-03 2.594000e-01
195 7.357120e-01 4.068000e-03 2.602200e-01
196 7.350080e-01 3.996000e-03 2.609960e-01
197 7.342680e-01 4.032000e-03 2.617000e-01
198 7.335400e-01 4.040000e-03 2.624200e-01
199 7.328280e-01 4.128000e-03 2.630440e-01
200 7.321720e-01 4.068000e-03 2.637600e-01
201 7.314880e-01 3.976000e-03 2.645360e-01
202 7.307800e-01 4.028000e-03 2.651920e-01
203 7.300360e-01 4.012000e-03 2.659520e-01
204 7.294240e-01 3.876000e-03 2.667000e-01
205 7.288480e-01 3.796000e-03 2.673560e-01
206 7.282280e-01 3.636000e-03 2.681360e-01
207 7.275280e-01 3.680000e-03 2.687920e-01
208 7.268320e-01 3.824000e-03 2.693440e-01
209 7.262000e-01 3.768000e-03 2.700320e-01
210 7.256040e-01 3.712000e-03 2.706840e-01
211 7.250120e-01 3.712000e-03 2.712760e-01
212 7.244480e-01 3.616000e-03 2.719360e-01
213 7.239360e-01 3.432000e-03 2.726320e-01
214 7.233520e-01 3.488000e-03 2.731600e-01
215 7.229040e-01 3.352000e-03 2.737440e-01
216 7.223680e-01 3.308000e-03 2.743240e-01
217 7.218800e-01 3.256000e-03 2.748640e-01
218 7.214360e-01 3.200000e-03 2.753640e-01
219 7.209120e-01 3.204000e-03 2.758840e-01
220 7.204560e-01 3.128000e-03 2.764160e-01
221 7.198920e-01 3.120000e-03 2.769880e-01
222 7.193800e-01 3.060000e-03 2.775600e-01
223 7.189120e-01 2.896000e-03 2.781920e-01
224 7.185240e-01 2.748000e-03 2.787280e-01
225 7.180760e-01 2.696000e-03 2.792280e-01
226 7.176440e-01 2.676000e-03 2.796800e-01
227 7.172080e-01 2.612000e-03 2.801800e-01
228 7.167400e-01 2.608000e-03 2.806520e-01
229 7.163120e-01 2.656000e-03 2.810320e-01
230 7.158240e-01 2.668000e-03 2.815080e-01
231 7.154080e-01 2.672000e-03 2.819200e-01
232 7.149720e-01 2.616000e-03 2.824120e-01
233 7.145200e-01 2.628000e-03 2.828520e-01
234 7.140960e-01 2.580000e-03 2.833240e-01
235 7.136840e-01 2.560000e-03 2.837560e-01
236 7.131720e-01 2.552000e-03 2.842760e-01
237 7.127760e-01 2.512000e-03 2.847120e-01
238 7.123200e-01 2.404000e-03 2.852760e-01
239 7.119040e-01 2.328000e-03 2.857680e-01
240 7.114600e-01 2.408000e-03 2.861320e-01
241 7.110000e-01 2.412000e-03 2.865880e-01
242 7.105920e-01 2.400000e-03 2.870080e-01
243 7.101920e-01 2.384000e-03 2.874240e-01
244 7.098040e-01 2.372000e-03 2.878240e-01
245 7.094400e-01 2.328000e-03 2.882320e-01
246 7.091160e-01 2.188000e-03 2.886960e-01
247 7.087720e-01 2.164000e-03 2.890640e-01
248 7.083680e-01 2.096000e-03 2.895360e-01
249 7.080600e-01 2.036000e-03 2.899040e-01
250 7.077360e-01 2.028000e-03 2.902360e-01
251 7.074600e-01 2.004000e-03 2.905360e-01
252 7.071240e-01 2.016000e-03 2.908600e-01
253 7.067320e-01 2.096000e-03 2.911720e-01
254 7.063680e-01 2.120000e-03 2.915120e-01
255 7.059760e-01 2.152000e-03 2.918720e-01
256 7.055800e-01 2.176000e-03 2.922440e-01
257 7.051960e-01 2.168000e-03 2.926360e-01
258 7.048520e-01 2.168000e-03 2.929800e-01
259 7.044240e-01 2.192000e-03 2.933840e-01
260 7.040480e-01 2.244000e-03 2.937080e-01
261 7.036200e-01 2.328000e-03 2.940520e-01
262 7.031400e-01 2.436000e-03 2.944240e-01
263 7.026720e-01 2.472000e-03 2.948560e-01
264 7.022920e-01 2.448000e-03 2.952600e-01
265 7.017920e-01 2.472000e-03 2.957360e-01
266 7.012400e-01 2.572000e-03 2.961880e-01
267 7.008360e-01 2.564000e-03 2.966000e-01
268 7.003760e-01 2.584000e-03 2.970400e-01
269 6.999560e-01 2.536000e-03 2.975080e-01
270 6.994840e-01 2.568000e-03 2.979480e-01
271 6.990320e-01 2.604000e-03 2.983640e-01
272 6.986400e-01 2.532000e-03 2.988280e-01
273 6.982440e-01 2.500000e-03 2.992560e-01
274 6.977600e-01 2.576000e-03 2.996640e-01
275 6.973480e-01 2.560000e-03 3.000920e-01
276 6.969320e-01 2.552000e-03 3.005160e-01
277 6.965040e-01 2.584000e-03 3.009120e-01
278 6.960320e-01 2.592000e-03 3.013760e-01
279 6.956160e-01 2.500000e-03 3.018840e-01
280 6.952280e-01 2.540000e-03 3.022320e-01
281 6.948000e-01 2.596000e-03 3.026040e-01
282 6.944160e-01 2.516000e-03 3.030680e-01
283 6.939440e-01 2.500000e-03 3.035560e-01
284 6.934560e-01 2.564000e-03 3.039800e-01
285 6.930840e-01 2.564000e-03 3.043520e-01
286 6.926800e-01 2.444000e-03 3.048760e-01
287 6.922920e-01 2.440000e-03 3.052680e-01
288 6.919040e-01 2.412000e-03 3.056840e-01
289 6.915360e-01 2.340000e-03 3.061240e-01
290 6.910960e-01 2.336000e-03 3.065680e-01
291 6.907040e-01 2.284000e-03 3.070120e-01
292 6.903600e-01 2.268000e-03 3.073720e-01
293 6.899640e-01 2.272000e-03 3.077640e-01
294 6.896040e-01 2.172000e-03 3.082240e-01
295 6.892440e-01 2.196000e-03 3.085600e-01
296 6.889400e-01 2.076000e-03 3.089840e-01
297 6.886880e-01 1.972000e-03 3.093400e-01
298 6.884440e-01 1.900000e-03 3.096560e-01
299 6.881360e-01 1.832000e-03 3.100320e-01
300 6.878720e-01 1.852000e-03 3.102760e-01
301 6.875240e-01 1.844000e-03 3.106320e-01
302 6.872600e-01 1.752000e-03 3.109880e-01
303 6.870000e-01 1.732000e-03 3.112680e-01
304 6.867040e-01 1.708000e-03 3.115880e-01
305 6.863720e-01 1.764000e-03 3.118640e-01
306 6.860360e-01 1.796000e-03 3.121680e-01
307 6.857280e-01 1.796000e-03 3.124760e-01
308 6.854600e-01 1.752000e-03 3.127880e-01
309 6.851560e-01 1.776000e-03 3.130680e-01
310 6.848920e-01 1.720000e-03 3.133880e-01
311 6.846200e-01 1.672000e-03 3.137080e-01
312 6.843080e-01 1.652000e-03 3.140400e-01
313 6.840080e-01 1.700000e-03 3.142920e-01
314 6.837600e-01 1.632000e-03 3.146080e-01
315 6.835480e-01 1.500000e-03 3.149520e-01
316 6.833240e-01 1.484000e-03 3.151920e-01
317 6.829960e-01 1.544000e-03 3.154600e-01
318 6.827680e-01 1.488000e-03 3.157440e-01
319 6.825760e-01 1.420000e-03 3.160040e-01
320 6.823840e-01 1.348000e-03 3.162680e-01
321 6.821640e-01 1.316000e-03 3.165200e-01
322 6.819240e-01 1.320000e-03 3.167560e-01
323 6.817440e-01 1.296000e-03 3.169600e-01
324 6.815320e-01 1.264000e-03 3.172040e-01
325 6.813080e-01 1.260000e-03 3.174320e-01
326 6.811480e-01 1.248000e-03 3.176040e-01
327 6.809840e-01 1.200000e-03 3.178160e-01
328 6.808280e-01 1.216000e-03 3.179560e-01
329 6.805960e-01 1.264000e-03 3.181400e-01
330 6.803600e-01 1.260000e-03 3.183800e-01
331 6.801240e-01 1.296000e-03 3.185800e-01
332 6.800160e-01 1.244000e-03 3.187400e-01
333 6.798640e-01 1.188000e-03 3.189480e-01
334 6.796720e-01 1.204000e-03 3.191240e-01
335 6.794680e-01 1.188000e-03 3.193440e-01
336 6.792760e-01 1.148000e-03 3.195760e-01
337 6.791480e-01 1.084000e-03 3.197680e-01
338 6.789720e-01 1.108000e-03 3.199200e-01
339 6.788280e-01 1.020000e-03 3.201520e-01
340 6.786320e-01 1.036000e-03 3.203320e-01
341 6.784920e-01 1.008000e-03 3.205000e-01
342 6.783120e-01 1.032000e-03 3.206560e-01
343 6.781560e-01 1.020000e-03 3.208240e-01
344 6.780200e-01 9.920000e-04 3.209880e-01
345 6.778600e-01 9.960000e-04 3.211440e-01
346 6.777040e-01 1.000000e-03 3.212960e-01
347 6.775400e-01 1.000000e-03 3.214600e-01
348 6.773760e-01 9.800000e-04 3.216440e-01
349 6.771800e-01 1.012000e-03 3.218080e-01
350 6.769520e-01 1.080000e-03 3.219680e-01
351 6.767040e-01 1.124000e-03 3.221720e-01
352 6.764760e-01 1.124000e-03 3.224000e-01
353 6.762760e-01 1.144000e-03 3.225800e-01
354 6.760440e-01 1.204000e-03 3.227520e-01
355 6.758000e-01 1.244000e-03 3.229560e-01
356 6.755360e-01 1.320000e-03 3.231440e-01
357 6.753040e-01 1.336000e-03 3.233600e-01
358 6.751240e-01 1.300000e-03 3.235760e-01
359 6.748560e-01 1.336000e-03 3.238080e-01
360 6.746000e-01 1.376000e-03 3.240240e-01
361 6.743480e-01 1.336000e-03 3.243160e-01
362 6.741440e-01 1.300000e-03 3.245560e-01
363 6.739400e-01 1.292000e-03 3.247680e-01
364 6.737480e-01 1.284000e-03 3.249680e-01
365 6.735680e-01 1.264000e-03 3.251680e-01
366 6.733720e-01 1.216000e-03 3.254120e-01
367 6.731880e-01 1.220000e-03 3.255920e-01
368 6.730520e-01 1.124000e-03 3.258240e-01
369 6.728680e-01 1.112000e-03 3.260200e-01
370 6.726680e-01 1.148000e-03 3.261840e-01
371 6.724320e-01 1.220000e-03 3.263480e-01
372 6.722600e-01 1.220000e-03 3.265200e-01
373 6.720880e-01 1.208000e-03 3.267040e-01
374 6.719000e-01 1.188000e-03 3.269120e-01
375 6.717520e-01 1.152000e-03 3.270960e-01
376 6.715480e-01 1.124000e-03 3.273280e-01
377 6.713880e-01 1.108000e-03 3.275040e-01
378 6.712240e-01 1.096000e-03 3.276800e-01
379 6.711000e-01 1.024000e-03 3.278760e-01
380 6.709560e-01 1.020000e-03 3.280240e-01
381 6.707880e-01 1.048000e-03 3.281640e-01
382 6.706520e-01 9.680000e-04 3.283800e-01
383 6.704800e-01 9.760000e-04 3.285440e-01
384 6.702960e-01 9.320000e-04 3.287720e-01
385 6.701400e-01 9.680000e-04 3.288920e-01
386 6.700360e-01 9.000000e-04 3.290640e-01
387 6.699240e-01 8.480000e-04 3.292280e-01
388 6.698160e-01 8.040000e-04 3.293800e-01
389 6.697120e-01 7.680000e-04 3.295200e-01
390 6.696080e-01 7.480000e-04 3.296440e-01
391 6.695000e-01 7.160000e-04 3.297840e-01
392 6.694280e-01 6.560000e-04 3.299160e-01
393 6.693400e-01 6.320000e-04 3.300280e-01
394 6.692160e-01 6.360000e-04 3.301480e-01
395 6.691160e-01 6.160000e-04 3.302680e-01
396 6.689760e-01 6.440000e-04 3.303800e-01
397 6.688560e-01 6.440000e-04 3.305000e-01
398 6.687200e-01 6.600000e-04 3.306200e-01
399 6.685840e-01 6.760000e-04 3.307400e-01
400 6.684520e-01 7.280000e-04 3.308200e-01
401 6.683120e-01 7.280000e-04 3.309600e-01
402 6.681520e-01 7.640000e-04 3.310840e-01
403 6.680480e-01 7.640000e-04 3.311880e-01
404 6.678760e-01 8.560000e-04 3.312680e-01
405 6.677440e-01 8.320000e-04 3.314240e-01
406 6.675920e-01 8.240000e-04 3.315840e-01
407 6.674640e-01 8.080000e-04 3.317280e-01
408 6.673320e-01 8.280000e-04 3.318400e-01
409 6.671880e-01 8.200000e-04 3.319920e-01
410 6.670800e-01 7.760000e-04 3.321440e-01
411 6.669560e-01 7.720000e-04 3.322720e-01
412 6.668080e-01 8.000000e-04 3.323920e-01
413 6.666520e-01 8.480000e-04 3.325000e-01
414 6.665160e-01 8.160000e-04 3.326680e-01
415 6.664040e-01 8.120000e-04 3.327840e-01
416 6.662520e-01 8.200000e-04 3.329280e-01
417 6.661360e-01 7.880000e-04 3.330760e-01
418 6.660000e-01 8.160000e-04 3.331840e-01
419 6.658040e-01 8.840000e-04 3.333120e-01
420 6.656480e-01 9.040000e-04 3.334480e-01
421 6.654880e-01 9.240000e-04 3.335880e-01
422 6.653280e-01 9.200000e-04 3.337520e-01
423 6.651960e-01 8.800000e-04 3.339240e-01
424 6.650640e-01 8.480000e-04 3.340880e-01
425 6.649120e-01 8.480000e-04 3.342400e-01
426 6.647400e-01 8.720000e-04 3.343880e-01
427 6.645560e-01 8.720000e-04 3.345720e-01
428 6.643600e-01 8.800000e-04 3.347600e-01
429 6.642320e-01 8.280000e-04 3.349400e-01
430 6.641240e-01 8.080000e-04 3.350680e-01
431 6.640040e-01 8.040000e-04 3.351920e-01
432 6.638320e-01 8.480000e-04 3.353200e-01
433 6.637200e-01 8.440000e-04 3.354360e-01
434 6.635760e-01 8.400000e-04 3.355840e-01
435 6.633560e-01 9.160000e-04 3.357280e-01
436 6.632040e-01 8.560000e-04 3.359400e-01
437 6.629760e-01 9.400000e-04 3.360840e-01
438 6.627560e-01 9.560000e-04 3.362880e-01
439 6.625640e-01 1.024000e-03 3.364120e-01
440 6.623800e-01 1.064000e-03 3.365560e-01
441 6.622160e-01 1.072000e-03 3.367120e-01
442 6.619800e-01 1.124000e-03 3.368960e-01
443 6.617440e-01 1.192000e-03 3.370640e-01
444 6.614960e-01 1.280000e-03 3.372240e-01
445 6.612600e-01 1.320000e-03 3.374200e-01
446 6.610760e-01 1.284000e-03 3.376400e-01
447 6.607920e-01 1.360000e-03 3.378480e-01
448 6.605240e-01 1.356000e-03 3.381200e-01
449 6.602840e-01 1.392000e-03 3.383240e-01
450 6.600960e-01 1.320000e-03 3.385840e-01
451 6.598760e-01 1.308000e-03 3.388160e-01
452 6.596920e-01 1.268000e-03 3.390400e-01
453 6.595400e-01 1.188000e-03 3.392720e-01
454 6.593320e-01 1.200000e-03 3.394680e-01
455 6.592040e-01 1.128000e-03 3.396680e-01
456 6.590480e-01 1.076000e-03 3.398760e-01
457 6.588960e-01 1.020000e-03 3.400840e-01
458 6.587600e-01 1.004000e-03 3.402360e-01
459 6.585680e-01 1.016000e-03 3.404160e-01
460 6.584120e-01 1.020000e-03 3.405680e-01
461 6.582320e-01 1.036000e-03 3.407320e-01
462 6.581000e-01 1.012000e-03 3.408880e-01
463 6.579880e-01 9.560000e-04 3.410560e-01
464 6.578240e-01 9.360000e-04 3.412400e-01
465 6.576760e-01 9.000000e-04 3.414240e-01
466 6.575360e-01 8.920000e-04 3.415720e-01
467 6.574080e-01 8.400000e-04 3.417520e-01
468 6.572640e-01 8.360000e-04 3.419000e-01
469 6.571720e-01 7.920000e-04 3.420360e-01
470 6.570840e-01 7.480000e-04 3.421680e-01
471 6.569520e-01 7.800000e-04 3.422680e-01
472 6.567960e-01 8.040000e-04 3.424000e-01
473 6.566320e-01 8.560000e-04 3.425120e-01
474 6.564760e-01 8.600000e-04 3.426640e-01
475 6.563440e-01 8.640000e-04 3.427920e-01
476 6.562200e-01 8.120000e-04 3.429680e-01
477 6.560320e-01 8.520000e-04 3.431160e-01
478 6.558320e-01 9.200000e-04 3.432480e-01
479 6.556280e-01 9.600000e-04 3.434120e-01
480 6.554360e-01 1.040000e-03 3.435240e-01
481 6.552440e-01 1.072000e-03 3.436840e-01
482 6.550560e-01 1.072000e-03 3.438720e-01
483 6.548760e-01 1.032000e-03 3.440920e-01
484 6.547320e-01 1.004000e-03 3.442640e-01
485 6.545280e-01 1.032000e-03 3.444400e-01
486 6.543840e-01 9.960000e-04 3.446200e-01
487 6.542040e-01 9.800000e-04 3.448160e-01
488 6.540720e-01 9.760000e-04 3.449520e-01
489 6.539440e-01 9.360000e-04 3.451200e-01
490 6.538440e-01 8.840000e-04 3.452720e-01
491 6.537000e-01 8.920000e-04 3.454080e-01
492 6.535920e-01 8.440000e-04 3.455640e-01
493 6.534200e-01 8.840000e-04 3.456960e-01
494 6.533240e-01 8.200000e-04 3.458560e-01
495 6.531760e-01 8.120000e-04 3.460120e-01
496 6.530560e-01 8.000000e-04 3.461440e-01
497 6.529440e-01 7.840000e-04 3.462720e-01
498 6.528760e-01 7.320000e-04 3.463920e-01
499 6.527920e-01 6.920000e-04 3.465160e-01
500 6.526960e-01 6.800000e-04 3.466240e-01
