1 9.992280e-01 7.000000e-04 7.200000e-05
2 9.987360e-01 1.064000e-03 2.000000e-04
3 9.981200e-01 1.432000e-03 4.480000e-04
4 9.974080e-01 1.820000e-03 7.720000e-04
5 9.965920e-01 2.288000e-03 1.120000e-03
6 9.957520e-01 2.664000e-03 1.584000e-03
7 9.948640e-01 3.056000e-03 2.080000e-03
8 9.938720e-01 3.532000e-03 2.596000e-03
9 9.928320e-01 3.892000e-03 3.276000e-03
10 9.917680e-01 4.204000e-03 4.028000e-03
11 9.907960e-01 4.392000e-03 4.812000e-03
12 9.898480e-01 4.608000e-03 5.544000e-03
13 9.887600e-01 4.804000e-03 6.436000e-03
14 9.876880e-01 4.992000e-03 7.320000e-03
15 9.865680e-01 5.224000e-03 8.208000e-03
16 9.853480e-01 5.508000e-03 9.144000e-03
17 9.842960e-01 5.704000e-03 1.000000e-02
18 9.830400e-01 5.880000e-03 1.108000e-02
19 9.819360e-01 5.940000e-03 1.212400e-02
20 9.806600e-01 6.128000e-03 1.321200e-02
21 9.794480e-01 6.272000e-03 1.428000e-02
22 9.781200e-01 6.540000e-03 1.534000e-02
23 9.767760e-01 6.760000e-03 1.646400e-02
24 9.755240e-01 6.880000e-03 1.759600e-02
25 9.740720e-01 7.116000e-03 1.881200e-02
26 9.726640e-01 7.208000e-03 2.012800e-02
27 9.712680e-01 7.236000e-03 2.149600e-02
28 9.699560e-01 7.300000e-03 2.274400e-02
29 9.684640e-01 7.500000e-03 2.403600e-02
30 9.669760e-01 7.672000e-03 2.535200e-02
31 9.654200e-01 7.880000e-03 2.670000e-02
32 9.638480e-01 7.988000e-03 2.816400e-02
33 9.621920e-01 8.208000e-03 2.960000e-02
34 9.607440e-01 8.184000e-03 3.107200e-02
35 9.591760e-01 8.336000e-03 3.248800e-02
36 9.576200e-01 8.428000e-03 3.395200e-02
37 9.561200e-01 8.548000e-03 3.533200e-02
38 9.546600e-01 8.580000e-03 3.676000e-02
39 9.532560e-01 8.572000e-03 3.817200e-02
40 9.518640e-01 8.464000e-03 3.967200e-02
41 9.502440e-01 8.552000e-03 4.120400e-02
42 9.487920e-01 8.496000e-03 4.271200e-02
43 9.474480e-01 8.352000e-03 4.420000e-02
44 9.459240e-01 8.460000e-03 4.561600e-02
45 9.443240e-01 8.572000e-03 4.710400e-02
46 9.429120e-01 8.464000e-03 4.862400e-02
47 9.413960e-01 8.572000e-03 5.003200e-02
48 9.398280e-01 8.660000e-03 5.151200e-02
49 9.383360e-01 8.804000e-03 5.286000e-02
50 9.368000e-01 8.796000e-03 5.440400e-02
51 9.351880e-01 8.892000e-03 5.592000e-02
52 9.337080e-01 8.908000e-03 5.738400e-02
53 9.321840e-01 8.756000e-03 5.906000e-02
54 9.305360e-01 8.800000e-03 6.066400e-02
55 9.290280e-01 8.660000e-03 6.231200e-02
56 9.273120e-01 8.816000e-03 6.387200e-02
57 9.256320e-01 8.936000e-03 6.543200e-02
58 9.238640e-01 9.176000e-03 6.696000e-02
59 9.222400e-01 9.140000e-03 6.862000e-02
60 9.207400e-01 8.912000e-03 7.034800e-02
61 9.191360e-01 8.928000e-03 7.193600e-02
62 9.174800e-01 8.928000e-03 7.359200e-02
63 9.156520e-01 9.176000e-03 7.517200e-02
64 9.140760e-01 9.188000e-03 7.673600e-02
65 9.123920e-01 9.404000e-03 7.820400e-02
66 9.108280e-01 9.220000e-03 7.995200e-02
67 9.090600e-01 9.412000e-03 8.152800e-02
68 9.075160e-01 9.400000e-03 8.308400e-02
69 9.055400e-01 9.764000e-03 8.469600e-02
70 9.036400e-01 9.908000e-03 8.645200e-02
71 9.018160e-01 1.009200e-02 8.809200e-02
72 9.001320e-01 9.780000e-03 9.008800e-02
73 8.984680e-01 9.620000e-03 9.191200e-02
74 8.968720e-01 9.500000e-03 9.362800e-02
75 8.951600e-01 9.508000e-03 9.533200e-02
76 8.935720e-01 9.460000e-03 9.696800e-02
77 8.919400e-01 9.272000e-03 9.878800e-02
78 8.904840e-01 9.036000e-03 1.004800e-01
79 8.890280e-01 8.932000e-03 1.020400e-01
80 8.874520e-01 9.020000e-03 1.035280e-01
81 8.859400e-01 8.812000e-03 1.052480e-01
82 8.843640e-01 8.912000e-03 1.067240e-01
83 8.829000e-01 8.780000e-03 1.083200e-01
84 8.814040e-01 8.912000e-03 1.096840e-01
85 8.799040e-01 8.880000e-03 1.112160e-01
86 8.784440e-01 8.852000e-03 1.127040e-01
87 8.770400e-01 8.756000e-03 1.142040e-01
88 8.755040e-01 8.812000e-03 1.156840e-01
89 8.739040e-01 8.968000e-03 1.171280e-01
90 8.722000e-01 8.996000e-03 1.188040e-01
91 8.707800e-01 8.672000e-03 1.205480e-01
92 8.693400e-01 8.604000e-03 1.220560e-01
93 8.677880e-01 8.664000e-03 1.235480e-01
94 8.663440e-01 8.660000e-03 1.249960e-01
95 8.649200e-01 8.576000e-03 1.265040e-01
96 8.634040e-01 8.620000e-03 1.279760e-01
97 8.619040e-01 8.660000e-03 1.294360e-01
98 8.603720e-01 8.628000e-03 1.310000e-01
99 8.587880e-01 8.620000e-03 1.325920e-01
100 8.573760e-01 8.496000e-03 1.341280e-01
101 8.558680e-01 8.544000e-03 1.355880e-01
102 8.542080e-01 8.744000e-03 1.370480e-01
103 8.527640e-01 8.684000e-03 1.385520e-01
104 8.511960e-01 8.848000e-03 1.399560e-01
105 8.496440e-01 8.744000e-03 1.416120e-01
106 8.480040e-01 8.864000e-03 1.431320e-01
107 8.464000e-01 8.896000e-03 1.447040e-01
108 8.448680e-01 8.824000e-03 1.463080e-01
109 8.432920e-01 8.824000e-03 1.478840e-01
110 8.417360e-01 8.848000e-03 1.494160e-01
111 8.401080e-01 8.876000e-03 1.510160e-01
112 8.386280e-01 8.864000e-03 1.525080e-01
113 8.371200e-01 8.864000e-03 1.540160e-01
114 8.356520e-01 8.832000e-03 1.555160e-01
115 8.341560e-01 8.752000e-03 1.570920e-01
116 8.327080e-01 8.652000e-03 1.586400e-01
117 8.311880e-01 8.652000e-03 1.601600e-01
118 8.298760e-01 8.316000e-03 1.618080e-01
119 8.284720e-01 8.248000e-03 1.632800e-01
120 8.269520e-01 8.236000e-03 1.648120e-01
121 8.255360e-01 8.164000e-03 1.663000e-01
122 8.242040e-01 8.012000e-03 1.677840e-01
123 8.227200e-01 8.028000e-03 1.692520e-01
124 8.213040e-01 8.012000e-03 1.706840e-01
125 8.197240e-01 8.216000e-03 1.720600e-01
126 8.182560e-01 8.128000e-03 1.736160e-01
127 8.168840e-01 8.056000e-03 1.750600e-01
128 8.154880e-01 7.996000e-03 1.765160e-01
129 8.141040e-01 7.928000e-03 1.779680e-01
130 8.127400e-01 7.924000e-03 1.793360e-01
131 8.114560e-01 7.828000e-03 1.807160e-01
132 8.100040e-01 7.908000e-03 1.820880e-01
133 8.087480e-01 7.868000e-03 1.833840e-01
134 8.074600e-01 7.800000e-03 1.847400e-01
135 8.061720e-01 7.752000e-03 1.860760e-01
136 8.050040e-01 7.512000e-03 1.874840e-01
137 8.037280e-01 7.464000e-03 1.888080e-01
138 8.023400e-01 7.492000e-03 1.901680e-01
139 8.009120e-01 7.588000e-03 1.915000e-01
140 7.998120e-01 7.412000e-03 1.927760e-01
141 7.984840e-01 7.304000e-03 1.942120e-01
142 7.970520e-01 7.468000e-03 1.954800e-01
143 7.957240e-01 7.540000e-03 1.967360e-01
144 7.944320e-01 7.412000e-03 1.981560e-01
145 7.931840e-01 7.328000e-03 1.994880e-01
146 7.918960e-01 7.320000e-03 2.007840e-01
147 7.906440e-01 7.308000e-03 2.020480e-01
148 7.894440e-01 7.220000e-03 2.033360e-01
149 7.880720e-01 7.364000e-03 2.045640e-01
150 7.867720e-01 7.308000e-03 2.059200e-01
151 7.853640e-01 7.556000e-03 2.070800e-01
152 7.840640e-01 7.532000e-03 2.084040e-01
153 7.829080e-01 7.456000e-03 2.096360e-01
154 7.816680e-01 7.304000e-03 2.110280e-01
155 7.805000e-01 7.260000e-03 2.122400e-01
156 7.793320e-01 7.204000e-03 2.134640e-01
157 7.780680e-01 7.308000e-03 2.146240e-01
158 7.767880e-01 7.216000e-03 2.159960e-01
159 7.756640e-01 7.140000e-03 2.171960e-01
160 7.744440e-01 7.300000e-03 2.182560e-01
161 7.730800e-01 7.420000e-03 2.195000e-01
162 7.718400e-01 7.240000e-03 2.209200e-01
163 7.705320e-01 7.288000e-03 2.221800e-01
164 7.692960e-01 7.192000e-03 2.235120e-01
165 7.681120e-01 7.156000e-03 2.247320e-01
166 7.667440e-01 7.332000e-03 2.259240e-01
167 7.654520e-01 7.592000e-03 2.269560e-01
168 7.642440e-01 7.560000e-03 2.281960e-01
169 7.630120e-01 7.520000e-03 2.294680e-01
170 7.616720e-01 7.524000e-03 2.308040e-01
171 7.603800e-01 7.424000e-03 2.321960e-01
172 7.592040e-01 7.340000e-03 2.334560e-01
173 7.579280e-01 7.388000e-03 2.346840e-01
174 7.568280e-01 7.240000e-03 2.359320e-01
175 7.556760e-01 7.128000e-03 2.371960e-01
176 7.545880e-01 6.960000e-03 2.384520e-01
177 7.535480e-01 6.752000e-03 2.397000e-01
178 7.524560e-01 6.768000e-03 2.407760e-01
179 7.514160e-01 6.612000e-03 2.419720e-01
180 7.504000e-01 6.492000e-03 2.431080e-01
181 7.494000e-01 6.428000e-03 2.441720e-01
182 7.483880e-01 6.380000e-03 2.452320e-01
183 7.475040e-01 6.136000e-03 2.463600e-01
184 7.465600e-01 6.052000e-03 2.473880e-01
185 7.456120e-01 5.880000e-03 2.485080e-01
186 7.445720e-01 5.860000e-03 2.495680e-01
187 7.434840e-01 5.936000e-03 2.505800e-01
188 7.424240e-01 6.088000e-03 2.514880e-01
189 7.413520e-01 6.120000e-03 2.525280e-01
190 7.401680e-01 6.228000e-03 2.536040e-01
191 7.391320e-01 6.264000e-03 2.546040e-01
192 7.380480e-01 6.400000e-03 2.555520e-01
193 7.369440e-01 6.464000e-03 2.565920e-01
194 7.356960e-01 6.532000e-03 2.577720e-01
195 7.346200e-01 6.496000e-03 2.588840e-01
196 7.334760e-01 6.500000e-03 2.600240e-01
197 7.325520e-01 6.348000e-03 2.611000e-01
198 7.313680e-01 6.424000e-03 2.622080e-01
199 7.302640e-01 6.380000e-03 2.633560e-01
200 7.291840e-01 6.280000e-03 2.645360e-01
201 7.282400e-01 6.092000e-03 2.656680e-01
202 7.271600e-01 6.160000e-03 2.666800e-01
203 7.262240e-01 5.984000e-03 2.677920e-01
204 7.252760e-01 5.904000e-03 2.688200e-01
205 7.243160e-01 5.852000e-03 2.698320e-01
206 7.232200e-01 5.952000e-03 2.708280e-01
207 7.223680e-01 5.740000e-03 2.718920e-01
208 7.213160e-01 5.884000e-03 2.728000e-01
209 7.202400e-01 5.860000e-03 2.739000e-01
210 7.194280e-01 5.672000e-03 2.749000e-01
211 7.184160e-01 5.796000e-03 2.757880e-01
212 7.173520e-01 5.792000e-03 2.768560e-01
213 7.164520e-01 5.620000e-03 2.779280e-01
214 7.154960e-01 5.616000e-03 2.788880e-01
215 7.145200e-01 5.708000e-03 2.797720e-01
216 7.135640e-01 5.728000e-03 2.807080e-01
217 7.127520e-01 5.548000e-03 2.817000e-01
218 7.118640e-01 5.456000e-03 2.826800e-01
219 7.109120e-01 5.428000e-03 2.836600e-01
220 7.101040e-01 5.420000e-03 2.844760e-01
221 7.091160e-01 5.488000e-03 2.853960e-01
222 7.081440e-01 5.496000e-03 2.863600e-01
223 7.071880e-01 5.560000e-03 2.872520e-01
224 7.062640e-01 5.388000e-03 2.883480e-01
225 7.053400e-01 5.316000e-03 2.893440e-01
226 7.043920e-01 5.236000e-03 2.903720e-01
227 7.035000e-01 5.180000e-03 2.913200e-01
228 7.025880e-01 5.220000e-03 2.921920e-01
229 7.016920e-01 5.216000e-03 2.930920e-01
230 7.007400e-01 5.304000e-03 2.939560e-01
231 6.998400e-01 5.240000e-03 2.949200e-01
232 6.990200e-01 5.084000e-03 2.958960e-01
233 6.982160e-01 4.984000e-03 2.968000e-01
234 6.972680e-01 5.100000e-03 2.976320e-01
235 6.963720e-01 5.116000e-03 2.985120e-01
236 6.953800e-01 5.184000e-03 2.994360e-01
237 6.946320e-01 5.020000e-03 3.003480e-01
238 6.937400e-01 5.012000e-03 3.012480e-01
239 6.928480e-01 5.100000e-03 3.020520e-01
240 6.919800e-01 4.948000e-03 3.030720e-01
241 6.910880e-01 4.916000e-03 3.039960e-01
242 6.903760e-01 4.812000e-03 3.048120e-01
243 6.897240e-01 4.600000e-03 3.056760e-01
244 6.889760e-01 4.492000e-03 3.065320e-01
245 6.882280e-01 4.496000e-03 3.072760e-01
246 6.874880e-01 4.480000e-03 3.080320e-01
247 6.867080e-01 4.508000e-03 3.087840e-01
248 6.860240e-01 4.372000e-03 3.096040e-01
249 6.855000e-01 4.200000e-03 3.103000e-01
250 6.847480e-01 4.144000e-03 3.111080e-01
251 6.840880e-01 4.112000e-03 3.118000e-01
252 6.834800e-01 4.044000e-03 3.124760e-01
253 6.828320e-01 3.964000e-03 3.132040e-01
254 6.821680e-01 3.920000e-03 3.139120e-01
255 6.815520e-01 3.852000e-03 3.145960e-01
256 6.809480e-01 3.840000e-03 3.152120e-01
257 6.802920e-01 3.764000e-03 3.159440e-01
258 6.797000e-01 3.768000e-03 3.165320e-01
259 6.790800e-01 3.756000e-03 3.171640e-01
260 6.783880e-01 3.748000e-03 3.178640e-01
261 6.777560e-01 3.688000e-03 3.185560e-01
262 6.770600e-01 3.676000e-03 3.192640e-01
263 6.763880e-01 3.684000e-03 3.199280e-01
264 6.758560e-01 3.580000e-03 3.205640e-01
265 6.751800e-01 3.692000e-03 3.211280e-01
266 6.745680e-01 3.620000e-03 3.218120e-01
267 6.738720e-01 3.720000e-03 3.224080e-01
268 6.732000e-01 3.748000e-03 3.230520e-01
269 6.726200e-01 3.720000e-03 3.236600e-01
270 6.719840e-01 3.716000e-03 3.243000e-01
271 6.713960e-01 3.592000e-03 3.250120e-01
272 6.708920e-01 3.548000e-03 3.255600e-01
273 6.703440e-01 3.468000e-03 3.261880e-01
274 6.697360e-01 3.464000e-03 3.268000e-01
275 6.691200e-01 3.524000e-03 3.273560e-01
276 6.685240e-01 3.464000e-03 3.280120e-01
277 6.678480e-01 3.532000e-03 3.286200e-01
278 6.672040e-01 3.580000e-03 3.292160e-01
279 6.665480e-01 3.612000e-03 3.298400e-01
280 6.658840e-01 3.540000e-03 3.305760e-01
281 6.653680e-01 3.432000e-03 3.312000e-01
282 6.648200e-01 3.300000e-03 3.318800e-01
283 6.643200e-01 3.264000e-03 3.324160e-01
284 6.637160e-01 3.316000e-03 3.329680e-01
285 6.631200e-01 3.312000e-03 3.335680e-01
286 6.625680e-01 3.288000e-03 3.341440e-01
287 6.619480e-01 3.356000e-03 3.346960e-01
288 6.613520e-01 3.312000e-03 3.353360e-01
289 6.607680e-01 3.320000e-03 3.359120e-01
290 6.602760e-01 3.208000e-03 3.365160e-01
291 6.596800e-01 3.284000e-03 3.370360e-01
292 6.591440e-01 3.300000e-03 3.375560e-01
293 6.584960e-01 3.364000e-03 3.381400e-01
294 6.578360e-01 3.400000e-03 3.387640e-01
295 6.572480e-01 3.400000e-03 3.393520e-01
296 6.565680e-01 3.476000e-03 3.399560e-01
297 6.559400e-01 3.500000e-03 3.405600e-01
298 6.552880e-01 3.568000e-03 3.411440e-01
299 6.547520e-01 3.520000e-03 3.417280e-01
300 6.542800e-01 3.364000e-03 3.423560e-01
301 6.537720e-01 3.336000e-03 3.428920e-01
302 6.533600e-01 3.172000e-03 3.434680e-01
303 6.528080e-01 3.220000e-03 3.439720e-01
304 6.522280e-01 3.284000e-03 3.444880e-01
305 6.516720e-01 3.324000e-03 3.450040e-01
306 6.510920e-01 3.300000e-03 3.456080e-01
307 6.505840e-01 3.240000e-03 3.461760e-01
308 6.500880e-01 3.184000e-03 3.467280e-01
309 6.495800e-01 3.156000e-03 3.472640e-01
310 6.490160e-01 3.152000e-03 3.478320e-01
311 6.485240e-01 3.028000e-03 3.484480e-01
312 6.480360e-01 3.032000e-03 3.489320e-01
313 6.474760e-01 3.036000e-03 3.494880e-01
314 6.469240e-01 3.084000e-03 3.499920e-01
315 6.463520e-01 3.100000e-03 3.505480e-01
316 6.457760e-01 3.064000e-03 3.511600e-01
317 6.452360e-01 3.064000e-03 3.517000e-01
318 6.447160e-01 3.084000e-03 3.522000e-01
319 6.441280e-01 3.148000e-03 3.527240e-01
320 6.437440e-01 2.972000e-03 3.532840e-01
321 6.433160e-01 2.820000e-03 3.538640e-01
322 6.428880e-01 2.732000e-03 3.543800e-01
323 6.424360e-01 2.708000e-03 3.548560e-01
324 6.419960e-01 2.716000e-03 3.552880e-01
325 6.415600e-01 2.680000e-03 3.557600e-01
326 6.412200e-01 2.584000e-03 3.561960e-01
327 6.408320e-01 2.476000e-03 3.566920e-01
328 6.404560e-01 2.400000e-03 3.571440e-01
329 6.400840e-01 2.356000e-03 3.575600e-01
330 6.397640e-01 2.220000e-03 3.580160e-01
331 6.394240e-01 2.128000e-03 3.584480e-01
332 6.391120e-01 2.092000e-03 3.587960e-01
333 6.387440e-01 2.084000e-03 3.591720e-01
334 6.383840e-01 2.016000e-03 3.596000e-01
335 6.380440e-01 2.008000e-03 3.599480e-01
336 6.377280e-01 1.988000e-03 3.602840e-01
337 6.373800e-01 2.012000e-03 3.606080e-01
338 6.370600e-01 1.924000e-03 3.610160e-01
339 6.367600e-01 1.852000e-03 3.613880e-01
340 6.364840e-01 1.776000e-03 3.617400e-01
341 6.362800e-01 1.676000e-03 3.620440e-01
342 6.360160e-01 1.660000e-03 3.623240e-01
343 6.357320e-01 1.616000e-03 3.626520e-01
344 6.354360e-01 1.652000e-03 3.629120e-01
345 6.351680e-01 1.640000e-03 3.631920e-01
346 6.349320e-01 1.624000e-03 3.634440e-01
347 6.346520e-01 1.644000e-03 3.637040e-01
348 6.343880e-01 1.568000e-03 3.640440e-01
349 6.341800e-01 1.556000e-03 3.642640e-01
350 6.338520e-01 1.620000e-03 3.645280e-01
351 6.336480e-01 1.560000e-03 3.647920e-01
352 6.334080e-01 1.580000e-03 3.650120e-01
353 6.330960e-01 1.604000e-03 3.653000e-01
354 6.328400e-01 1.580000e-03 3.655800e-01
355 6.326040e-01 1.520000e-03 3.658760e-01
356 6.322360e-01 1.644000e-03 3.661200e-01
357 6.319680e-01 1.604000e-03 3.664280e-01
358 6.317200e-01 1.564000e-03 3.667160e-01
359 6.314200e-01 1.576000e-03 3.670040e-01
360 6.311480e-01 1.536000e-03 3.673160e-01
361 6.309720e-01 1.404000e-03 3.676240e-01
362 6.308200e-01 1.304000e-03 3.678760e-01
363 6.306320e-01 1.216000e-03 3.681520e-01
364 6.304760e-01 1.196000e-03 3.683280e-01
365 6.303080e-01 1.164000e-03 3.685280e-01
366 6.301040e-01 1.172000e-03 3.687240e-01
367 6.299520e-01 1.116000e-03 3.689320e-01
368 6.297600e-01 1.112000e-03 3.691280e-01
369 6.296360e-01 1.044000e-03 3.693200e-01
370 6.294600e-01 1.076000e-03 3.694640e-01
371 6.292960e-01 1.076000e-03 3.696280e-01
372 6.290920e-01 1.092000e-03 3.698160e-01
373 6.289480e-01 1.068000e-03 3.699840e-01
374 6.288120e-01 1.000000e-03 3.701880e-01
375 6.286520e-01 9.880000e-04 3.703600e-01
376 6.285120e-01 9.240000e-04 3.705640e-01
377 6.283800e-01 8.160000e-04 3.708040e-01
378 6.282000e-01 8.600000e-04 3.709400e-01
379 6.279760e-01 9.440000e-04 3.710800e-01
380 6.277960e-01 9.360000e-04 3.712680e-01
381 6.275920e-01 9.680000e-04 3.714400e-01
382 6.274360e-01 9.520000e-04 3.716120e-01
383 6.272720e-01 9.560000e-04 3.717720e-01
384 6.270960e-01 9.760000e-04 3.719280e-01
385 6.269440e-01 9.680000e-04 3.720880e-01
386 6.267720e-01 9.800000e-04 3.722480e-01
387 6.266160e-01 9.680000e-04 3.724160e-01
388 6.264320e-01 1.020000e-03 3.725480e-01
389 6.262600e-01 9.920000e-04 3.727480e-01
390 6.260960e-01 9.960000e-04 3.729080e-01
391 6.259360e-01 9.840000e-04 3.730800e-01
392 6.258200e-01 9.560000e-04 3.732240e-01
393 6.256520e-01 9.720000e-04 3.733760e-01
394 6.254520e-01 1.020000e-03 3.735280e-01
395 6.253080e-01 1.024000e-03 3.736680e-01
396 6.251440e-01 1.048000e-03 3.738080e-01
397 6.249720e-01 1.032000e-03 3.739960e-01
398 6.248240e-01 1.028000e-03 3.741480e-01
399 6.247000e-01 9.960000e-04 3.743040e-01
400 6.245800e-01 8.920000e-04 3.745280e-01
401 6.244680e-01 8.440000e-04 3.746880e-01
402 6.243360e-01 8.200000e-04 3.748440e-01
403 6.242480e-01 7.440000e-04 3.750080e-01
404 6.242000e-01 6.440000e-04 3.751560e-01
405 6.241160e-01 6.120000e-04 3.752720e-01
406 6.240680e-01 5.680000e-04 3.753640e-01
407 6.239760e-01 5.520000e-04 3.754720e-01
408 6.238880e-01 5.400000e-04 3.755720e-01
409 6.237800e-01 5.560000e-04 3.756640e-01
410 6.236120e-01 6.280000e-04 3.757600e-01
411 6.234800e-01 6.400000e-04 3.758800e-01
412 6.233640e-01 6.480000e-04 3.759880e-01
413 6.232280e-01 6.680000e-04 3.761040e-01
414 6.230760e-01 7.160000e-04 3.762080e-01
415 6.229400e-01 7.040000e-04 3.763560e-01
416 6.228160e-01 6.840000e-04 3.765000e-01
417 6.227200e-01 6.600000e-04 3.766200e-01
418 6.225840e-01 7.200000e-04 3.766960e-01
419 6.224520e-01 6.960000e-04 3.768520e-01
420 6.223720e-01 6.880000e-04 3.769400e-01
421 6.222360e-01 7.200000e-04 3.770440e-01
422 6.221080e-01 6.760000e-04 3.772160e-01
423 6.219880e-01 7.080000e-04 3.773040e-01
424 6.218560e-01 7.240000e-04 3.774200e-01
425 6.217280e-01 7.280000e-04 3.775440e-01
426 6.216200e-01 6.680000e-04 3.777120e-01
427 6.215400e-01 6.360000e-04 3.778240e-01
428 6.214000e-01 6.840000e-04 3.779160e-01
429 6.212840e-01 6.720000e-04 3.780440e-01
430 6.212040e-01 6.040000e-04 3.781920e-01
431 6.210760e-01 6.320000e-04 3.782920e-01
432 6.209880e-01 6.080000e-04 3.784040e-01
433 6.209000e-01 5.760000e-04 3.785240e-01
434 6.207880e-01 6.080000e-04 3.786040e-01
435 6.207120e-01 5.600000e-04 3.787280e-01
436 6.206080e-01 5.840000e-04 3.788080e-01
437 6.205040e-01 5.520000e-04 3.789440e-01
438 6.204440e-01 5.320000e-04 3.790240e-01
439 6.203520e-01 5.040000e-04 3.791440e-01
440 6.202440e-01 5.360000e-04 3.792200e-01
441 6.201640e-01 5.120000e-04 3.793240e-01
442 6.200920e-01 5.000000e-04 3.794080e-01
443 6.200160e-01 4.800000e-04 3.795040e-01
444 6.199520e-01 4.280000e-04 3.796200e-01
445 6.199080e-01 3.840000e-04 3.797080e-01
446 6.198560e-01 3.680000e-04 3.797760e-01
447 6.197920e-01 3.600000e-04 3.798480e-01
448 6.197040e-01 3.920000e-04 3.799040e-01
449 6.196360e-01 3.920000e-04 3.799720e-01
450 6.195920e-01 3.800000e-04 3.800280e-01
451 6.195480e-01 3.560000e-04 3.800960e-01
452 6.194960e-01 3.520000e-04 3.801520e-01
453 6.194320e-01 3.720000e-04 3.801960e-01
454 6.193680e-01 3.560000e-04 3.802760e-01
455 6.193160e-01 3.240000e-04 3.803600e-01
456 6.192800e-01 3.000000e-04 3.804200e-01
457 6.192200e-01 2.920000e-04 3.804880e-01
458 6.191680e-01 2.960000e-04 3.805360e-01
459 6.191000e-01 2.920000e-04 3.806080e-01
460 6.190680e-01 2.800000e-04 3.806520e-01
461 6.190160e-01 2.960000e-04 3.806880e-01
462 6.189800e-01 2.920000e-04 3.807280e-01
463 6.189400e-01 2.960000e-04 3.807640e-01
464 6.188480e-01 3.520000e-04 3.808000e-01
465 6.187720e-01 3.840000e-04 3.808440e-01
466 6.187040e-01 3.840000e-04 3.809120e-01
467 6.186200e-01 3.880000e-04 3.809920e-01
468 6.185560e-01 4.040000e-04 3.810400e-01
469 6.185080e-01 3.720000e-04 3.811200e-01
470 6.184360e-01 3.920000e-04 3.811720e-01
471 6.183720e-01 3.920000e-04 3.812360e-01
472 6.182880e-01 3.880000e-04 3.813240e-01
473 6.182120e-01 3.840000e-04 3.814040e-01
474 6.181560e-01 3.920000e-04 3.814520e-01
475 6.181200e-01 3.480000e-04 3.815320e-01
476 6.179800e-01 4.440000e-04 3.815760e-01
477 6.178920e-01 4.480000e-04 3.816600e-01
478 6.178080e-01 4.560000e-04 3.817360e-01
479 6.177440e-01 4.320000e-04 3.818240e-01
480 6.176920e-01 3.920000e-04 3.819160e-01
481 6.176000e-01 4.120000e-04 3.819880e-01
482 6.175440e-01 4.120000e-04 3.820440e-01
483 6.174360e-01 4.440000e-04 3.821200e-01
484 6.173280e-01 4.920000e-04 3.821800e-01
485 6.172280e-01 5.240000e-04 3.822480e-01
486 6.171200e-01 5.280000e-04 3.823520e-01
487 6.170480e-01 4.840000e-04 3.824680e-01
488 6.168960e-01 5.560000e-04 3.825480e-01
489 6.167760e-01 5.520000e-04 3.826720e-01
490 6.166760e-01 5.440000e-04 3.827800e-01
491 6.166040e-01 5.160000e-04 3.828800e-01
492 6.165400e-01 4.920000e-04 3.829680e-01
493 6.164720e-01 4.800000e-04 3.830480e-01
494 6.164120e-01 4.920000e-04 3.830960e-01
495 6.163520e-01 4.640000e-04 3.831840e-01
496 6.163120e-01 4.120000e-04 3.832760e-01
497 6.162400e-01 4.320000e-04 3.833280e-01
498 6.161920e-01 4.240000e-04 3.833840e-01
499 6.161160e-01 4.240000e-04 3.834600e-01
500 6.160640e-01 3.640000e-04 3.835720e-01
