1 9.992160e-01 6.760000e-04 1.080000e-04
2 9.987560e-01 9.520000e-04 2.920000e-04
3 9.982320e-01 1.284000e-03 4.840000e-04
4 9.975800e-01 1.704000e-03 7.160000e-04
5 9.968440e-01 2.116000e-03 1.040000e-03
6 9.960480e-01 2.576000e-03 1.376000e-03
7 9.951240e-01 2.984000e-03 1.892000e-03
8 9.941400e-01 3.392000e-03 2.468000e-03
9 9.931160e-01 3.764000e-03 3.120000e-03
10 9.921680e-01 4.024000e-03 3.808000e-03
11 9.912480e-01 4.272000e-03 4.480000e-03
12 9.902480e-01 4.568000e-03 5.184000e-03
13 9.892120e-01 4.860000e-03 5.928000e-03
14 9.880400e-01 5.088000e-03 6.872000e-03
15 9.868040e-01 5.376000e-03 7.820000e-03
16 9.855600e-01 5.620000e-03 8.820000e-03
17 9.842960e-01 5.856000e-03 9.848000e-03
18 9.831640e-01 6.016000e-03 1.082000e-02
19 9.818720e-01 6.136000e-03 1.199200e-02
20 9.807040e-01 6.160000e-03 1.313600e-02
21 9.795240e-01 6.080000e-03 1.439600e-02
22 9.783080e-01 6.232000e-03 1.546000e-02
23 9.770240e-01 6.464000e-03 1.651200e-02
24 9.758720e-01 6.440000e-03 1.768800e-02
25 9.745920e-01 6.552000e-03 1.885600e-02
26 9.732640e-01 6.696000e-03 2.004000e-02
27 9.717640e-01 6.948000e-03 2.128800e-02
28 9.704720e-01 7.096000e-03 2.243200e-02
29 9.691280e-01 7.204000e-03 2.366800e-02
30 9.677160e-01 7.400000e-03 2.488400e-02
31 9.662920e-01 7.420000e-03 2.628800e-02
32 9.648560e-01 7.480000e-03 2.766400e-02
33 9.633480e-01 7.728000e-03 2.892400e-02
34 9.619160e-01 7.672000e-03 3.041200e-02
35 9.605840e-01 7.708000e-03 3.170800e-02
36 9.591840e-01 7.676000e-03 3.314000e-02
37 9.578400e-01 7.616000e-03 3.454400e-02
38 9.562480e-01 8.020000e-03 3.573200e-02
39 9.547360e-01 8.052000e-03 3.721200e-02
40 9.532640e-01 7.976000e-03 3.876000e-02
41 9.517160e-01 8.064000e-03 4.022000e-02
42 9.503000e-01 8.048000e-03 4.165200e-02
43 9.488000e-01 8.092000e-03 4.310800e-02
44 9.474960e-01 8.024000e-03 4.448000e-02
45 9.460800e-01 8.024000e-03 4.589600e-02
46 9.447080e-01 8.020000e-03 4.727200e-02
47 9.433240e-01 7.976000e-03 4.870000e-02
48 9.420160e-01 7.888000e-03 5.009600e-02
49 9.406120e-01 7.892000e-03 5.149600e-02
50 9.391600e-01 7.900000e-03 5.294000e-02
51 9.376800e-01 8.036000e-03 5.428400e-02
52 9.361920e-01 8.160000e-03 5.564800e-02
53 9.346880e-01 8.392000e-03 5.692000e-02
54 9.330680e-01 8.504000e-03 5.842800e-02
55 9.315960e-01 8.484000e-03 5.992000e-02
56 9.301600e-01 8.424000e-03 6.141600e-02
57 9.286800e-01 8.612000e-03 6.270800e-02
58 9.272440e-01 8.576000e-03 6.418000e-02
59 9.256440e-01 8.596000e-03 6.576000e-02
60 9.242360e-01 8.608000e-03 6.715600e-02
61 9.227240e-01 8.592000e-03 6.868400e-02
62 9.210880e-01 8.668000e-03 7.024400e-02
63 9.197160e-01 8.600000e-03 7.168400e-02
64 9.182840e-01 8.528000e-03 7.318800e-02
65 9.168400e-01 8.612000e-03 7.454800e-02
66 9.153680e-01 8.600000e-03 7.603200e-02
67 9.138120e-01 8.676000e-03 7.751200e-02
68 9.123760e-01 8.488000e-03 7.913600e-02
69 9.111040e-01 8.360000e-03 8.053600e-02
70 9.096320e-01 8.348000e-03 8.202000e-02
71 9.080360e-01 8.512000e-03 8.345200e-02
72 9.064360e-01 8.668000e-03 8.489600e-02
73 9.048000e-01 8.840000e-03 8.636000e-02
74 9.031200e-01 8.872000e-03 8.800800e-02
75 9.013600e-01 8.956000e-03 8.968400e-02
76 8.997720e-01 8.992000e-03 9.123600e-02
77 8.983160e-01 8.896000e-03 9.278800e-02
78 8.967680e-01 8.916000e-03 9.431600e-02
79 8.951800e-01 8.928000e-03 9.589200e-02
80 8.933720e-01 9.148000e-03 9.748000e-02
81 8.916480e-01 9.264000e-03 9.908800e-02
82 8.899800e-01 9.268000e-03 1.007520e-01
83 8.883920e-01 9.256000e-03 1.023520e-01
84 8.867760e-01 9.276000e-03 1.039480e-01
85 8.850000e-01 9.284000e-03 1.057160e-01
86 8.833080e-01 9.292000e-03 1.074000e-01
87 8.816680e-01 9.292000e-03 1.090400e-01
88 8.800200e-01 9.460000e-03 1.105200e-01
89 8.784280e-01 9.376000e-03 1.121960e-01
90 8.766600e-01 9.480000e-03 1.138600e-01
91 8.749520e-01 9.528000e-03 1.155200e-01
92 8.732200e-01 9.548000e-03 1.172320e-01
93 8.715440e-01 9.636000e-03 1.188200e-01
94 8.697480e-01 9.680000e-03 1.205720e-01
95 8.681600e-01 9.556000e-03 1.222840e-01
96 8.667600e-01 9.324000e-03 1.239160e-01
97 8.652040e-01 9.228000e-03 1.255680e-01
98 8.636840e-01 9.204000e-03 1.271120e-01
99 8.621720e-01 9.064000e-03 1.287640e-01
100 8.606600e-01 8.908000e-03 1.304320e-01
101 8.593040e-01 8.756000e-03 1.319400e-01
102 8.577680e-01 8.732000e-03 1.335000e-01
103 8.562680e-01 8.728000e-03 1.350040e-01
104 8.547720e-01 8.792000e-03 1.364360e-01
105 8.532520e-01 8.628000e-03 1.381200e-01
106 8.517640e-01 8.576000e-03 1.396600e-01
107 8.504680e-01 8.472000e-03 1.410600e-01
108 8.489920e-01 8.464000e-03 1.425440e-01
109 8.474520e-01 8.620000e-03 1.439280e-01
110 8.459600e-01 8.600000e-03 1.454400e-01
111 8.444320e-01 8.584000e-03 1.469840e-01
112 8.429360e-01 8.568000e-03 1.484960e-01
113 8.416440e-01 8.348000e-03 1.500080e-01
114 8.404440e-01 8.060000e-03 1.514960e-01
115 8.392040e-01 7.832000e-03 1.529640e-01
116 8.378720e-01 7.864000e-03 1.542640e-01
117 8.365800e-01 7.816000e-03 1.556040e-01
118 8.352280e-01 7.848000e-03 1.569240e-01
119 8.339880e-01 7.712000e-03 1.583000e-01
120 8.326920e-01 7.528000e-03 1.597800e-01
121 8.314600e-01 7.368000e-03 1.611720e-01
122 8.301560e-01 7.312000e-03 1.625320e-01
123 8.288760e-01 7.352000e-03 1.637720e-01
124 8.276440e-01 7.328000e-03 1.650280e-01
125 8.263520e-01 7.368000e-03 1.662800e-01
126 8.249720e-01 7.536000e-03 1.674920e-01
127 8.236800e-01 7.480000e-03 1.688400e-01
128 8.223280e-01 7.572000e-03 1.701000e-01
129 8.210560e-01 7.536000e-03 1.714080e-01
130 8.197640e-01 7.448000e-03 1.727880e-01
131 8.184720e-01 7.328000e-03 1.742000e-01
132 8.171720e-01 7.408000e-03 1.754200e-01
133 8.158560e-01 7.484000e-03 1.766600e-01
134 8.145560e-01 7.520000e-03 1.779240e-01
135 8.131720e-01 7.620000e-03 1.792080e-01
136 8.119560e-01 7.536000e-03 1.805080e-01
137 8.105880e-01 7.568000e-03 1.818440e-01
138 8.092400e-01 7.724000e-03 1.830360e-01
139 8.078280e-01 7.764000e-03 1.844080e-01
140 8.065120e-01 7.684000e-03 1.858040e-01
141 8.051160e-01 7.784000e-03 1.871000e-01
142 8.038280e-01 7.720000e-03 1.884520e-01
143 8.024080e-01 7.848000e-03 1.897440e-01
144 8.009440e-01 7.916000e-03 1.911400e-01
145 7.995480e-01 7.944000e-03 1.925080e-01
146 7.981240e-01 7.928000e-03 1.939480e-01
147 7.967320e-01 7.928000e-03 1.953400e-01
148 7.953360e-01 7.912000e-03 1.967520e-01
149 7.940280e-01 7.936000e-03 1.980360e-01
150 7.926360e-01 7.928000e-03 1.994360e-01
151 7.913680e-01 7.732000e-03 2.009000e-01
152 7.900480e-01 7.668000e-03 2.022840e-01
153 7.888760e-01 7.552000e-03 2.035720e-01
154 7.877320e-01 7.372000e-03 2.048960e-01
155 7.863960e-01 7.436000e-03 2.061680e-01
156 7.852000e-01 7.464000e-03 2.073360e-01
157 7.839400e-01 7.316000e-03 2.087440e-01
158 7.826560e-01 7.316000e-03 2.100280e-01
159 7.813800e-01 7.280000e-03 2.113400e-01
160 7.801520e-01 7.196000e-03 2.126520e-01
161 7.790080e-01 7.076000e-03 2.139160e-01
162 7.779920e-01 6.884000e-03 2.151240e-01
163 7.768800e-01 6.912000e-03 2.162080e-01
164 7.758040e-01 6.836000e-03 2.173600e-01
165 7.747960e-01 6.612000e-03 2.185920e-01
166 7.737560e-01 6.552000e-03 2.196920e-01
167 7.727240e-01 6.504000e-03 2.207720e-01
168 7.716360e-01 6.392000e-03 2.219720e-01
169 7.705440e-01 6.356000e-03 2.231000e-01
170 7.693880e-01 6.392000e-03 2.242200e-01
171 7.683880e-01 6.368000e-03 2.252440e-01
172 7.674040e-01 6.308000e-03 2.262880e-01
173 7.664720e-01 6.100000e-03 2.274280e-01
174 7.654680e-01 6.068000e-03 2.284640e-01
175 7.644440e-01 6.072000e-03 2.294840e-01
176 7.635600e-01 5.780000e-03 2.306600e-01
177 7.625200e-01 5.740000e-03 2.317400e-01
178 7.616200e-01 5.652000e-03 2.327280e-01
179 7.605680e-01 5.772000e-03 2.336600e-01
180 7.596280e-01 5.704000e-03 2.346680e-01
181 7.586840e-01 5.632000e-03 2.356840e-01
182 7.577800e-01 5.488000e-03 2.367320e-01
183 7.568960e-01 5.436000e-03 2.376680e-01
184 7.559760e-01 5.340000e-03 2.386840e-01
185 7.549600e-01 5.468000e-03 2.395720e-01
186 7.540360e-01 5.404000e-03 2.405600e-01
187 7.531520e-01 5.420000e-03 2.414280e-01
188 7.523240e-01 5.304000e-03 2.423720e-01
189 7.513640e-01 5.336000e-03 2.433000e-01
190 7.503600e-01 5.308000e-03 2.443320e-01
191 7.494000e-01 5.388000e-03 2.452120e-01
192 7.485560e-01 5.276000e-03 2.461680e-01
193 7.476040e-01 5.332000e-03 2.470640e-01
194 7.467160e-01 5.328000e-03 2.479560e-01
195 7.458360e-01 5.220000e-03 2.489440e-01
196 7.448600e-01 5.284000e-03 2.498560e-01
197 7.440720e-01 5.088000e-03 2.508400e-01
198 7.431520e-01 5.112000e-03 2.517360e-01
199 7.423960e-01 4.956000e-03 2.526480e-01
200 7.416600e-01 4.776000e-03 2.535640e-01
201 7.408800e-01 4.760000e-03 2.543600e-01
202 7.400920e-01 4.708000e-03 2.552000e-01
203 7.393680e-01 4.472000e-03 2.561600e-01
204 7.386720e-01 4.376000e-03 2.569520e-01
205 7.380520e-01 4.204000e-03 2.577440e-01
206 7.373120e-01 4.116000e-03 2.585720e-01
207 7.365840e-01 4.184000e-03 2.592320e-01
208 7.360160e-01 4.040000e-03 2.599440e-01
209 7.352800e-01 4.036000e-03 2.606840e-01
210 7.345600e-01 4.008000e-03 2.614320e-01
211 7.339000e-01 4.036000e-03 2.620640e-01
212 7.332320e-01 4.028000e-03 2.627400e-01
213 7.325360e-01 4.056000e-03 2.634080e-01
214 7.318240e-01 4.060000e-03 2.641160e-01
215 7.311440e-01 4.056000e-03 2.648000e-01
216 7.304680e-01 4.028000e-03 2.655040e-01
217 7.296680e-01 4.148000e-03 2.661840e-01
218 7.290680e-01 4.044000e-03 2.668880e-01
219 7.283800e-01 3.996000e-03 2.676240e-01
220 7.276720e-01 4.004000e-03 2.683240e-01
221 7.268880e-01 4.112000e-03 2.690000e-01
222 7.260480e-01 4.104000e-03 2.698480e-01
223 7.254120e-01 4.036000e-03 2.705520e-01
224 7.247200e-01 4.060000e-03 2.712200e-01
225 7.240920e-01 3.980000e-03 2.719280e-01
226 7.235240e-01 3.884000e-03 2.725920e-01
227 7.229160e-01 3.836000e-03 2.732480e-01
228 7.222360e-01 3.776000e-03 2.739880e-01
229 7.216480e-01 3.740000e-03 2.746120e-01
230 7.209040e-01 3.884000e-03 2.752120e-01
231 7.203600e-01 3.756000e-03 2.758840e-01
232 7.197640e-01 3.672000e-03 2.765640e-01
233 7.192040e-01 3.588000e-03 2.772080e-01
234 7.186160e-01 3.536000e-03 2.778480e-01
235 7.180960e-01 3.440000e-03 2.784640e-01
236 7.174800e-01 3.420000e-03 2.791000e-01
237 7.168960e-01 3.432000e-03 2.796720e-01
238 7.163200e-01 3.424000e-03 2.802560e-01
239 7.157560e-01 3.392000e-03 2.808520e-01
240 7.151880e-01 3.280000e-03 2.815320e-01
241 7.146480e-01 3.236000e-03 2.821160e-01
242 7.140200e-01 3.204000e-03 2.827760e-01
243 7.134760e-01 3.132000e-03 2.833920e-01
244 7.129080e-01 3.168000e-03 2.839240e-01
245 7.124280e-01 3.096000e-03 2.844760e-01
246 7.118600e-01 3.128000e-03 2.850120e-01
247 7.113440e-01 3.184000e-03 2.854720e-01
248 7.108440e-01 3.172000e-03 2.859840e-01
249 7.104120e-01 2.988000e-03 2.866000e-01
250 7.099440e-01 3.016000e-03 2.870400e-01
251 7.095080e-01 2.824000e-03 2.876680e-01
252 7.091640e-01 2.692000e-03 2.881440e-01
253 7.087120e-01 2.680000e-03 2.886080e-01
254 7.083200e-01 2.656000e-03 2.890240e-01
255 7.079240e-01 2.632000e-03 2.894440e-01
256 7.075840e-01 2.524000e-03 2.898920e-01
257 7.071680e-01 2.452000e-03 2.903800e-01
258 7.067440e-01 2.464000e-03 2.907920e-01
259 7.062600e-01 2.496000e-03 2.912440e-01
260 7.059200e-01 2.432000e-03 2.916480e-01
261 7.054760e-01 2.464000e-03 2.920600e-01
262 7.050560e-01 2.468000e-03 2.924760e-01
263 7.047160e-01 2.420000e-03 2.928640e-01
264 7.043400e-01 2.328000e-03 2.933320e-01
265 7.039720e-01 2.292000e-03 2.937360e-01
266 7.036640e-01 2.208000e-03 2.941280e-01
267 7.033320e-01 2.180000e-03 2.944880e-01
268 7.030160e-01 2.180000e-03 2.948040e-01
269 7.026760e-01 2.204000e-03 2.951200e-01
270 7.022560e-01 2.232000e-03 2.955120e-01
271 7.018120e-01 2.312000e-03 2.958760e-01
272 7.013440e-01 2.384000e-03 2.962720e-01
273 7.009160e-01 2.432000e-03 2.966520e-01
274 7.004800e-01 2.456000e-03 2.970640e-01
275 7.001080e-01 2.384000e-03 2.975080e-01
276 6.996960e-01 2.384000e-03 2.979200e-01
277 6.993040e-01 2.360000e-03 2.983360e-01
278 6.988960e-01 2.308000e-03 2.987960e-01
279 6.985600e-01 2.240000e-03 2.992000e-01
280 6.982360e-01 2.120000e-03 2.996440e-01
281 6.979120e-01 2.124000e-03 2.999640e-01
282 6.976160e-01 2.036000e-03 3.003480e-01
283 6.972600e-01 2.116000e-03 3.006240e-01
284 6.969960e-01 2.016000e-03 3.009880e-01
285 6.967000e-01 1.952000e-03 3.013480e-01
286 6.963000e-01 2.036000e-03 3.016640e-01
287 6.959680e-01 2.044000e-03 3.019880e-01
288 6.956600e-01 2.016000e-03 3.023240e-01
289 6.953560e-01 1.936000e-03 3.027080e-01
290 6.950760e-01 1.856000e-03 3.030680e-01
291 6.947120e-01 1.872000e-03 3.034160e-01
292 6.943320e-01 1.864000e-03 3.038040e-01
293 6.939880e-01 1.848000e-03 3.041640e-01
294 6.937600e-01 1.760000e-03 3.044800e-01
295 6.934960e-01 1.736000e-03 3.047680e-01
296 6.932240e-01 1.768000e-03 3.050080e-01
297 6.928720e-01 1.816000e-03 3.053120e-01
298 6.925600e-01 1.804000e-03 3.056360e-01
299 6.923000e-01 1.796000e-03 3.059040e-01
300 6.919680e-01 1.816000e-03 3.062160e-01
301 6.916120e-01 1.832000e-03 3.065560e-01
302 6.912480e-01 1.860000e-03 3.068920e-01
303 6.909600e-01 1.820000e-03 3.072200e-01
304 6.906840e-01 1.792000e-03 3.075240e-01
305 6.903560e-01 1.820000e-03 3.078240e-01
306 6.900400e-01 1.780000e-03 3.081800e-01
307 6.897440e-01 1.776000e-03 3.084800e-01
308 6.894840e-01 1.780000e-03 3.087360e-01
309 6.892200e-01 1.776000e-03 3.090040e-01
310 6.889520e-01 1.716000e-03 3.093320e-01
311 6.886280e-01 1.792000e-03 3.095800e-01
312 6.883640e-01 1.744000e-03 3.098920e-01
313 6.881000e-01 1.716000e-03 3.101840e-01
314 6.878320e-01 1.680000e-03 3.104880e-01
315 6.875480e-01 1.672000e-03 3.107800e-01
316 6.872360e-01 1.668000e-03 3.110960e-01
317 6.869560e-01 1.652000e-03 3.113920e-01
318 6.866880e-01 1.644000e-03 3.116680e-01
319 6.863560e-01 1.716000e-03 3.119280e-01
320 6.860960e-01 1.664000e-03 3.122400e-01
321 6.858160e-01 1.648000e-03 3.125360e-01
322 6.855800e-01 1.592000e-03 3.128280e-01
323 6.853480e-01 1.580000e-03 3.130720e-01
324 6.850680e-01 1.628000e-03 3.133040e-01
325 6.847960e-01 1.624000e-03 3.135800e-01
326 6.845480e-01 1.600000e-03 3.138520e-01
327 6.842760e-01 1.644000e-03 3.140800e-01
328 6.840720e-01 1.620000e-03 3.143080e-01
329 6.838360e-01 1.592000e-03 3.145720e-01
330 6.836040e-01 1.536000e-03 3.148600e-01
331 6.833160e-01 1.528000e-03 3.151560e-01
332 6.830040e-01 1.608000e-03 3.153880e-01
333 6.826920e-01 1.656000e-03 3.156520e-01
334 6.823440e-01 1.704000e-03 3.159520e-01
335 6.820480e-01 1.704000e-03 3.162480e-01
336 6.817880e-01 1.680000e-03 3.165320e-01
337 6.814320e-01 1.812000e-03 3.167560e-01
338 6.811840e-01 1.748000e-03 3.170680e-01
339 6.808880e-01 1.756000e-03 3.173560e-01
340 6.806680e-01 1.644000e-03 3.176880e-01
341 6.803960e-01 1.612000e-03 3.179920e-01
342 6.801200e-01 1.620000e-03 3.182600e-01
343 6.798920e-01 1.628000e-03 3.184800e-01
344 6.796240e-01 1.600000e-03 3.187760e-01
345 6.793560e-01 1.552000e-03 3.190920e-01
346 6.791040e-01 1.480000e-03 3.194160e-01
347 6.788760e-01 1.476000e-03 3.196480e-01
348 6.786080e-01 1.496000e-03 3.198960e-01
349 6.783040e-01 1.544000e-03 3.201520e-01
350 6.780520e-01 1.468000e-03 3.204800e-01
351 6.778000e-01 1.440000e-03 3.207600e-01
352 6.775640e-01 1.440000e-03 3.209960e-01
353 6.772800e-01 1.468000e-03 3.212520e-01
354 6.770280e-01 1.464000e-03 3.215080e-01
355 6.767840e-01 1.492000e-03 3.217240e-01
356 6.765560e-01 1.460000e-03 3.219840e-01
357 6.763280e-01 1.456000e-03 3.222160e-01
358 6.760800e-01 1.472000e-03 3.224480e-01
359 6.758480e-01 1.436000e-03 3.227160e-01
360 6.756120e-01 1.440000e-03 3.229480e-01
361 6.752920e-01 1.488000e-03 3.232200e-01
362 6.750040e-01 1.532000e-03 3.234640e-01
363 6.746360e-01 1.564000e-03 3.238000e-01
364 6.743560e-01 1.584000e-03 3.240600e-01
365 6.740920e-01 1.548000e-03 3.243600e-01
366 6.737840e-01 1.552000e-03 3.246640e-01
367 6.734600e-01 1.548000e-03 3.249920e-01
368 6.732040e-01 1.460000e-03 3.253360e-01
369 6.730000e-01 1.444000e-03 3.255560e-01
370 6.727720e-01 1.400000e-03 3.258280e-01
371 6.725480e-01 1.356000e-03 3.260960e-01
372 6.723680e-01 1.340000e-03 3.262920e-01
373 6.721800e-01 1.316000e-03 3.265040e-01
374 6.720000e-01 1.268000e-03 3.267320e-01
375 6.718280e-01 1.212000e-03 3.269600e-01
376 6.716680e-01 1.168000e-03 3.271640e-01
377 6.714960e-01 1.176000e-03 3.273280e-01
378 6.712480e-01 1.164000e-03 3.275880e-01
379 6.710680e-01 1.160000e-03 3.277720e-01
380 6.709160e-01 1.124000e-03 3.279600e-01
381 6.707880e-01 1.060000e-03 3.281520e-01
382 6.706040e-01 1.080000e-03 3.283160e-01
383 6.704040e-01 1.092000e-03 3.285040e-01
384 6.702280e-01 1.104000e-03 3.286680e-01
385 6.700520e-01 1.112000e-03 3.288360e-01
386 6.698680e-01 1.116000e-03 3.290160e-01
387 6.697400e-01 1.068000e-03 3.291920e-01
388 6.695920e-01 1.028000e-03 3.293800e-01
389 6.693960e-01 1.016000e-03 3.295880e-01
390 6.691960e-01 1.072000e-03 3.297320e-01
391 6.689920e-01 1.112000e-03 3.298960e-01
392 6.687960e-01 1.136000e-03 3.300680e-01
393 6.686160e-01 1.140000e-03 3.302440e-01
394 6.684080e-01 1.200000e-03 3.303920e-01
395 6.682040e-01 1.192000e-03 3.306040e-01
396 6.679680e-01 1.208000e-03 3.308240e-01
397 6.677000e-01 1.256000e-03 3.310440e-01
398 6.674720e-01 1.244000e-03 3.312840e-01
399 6.672400e-01 1.296000e-03 3.314640e-01
400 6.670360e-01 1.340000e-03 3.316240e-01
401 6.667960e-01 1.380000e-03 3.318240e-01
402 6.665840e-01 1.412000e-03 3.320040e-01
403 6.662880e-01 1.396000e-03 3.323160e-01
404 6.660560e-01 1.388000e-03 3.325560e-01
405 6.658200e-01 1.360000e-03 3.328200e-01
406 6.656360e-01 1.304000e-03 3.330600e-01
407 6.654480e-01 1.272000e-03 3.332800e-01
408 6.651880e-01 1.292000e-03 3.335200e-01
409 6.649560e-01 1.264000e-03 3.337800e-01
410 6.647840e-01 1.256000e-03 3.339600e-01
411 6.646080e-01 1.240000e-03 3.341520e-01
412 6.644680e-01 1.160000e-03 3.343720e-01
413 6.643360e-01 1.104000e-03 3.345600e-01
414 6.641880e-01 1.072000e-03 3.347400e-01
415 6.640520e-01 1.036000e-03 3.349120e-01
416 6.638280e-01 1.092000e-03 3.350800e-01
417 6.636200e-01 1.088000e-03 3.352920e-01
418 6.634440e-01 1.052000e-03 3.355040e-01
419 6.632760e-01 1.016000e-03 3.357080e-01
420 6.631000e-01 1.032000e-03 3.358680e-01
421 6.629520e-01 1.032000e-03 3.360160e-01
422 6.628320e-01 1.000000e-03 3.361680e-01
423 6.626520e-01 1.024000e-03 3.363240e-01
424 6.625320e-01 9.800000e-04 3.364880e-01
425 6.624040e-01 9.200000e-04 3.366760e-01
426 6.622680e-01 9.000000e-04 3.368320e-01
427 6.621360e-01 8.680000e-04 3.369960e-01
428 6.619840e-01 8.960000e-04 3.371200e-01
429 6.618080e-01 9.120000e-04 3.372800e-01
430 6.616120e-01 9.560000e-04 3.374320e-01
431 6.614640e-01 9.360000e-04 3.376000e-01
432 6.612840e-01 9.760000e-04 3.377400e-01
433 6.611640e-01 9.080000e-04 3.379280e-01
434 6.610480e-01 8.560000e-04 3.380960e-01
435 6.609280e-01 8.440000e-04 3.382280e-01
436 6.607720e-01 8.520000e-04 3.383760e-01
437 6.606720e-01 8.000000e-04 3.385280e-01
438 6.605640e-01 7.520000e-04 3.386840e-01
439 6.604320e-01 7.640000e-04 3.388040e-01
440 6.603080e-01 7.560000e-04 3.389360e-01
441 6.601720e-01 7.520000e-04 3.390760e-01
442 6.599840e-01 7.920000e-04 3.392240e-01
443 6.598280e-01 8.240000e-04 3.393480e-01
444 6.597120e-01 7.600000e-04 3.395280e-01
445 6.595720e-01 7.680000e-04 3.396600e-01
446 6.594120e-01 8.080000e-04 3.397800e-01
447 6.593000e-01 7.800000e-04 3.399200e-01
448 6.591320e-01 8.000000e-04 3.400680e-01
449 6.589720e-01 8.040000e-04 3.402240e-01
450 6.588560e-01 7.640000e-04 3.403800e-01
451 6.587520e-01 6.920000e-04 3.405560e-01
452 6.586760e-01 6.440000e-04 3.406800e-01
453 6.585680e-01 6.360000e-04 3.407960e-01
454 6.584400e-01 6.880000e-04 3.408720e-01
455 6.583280e-01 6.920000e-04 3.409800e-01
456 6.582040e-01 6.920000e-04 3.411040e-01
457 6.580800e-01 6.760000e-04 3.412440e-01
458 6.579640e-01 6.920000e-04 3.413440e-01
459 6.578520e-01 7.080000e-04 3.414400e-01
460 6.577360e-01 7.040000e-04 3.415600e-01
461 6.576240e-01 7.000000e-04 3.416760e-01
462 6.575240e-01 7.160000e-04 3.417600e-01
463 6.574280e-01 7.000000e-04 3.418720e-01
464 6.573120e-01 7.000000e-04 3.419880e-01
465 6.572400e-01 6.320000e-04 3.421280e-01
466 6.571160e-01 6.320000e-04 3.422520e-01
467 6.570040e-01 6.280000e-04 3.423680e-01
468 6.569000e-01 6.440000e-04 3.424560e-01
469 6.567760e-01 6.320000e-04 3.425920e-01
470 6.566640e-01 6.160000e-04 3.427200e-01
471 6.565800e-01 5.840000e-04 3.428360e-01
472 6.564920e-01 5.680000e-04 3.429400e-01
473 6.563680e-01 5.920000e-04 3.430400e-01
474 6.562640e-01 5.600000e-04 3.431760e-01
475 6.561720e-01 5.080000e-04 3.433200e-01
476 6.560840e-01 5.280000e-04 3.433880e-01
477 6.560040e-01 5.240000e-04 3.434720e-01
478 6.559240e-01 5.320000e-04 3.435440e-01
479 6.558520e-01 5.000000e-04 3.436480e-01
480 6.557960e-01 4.880000e-04 3.437160e-01
481 6.557320e-01 4.560000e-04 3.438120e-01
482 6.556560e-01 4.640000e-04 3.438800e-01
483 6.555960e-01 4.400000e-04 3.439640e-01
484 6.555360e-01 4.200000e-04 3.440440e-01
485 6.555000e-01 3.680000e-04 3.441320e-01
486 6.554200e-01 3.560000e-04 3.442240e-01
487 6.553640e-01 3.400000e-04 3.442960e-01
488 6.553240e-01 3.240000e-04 3.443520e-01
489 6.552680e-01 3.080000e-04 3.444240e-01
490 6.552360e-01 3.000000e-04 3.444640e-01
491 6.551840e-01 3.200000e-04 3.444960e-01
492 6.551600e-01 2.800000e-04 3.445600e-01
493 6.551280e-01 2.760000e-04 3.445960e-01
494 6.551080e-01 2.600000e-04 3.446320e-01
495 6.550840e-01 2.480000e-04 3.446680e-01
496 6.550480e-01 2.240000e-04 3.447280e-01
497 6.550360e-01 2.200000e-04 3.447440e-01
498 6.550320e-01 1.960000e-04 3.447720e-01
499 6.550160e-01 1.840000e-04 3.448000e-01
500 6.549960e-01 1.800000e-04 3.448240e-01
