1 9.992440e-01 6.600000e-04 9.600000e-05
2 9.987440e-01 1.020000e-03 2.360000e-04
3 9.981480e-01 1.404000e-03 4.480000e-04
4 9.974560e-01 1.812000e-03 7.320000e-04
5 9.966240e-01 2.252000e-03 1.124000e-03
6 9.958240e-01 2.620000e-03 1.556000e-03
7 9.951800e-01 2.728000e-03 2.092000e-03
8 9.944640e-01 2.908000e-03 2.628000e-03
9 9.936280e-01 3.248000e-03 3.124000e-03
10 9.927960e-01 3.496000e-03 3.708000e-03
11 9.918360e-01 3.888000e-03 4.276000e-03
12 9.909000e-01 4.172000e-03 4.928000e-03
13 9.900120e-01 4.304000e-03 5.684000e-03
14 9.889640e-01 4.644000e-03 6.392000e-03
15 9.879440e-01 4.940000e-03 7.116000e-03
16 9.867920e-01 5.240000e-03 7.968000e-03
17 9.857360e-01 5.300000e-03 8.964000e-03
18 9.846560e-01 5.456000e-03 9.888000e-03
19 9.835320e-01 5.632000e-03 1.083600e-02
20 9.823920e-01 5.796000e-03 1.181200e-02
21 9.812360e-01 5.972000e-03 1.279200e-02
22 9.798480e-01 6.316000e-03 1.383600e-02
23 9.786840e-01 6.348000e-03 1.496800e-02
24 9.774360e-01 6.500000e-03 1.606400e-02
25 9.761320e-01 6.688000e-03 1.718000e-02
26 9.747840e-01 6.760000e-03 1.845600e-02
27 9.735840e-01 6.776000e-03 1.964000e-02
28 9.722320e-01 6.896000e-03 2.087200e-02
29 9.709720e-01 6.908000e-03 2.212000e-02
30 9.696120e-01 7.044000e-03 2.334400e-02
31 9.682200e-01 7.160000e-03 2.462000e-02
32 9.667960e-01 7.364000e-03 2.584000e-02
33 9.654120e-01 7.440000e-03 2.714800e-02
34 9.640520e-01 7.484000e-03 2.846400e-02
35 9.627840e-01 7.476000e-03 2.974000e-02
36 9.614280e-01 7.512000e-03 3.106000e-02
37 9.599560e-01 7.528000e-03 3.251600e-02
38 9.585520e-01 7.564000e-03 3.388400e-02
39 9.569960e-01 7.908000e-03 3.509600e-02
40 9.553960e-01 8.096000e-03 3.650800e-02
41 9.536840e-01 8.428000e-03 3.788800e-02
42 9.520000e-01 8.688000e-03 3.931200e-02
43 9.504680e-01 8.644000e-03 4.088800e-02
44 9.489520e-01 8.676000e-03 4.237200e-02
45 9.472000e-01 8.848000e-03 4.395200e-02
46 9.453880e-01 9.084000e-03 4.552800e-02
47 9.437600e-01 9.092000e-03 4.714800e-02
48 9.420480e-01 9.088000e-03 4.886400e-02
49 9.404240e-01 9.128000e-03 5.044800e-02
50 9.389680e-01 8.864000e-03 5.216800e-02
51 9.372720e-01 9.072000e-03 5.365600e-02
52 9.358440e-01 8.844000e-03 5.531200e-02
53 9.343360e-01 8.776000e-03 5.688800e-02
54 9.328320e-01 8.736000e-03 5.843200e-02
55 9.311520e-01 9.020000e-03 5.982800e-02
56 9.295120e-01 9.076000e-03 6.141200e-02
57 9.280440e-01 8.984000e-03 6.297200e-02
58 9.265080e-01 8.960000e-03 6.453200e-02
59 9.250680e-01 8.924000e-03 6.600800e-02
60 9.233480e-01 9.064000e-03 6.758800e-02
61 9.217560e-01 9.080000e-03 6.916400e-02
62 9.201080e-01 9.112000e-03 7.078000e-02
63 9.186040e-01 9.064000e-03 7.233200e-02
64 9.169840e-01 9.232000e-03 7.378400e-02
65 9.152240e-01 9.308000e-03 7.546800e-02
66 9.135400e-01 9.352000e-03 7.710800e-02
67 9.118280e-01 9.428000e-03 7.874400e-02
68 9.100720e-01 9.472000e-03 8.045600e-02
69 9.082400e-01 9.672000e-03 8.208800e-02
70 9.065120e-01 9.732000e-03 8.375600e-02
71 9.046600e-01 9.948000e-03 8.539200e-02
72 9.029280e-01 9.940000e-03 8.713200e-02
73 9.012720e-01 9.908000e-03 8.882000e-02
74 8.996280e-01 9.924000e-03 9.044800e-02
75 8.978800e-01 1.007200e-02 9.204800e-02
76 8.963400e-01 9.896000e-03 9.376400e-02
77 8.946040e-01 9.904000e-03 9.549200e-02
78 8.928680e-01 9.896000e-03 9.723600e-02
79 8.911760e-01 9.960000e-03 9.886400e-02
80 8.895600e-01 9.880000e-03 1.005600e-01
81 8.877960e-01 1.006400e-02 1.021400e-01
82 8.859720e-01 1.033200e-02 1.036960e-01
83 8.841240e-01 1.044400e-02 1.054320e-01
84 8.823240e-01 1.052400e-02 1.071520e-01
85 8.805920e-01 1.044800e-02 1.089600e-01
86 8.788000e-01 1.052800e-02 1.106720e-01
87 8.769880e-01 1.044000e-02 1.125720e-01
88 8.751920e-01 1.040400e-02 1.144040e-01
89 8.734680e-01 1.026800e-02 1.162640e-01
90 8.716600e-01 1.022800e-02 1.181120e-01
91 8.698440e-01 1.034000e-02 1.198160e-01
92 8.679920e-01 1.030000e-02 1.217080e-01
93 8.661240e-01 1.053200e-02 1.233440e-01
94 8.642240e-01 1.044800e-02 1.253280e-01
95 8.623800e-01 1.045600e-02 1.271640e-01
96 8.606000e-01 1.054000e-02 1.288600e-01
97 8.587120e-01 1.061200e-02 1.306760e-01
98 8.570840e-01 1.042400e-02 1.324920e-01
99 8.553520e-01 1.042400e-02 1.342240e-01
100 8.535920e-01 1.028000e-02 1.361280e-01
101 8.517440e-01 1.032400e-02 1.379320e-01
102 8.498880e-01 1.042000e-02 1.396920e-01
103 8.480760e-01 1.049600e-02 1.414280e-01
104 8.462360e-01 1.041600e-02 1.433480e-01
105 8.444960e-01 1.019200e-02 1.453120e-01
106 8.425680e-01 1.035600e-02 1.470760e-01
107 8.406160e-01 1.048000e-02 1.489040e-01
108 8.388560e-01 1.037600e-02 1.507680e-01
109 8.371920e-01 1.027600e-02 1.525320e-01
110 8.353240e-01 1.029600e-02 1.543800e-01
111 8.336160e-01 1.026800e-02 1.561160e-01
112 8.319560e-01 1.018400e-02 1.578600e-01
113 8.301640e-01 1.013200e-02 1.597040e-01
114 8.284320e-01 1.000800e-02 1.615600e-01
115 8.266120e-01 9.964000e-03 1.634240e-01
116 8.248720e-01 9.928000e-03 1.652000e-01
117 8.230320e-01 1.010000e-02 1.668680e-01
118 8.213720e-01 9.940000e-03 1.686880e-01
119 8.196640e-01 9.988000e-03 1.703480e-01
120 8.176920e-01 1.022800e-02 1.720800e-01
121 8.158520e-01 1.012000e-02 1.740280e-01
122 8.141640e-01 1.014000e-02 1.756960e-01
123 8.123840e-01 1.024400e-02 1.773720e-01
124 8.107120e-01 1.025600e-02 1.790320e-01
125 8.090840e-01 9.980000e-03 1.809360e-01
126 8.074640e-01 9.800000e-03 1.827360e-01
127 8.058000e-01 9.764000e-03 1.844360e-01
128 8.043320e-01 9.628000e-03 1.860400e-01
129 8.027680e-01 9.524000e-03 1.877080e-01
130 8.012160e-01 9.380000e-03 1.894040e-01
131 7.996520e-01 9.360000e-03 1.909880e-01
132 7.979680e-01 9.312000e-03 1.927200e-01
133 7.963720e-01 9.224000e-03 1.944040e-01
134 7.949280e-01 9.120000e-03 1.959520e-01
135 7.934480e-01 8.984000e-03 1.975680e-01
136 7.920720e-01 8.716000e-03 1.992120e-01
137 7.906960e-01 8.644000e-03 2.006600e-01
138 7.893000e-01 8.428000e-03 2.022720e-01
139 7.879800e-01 8.304000e-03 2.037160e-01
140 7.865280e-01 8.172000e-03 2.053000e-01
141 7.851760e-01 8.040000e-03 2.067840e-01
142 7.839480e-01 7.740000e-03 2.083120e-01
143 7.826560e-01 7.796000e-03 2.095480e-01
144 7.812000e-01 7.872000e-03 2.109280e-01
145 7.798080e-01 7.836000e-03 2.123560e-01
146 7.784360e-01 7.840000e-03 2.137240e-01
147 7.769160e-01 8.120000e-03 2.149640e-01
148 7.754560e-01 8.152000e-03 2.163920e-01
149 7.740560e-01 8.120000e-03 2.178240e-01
150 7.726520e-01 8.024000e-03 2.193240e-01
151 7.712320e-01 8.084000e-03 2.206840e-01
152 7.698600e-01 8.040000e-03 2.221000e-01
153 7.686320e-01 7.988000e-03 2.233800e-01
154 7.672240e-01 8.128000e-03 2.246480e-01
155 7.659000e-01 7.852000e-03 2.262480e-01
156 7.645560e-01 7.856000e-03 2.275880e-01
157 7.632560e-01 7.900000e-03 2.288440e-01
158 7.619320e-01 7.924000e-03 2.301440e-01
159 7.606000e-01 7.836000e-03 2.315640e-01
160 7.592080e-01 7.928000e-03 2.328640e-01
161 7.576960e-01 8.132000e-03 2.341720e-01
162 7.561840e-01 8.144000e-03 2.356720e-01
163 7.547400e-01 8.172000e-03 2.370880e-01
164 7.532000e-01 8.260000e-03 2.385400e-01
165 7.516960e-01 8.400000e-03 2.399040e-01
166 7.502520e-01 8.444000e-03 2.413040e-01
167 7.486880e-01 8.488000e-03 2.428240e-01
168 7.471600e-01 8.524000e-03 2.443160e-01
169 7.455760e-01 8.592000e-03 2.458320e-01
170 7.441440e-01 8.440000e-03 2.474160e-01
171 7.428360e-01 8.264000e-03 2.489000e-01
172 7.414200e-01 8.248000e-03 2.503320e-01
173 7.400680e-01 8.104000e-03 2.518280e-01
174 7.386520e-01 7.920000e-03 2.534280e-01
175 7.374000e-01 7.836000e-03 2.547640e-01
176 7.360600e-01 7.720000e-03 2.562200e-01
177 7.346880e-01 7.856000e-03 2.574560e-01
178 7.334920e-01 7.804000e-03 2.587040e-01
179 7.322400e-01 7.772000e-03 2.599880e-01
180 7.309880e-01 7.720000e-03 2.612920e-01
181 7.296560e-01 7.696000e-03 2.626480e-01
182 7.284440e-01 7.628000e-03 2.639280e-01
183 7.272840e-01 7.508000e-03 2.652080e-01
184 7.260520e-01 7.444000e-03 2.665040e-01
185 7.248480e-01 7.340000e-03 2.678120e-01
186 7.236240e-01 7.436000e-03 2.689400e-01
187 7.222920e-01 7.460000e-03 2.702480e-01
188 7.210840e-01 7.292000e-03 2.716240e-01
189 7.199080e-01 7.088000e-03 2.730040e-01
190 7.186280e-01 7.132000e-03 2.742400e-01
191 7.174400e-01 7.108000e-03 2.754520e-01
192 7.162240e-01 7.124000e-03 2.766520e-01
193 7.150320e-01 7.056000e-03 2.779120e-01
194 7.138080e-01 6.992000e-03 2.792000e-01
195 7.127320e-01 6.832000e-03 2.804360e-01
196 7.115200e-01 6.776000e-03 2.817040e-01
197 7.104480e-01 6.572000e-03 2.829800e-01
198 7.093480e-01 6.516000e-03 2.841360e-01
199 7.082960e-01 6.400000e-03 2.853040e-01
200 7.071800e-01 6.356000e-03 2.864640e-01
201 7.060600e-01 6.312000e-03 2.876280e-01
202 7.050440e-01 6.148000e-03 2.888080e-01
203 7.040360e-01 6.044000e-03 2.899200e-01
204 7.030680e-01 6.008000e-03 2.909240e-01
205 7.020920e-01 5.956000e-03 2.919520e-01
206 7.012200e-01 5.784000e-03 2.929960e-01
207 7.003960e-01 5.612000e-03 2.939920e-01
208 6.993520e-01 5.544000e-03 2.951040e-01
209 6.984480e-01 5.468000e-03 2.960840e-01
210 6.975880e-01 5.492000e-03 2.969200e-01
211 6.966960e-01 5.464000e-03 2.978400e-01
212 6.956920e-01 5.464000e-03 2.988440e-01
213 6.945880e-01 5.612000e-03 2.998000e-01
214 6.937360e-01 5.364000e-03 3.009000e-01
215 6.928000e-01 5.268000e-03 3.019320e-01
216 6.919880e-01 5.192000e-03 3.028200e-01
217 6.911040e-01 5.200000e-03 3.036960e-01
218 6.902440e-01 5.120000e-03 3.046360e-01
219 6.893480e-01 5.044000e-03 3.056080e-01
220 6.884160e-01 5.080000e-03 3.065040e-01
221 6.876160e-01 4.980000e-03 3.074040e-01
222 6.866800e-01 4.984000e-03 3.083360e-01
223 6.857000e-01 5.056000e-03 3.092440e-01
224 6.846120e-01 5.376000e-03 3.100120e-01
225 6.836360e-01 5.380000e-03 3.109840e-01
226 6.827280e-01 5.360000e-03 3.119120e-01
227 6.818080e-01 5.432000e-03 3.127600e-01
228 6.809880e-01 5.264000e-03 3.137480e-01
229 6.801600e-01 5.196000e-03 3.146440e-01
230 6.792560e-01 5.188000e-03 3.155560e-01
231 6.783440e-01 5.180000e-03 3.164760e-01
232 6.773280e-01 5.384000e-03 3.172880e-01
233 6.762120e-01 5.448000e-03 3.183400e-01
234 6.751080e-01 5.692000e-03 3.192000e-01
235 6.741160e-01 5.684000e-03 3.202000e-01
236 6.730920e-01 5.720000e-03 3.211880e-01
237 6.721440e-01 5.640000e-03 3.222160e-01
238 6.712520e-01 5.644000e-03 3.231040e-01
239 6.704000e-01 5.492000e-03 3.241080e-01
240 6.693520e-01 5.568000e-03 3.250800e-01
241 6.684560e-01 5.484000e-03 3.260600e-01
242 6.675920e-01 5.464000e-03 3.269440e-01
243 6.667560e-01 5.520000e-03 3.277240e-01
244 6.659120e-01 5.320000e-03 3.287680e-01
245 6.649600e-01 5.420000e-03 3.296200e-01
246 6.640080e-01 5.468000e-03 3.305240e-01
247 6.631000e-01 5.396000e-03 3.315040e-01
248 6.621920e-01 5.336000e-03 3.324720e-01
249 6.612520e-01 5.320000e-03 3.334280e-01
250 6.604280e-01 5.180000e-03 3.343920e-01
251 6.595640e-01 5.172000e-03 3.352640e-01
252 6.586480e-01 5.220000e-03 3.361320e-01
253 6.578040e-01 5.168000e-03 3.370280e-01
254 6.570600e-01 4.980000e-03 3.379600e-01
255 6.562800e-01 4.832000e-03 3.388880e-01
256 6.555320e-01 4.784000e-03 3.396840e-01
257 6.548560e-01 4.632000e-03 3.405120e-01
258 6.541480e-01 4.488000e-03 3.413640e-01
259 6.534800e-01 4.288000e-03 3.422320e-01
260 6.528240e-01 4.172000e-03 3.430040e-01
261 6.521120e-01 4.200000e-03 3.436880e-01
262 6.513000e-01 4.256000e-03 3.444440e-01
263 6.505400e-01 4.308000e-03 3.451520e-01
264 6.497520e-01 4.348000e-03 3.459000e-01
265 6.490560e-01 4.368000e-03 3.465760e-01
266 6.483720e-01 4.280000e-03 3.473480e-01
267 6.477040e-01 4.220000e-03 3.480760e-01
268 6.469880e-01 4.208000e-03 3.488040e-01
269 6.463400e-01 4.188000e-03 3.494720e-01
270 6.457640e-01 4.100000e-03 3.501360e-01
271 6.450280e-01 4.148000e-03 3.508240e-01
272 6.444000e-01 4.072000e-03 3.515280e-01
273 6.437280e-01 4.092000e-03 3.521800e-01
274 6.431080e-01 4.032000e-03 3.528600e-01
275 6.424480e-01 4.064000e-03 3.534880e-01
276 6.418440e-01 3.928000e-03 3.542280e-01
277 6.411800e-01 4.000000e-03 3.548200e-01
278 6.405720e-01 3.804000e-03 3.556240e-01
279 6.399160e-01 3.840000e-03 3.562440e-01
280 6.392760e-01 3.788000e-03 3.569360e-01
281 6.386880e-01 3.720000e-03 3.575920e-01
282 6.380840e-01 3.672000e-03 3.582440e-01
283 6.375400e-01 3.560000e-03 3.589000e-01
284 6.369960e-01 3.456000e-03 3.595480e-01
285 6.364040e-01 3.448000e-03 3.601480e-01
286 6.359240e-01 3.296000e-03 3.607800e-01
287 6.354840e-01 3.172000e-03 3.613440e-01
288 6.350600e-01 3.032000e-03 3.619080e-01
289 6.345560e-01 3.032000e-03 3.624120e-01
290 6.340800e-01 3.064000e-03 3.628560e-01
291 6.336040e-01 3.020000e-03 3.633760e-01
292 6.330520e-01 3.088000e-03 3.638600e-01
293 6.325760e-01 3.024000e-03 3.644000e-01
294 6.320480e-01 3.032000e-03 3.649200e-01
295 6.316320e-01 2.988000e-03 3.653800e-01
296 6.310400e-01 3.048000e-03 3.659120e-01
297 6.305200e-01 3.048000e-03 3.664320e-01
298 6.299760e-01 3.036000e-03 3.669880e-01
299 6.295360e-01 2.920000e-03 3.675440e-01
300 6.290880e-01 2.912000e-03 3.680000e-01
301 6.286080e-01 2.928000e-03 3.684640e-01
302 6.281560e-01 2.852000e-03 3.689920e-01
303 6.275800e-01 2.924000e-03 3.694960e-01
304 6.271440e-01 2.860000e-03 3.699960e-01
305 6.266880e-01 2.784000e-03 3.705280e-01
306 6.262160e-01 2.812000e-03 3.709720e-01
307 6.257480e-01 2.864000e-03 3.713880e-01
308 6.252320e-01 2.844000e-03 3.719240e-01
309 6.247560e-01 2.800000e-03 3.724440e-01
310 6.243360e-01 2.652000e-03 3.730120e-01
311 6.238960e-01 2.676000e-03 3.734280e-01
312 6.234480e-01 2.680000e-03 3.738720e-01
313 6.229080e-01 2.704000e-03 3.743880e-01
314 6.223880e-01 2.700000e-03 3.749120e-01
315 6.218440e-01 2.808000e-03 3.753480e-01
316 6.212680e-01 2.904000e-03 3.758280e-01
317 6.208200e-01 2.840000e-03 3.763400e-01
318 6.203280e-01 2.872000e-03 3.768000e-01
319 6.198520e-01 2.908000e-03 3.772400e-01
320 6.194000e-01 2.800000e-03 3.778000e-01
321 6.189880e-01 2.780000e-03 3.782320e-01
322 6.185800e-01 2.700000e-03 3.787200e-01
323 6.181720e-01 2.668000e-03 3.791600e-01
324 6.176360e-01 2.756000e-03 3.796080e-01
325 6.171120e-01 2.784000e-03 3.801040e-01
326 6.165440e-01 2.852000e-03 3.806040e-01
327 6.161280e-01 2.808000e-03 3.810640e-01
328 6.155960e-01 2.796000e-03 3.816080e-01
329 6.151320e-01 2.740000e-03 3.821280e-01
330 6.146960e-01 2.696000e-03 3.826080e-01
331 6.142040e-01 2.776000e-03 3.830200e-01
332 6.137160e-01 2.824000e-03 3.834600e-01
333 6.132960e-01 2.756000e-03 3.839480e-01
334 6.129760e-01 2.560000e-03 3.844640e-01
335 6.126320e-01 2.496000e-03 3.848720e-01
336 6.122840e-01 2.472000e-03 3.852440e-01
337 6.119080e-01 2.424000e-03 3.856680e-01
338 6.115480e-01 2.320000e-03 3.861320e-01
339 6.112160e-01 2.268000e-03 3.865160e-01
340 6.108440e-01 2.188000e-03 3.869680e-01
341 6.104440e-01 2.200000e-03 3.873560e-01
342 6.101120e-01 2.212000e-03 3.876760e-01
343 6.098280e-01 2.116000e-03 3.880560e-01
344 6.094200e-01 2.200000e-03 3.883800e-01
345 6.090600e-01 2.228000e-03 3.887120e-01
346 6.086920e-01 2.272000e-03 3.890360e-01
347 6.084320e-01 2.196000e-03 3.893720e-01
348 6.081160e-01 2.072000e-03 3.898120e-01
349 6.078600e-01 1.972000e-03 3.901680e-01
350 6.075080e-01 1.988000e-03 3.905040e-01
351 6.071240e-01 2.052000e-03 3.908240e-01
352 6.067000e-01 2.024000e-03 3.912760e-01
353 6.062840e-01 2.072000e-03 3.916440e-01
354 6.058360e-01 2.172000e-03 3.919920e-01
355 6.053680e-01 2.268000e-03 3.923640e-01
356 6.050160e-01 2.220000e-03 3.927640e-01
357 6.047520e-01 2.112000e-03 3.931360e-01
358 6.045040e-01 1.980000e-03 3.935160e-01
359 6.041960e-01 1.908000e-03 3.938960e-01
360 6.039120e-01 1.924000e-03 3.941640e-01
361 6.035520e-01 1.976000e-03 3.944720e-01
362 6.032160e-01 1.928000e-03 3.948560e-01
363 6.028760e-01 1.852000e-03 3.952720e-01
364 6.026360e-01 1.752000e-03 3.956120e-01
365 6.023600e-01 1.740000e-03 3.959000e-01
366 6.019880e-01 1.880000e-03 3.961320e-01
367 6.016400e-01 1.956000e-03 3.964040e-01
368 6.012000e-01 1.980000e-03 3.968200e-01
369 6.008600e-01 1.976000e-03 3.971640e-01
370 6.004440e-01 1.992000e-03 3.975640e-01
371 6.001760e-01 1.916000e-03 3.979080e-01
372 5.998080e-01 1.952000e-03 3.982400e-01
373 5.994840e-01 1.920000e-03 3.985960e-01
374 5.990200e-01 2.036000e-03 3.989440e-01
375 5.986640e-01 1.992000e-03 3.993440e-01
376 5.982840e-01 2.000000e-03 3.997160e-01
377 5.978680e-01 2.016000e-03 4.001160e-01
378 5.974360e-01 2.108000e-03 4.004560e-01
379 5.971040e-01 2.040000e-03 4.008560e-01
380 5.967200e-01 2.004000e-03 4.012760e-01
381 5.963800e-01 1.984000e-03 4.016360e-01
382 5.960640e-01 1.936000e-03 4.020000e-01
383 5.957480e-01 1.952000e-03 4.023000e-01
384 5.954080e-01 1.944000e-03 4.026480e-01
385 5.951240e-01 1.868000e-03 4.030080e-01
386 5.948120e-01 1.848000e-03 4.033400e-01
387 5.944960e-01 1.848000e-03 4.036560e-01
388 5.941720e-01 1.900000e-03 4.039280e-01
389 5.938720e-01 1.868000e-03 4.042600e-01
390 5.935120e-01 1.908000e-03 4.045800e-01
391 5.931280e-01 1.960000e-03 4.049120e-01
392 5.927720e-01 1.960000e-03 4.052680e-01
393 5.924520e-01 1.928000e-03 4.056200e-01
394 5.920440e-01 2.012000e-03 4.059440e-01
395 5.917200e-01 2.004000e-03 4.062760e-01
396 5.914280e-01 1.992000e-03 4.065800e-01
397 5.911080e-01 1.976000e-03 4.069160e-01
398 5.908400e-01 1.860000e-03 4.073000e-01
399 5.904600e-01 1.892000e-03 4.076480e-01
400 5.900600e-01 2.000000e-03 4.079400e-01
401 5.896720e-01 2.036000e-03 4.082920e-01
402 5.892960e-01 2.084000e-03 4.086200e-01
403 5.889920e-01 2.052000e-03 4.089560e-01
404 5.886560e-01 2.032000e-03 4.093120e-01
405 5.883200e-01 2.004000e-03 4.096760e-01
406 5.880040e-01 2.008000e-03 4.099880e-01
407 5.877440e-01 1.964000e-03 4.102920e-01
408 5.874120e-01 1.964000e-03 4.106240e-01
409 5.871120e-01 1.912000e-03 4.109760e-01
410 5.868320e-01 1.896000e-03 4.112720e-01
411 5.865600e-01 1.800000e-03 4.116400e-01
412 5.862600e-01 1.736000e-03 4.120040e-01
413 5.860280e-01 1.672000e-03 4.123000e-01
414 5.857720e-01 1.584000e-03 4.126440e-01
415 5.855640e-01 1.536000e-03 4.129000e-01
416 5.853400e-01 1.520000e-03 4.131400e-01
417 5.851160e-01 1.468000e-03 4.134160e-01
418 5.848360e-01 1.472000e-03 4.136920e-01
419 5.845960e-01 1.440000e-03 4.139640e-01
420 5.843200e-01 1.444000e-03 4.142360e-01
421 5.841400e-01 1.360000e-03 4.145000e-01
422 5.838680e-01 1.376000e-03 4.147560e-01
423 5.836080e-01 1.424000e-03 4.149680e-01
424 5.833880e-01 1.364000e-03 4.152480e-01
425 5.831720e-01 1.364000e-03 4.154640e-01
426 5.829680e-01 1.332000e-03 4.157000e-01
427 5.827200e-01 1.336000e-03 4.159440e-01
428 5.824680e-01 1.376000e-03 4.161560e-01
429 5.822160e-01 1.400000e-03 4.163840e-01
430 5.819400e-01 1.416000e-03 4.166440e-01
431 5.816680e-01 1.456000e-03 4.168760e-01
432 5.814000e-01 1.432000e-03 4.171680e-01
433 5.810480e-01 1.536000e-03 4.174160e-01
434 5.808200e-01 1.496000e-03 4.176840e-01
435 5.805360e-01 1.456000e-03 4.180080e-01
436 5.802840e-01 1.428000e-03 4.182880e-01
437 5.800880e-01 1.352000e-03 4.185600e-01
438 5.798800e-01 1.340000e-03 4.187800e-01
439 5.796760e-01 1.228000e-03 4.190960e-01
440 5.794680e-01 1.204000e-03 4.193280e-01
441 5.792880e-01 1.164000e-03 4.195480e-01
442 5.790880e-01 1.160000e-03 4.197520e-01
443 5.789120e-01 1.132000e-03 4.199560e-01
444 5.787360e-01 1.136000e-03 4.201280e-01
445 5.785880e-01 1.108000e-03 4.203040e-01
446 5.784000e-01 1.124000e-03 4.204760e-01
447 5.782080e-01 1.120000e-03 4.206720e-01
448 5.779960e-01 1.136000e-03 4.208680e-01
449 5.778720e-01 1.056000e-03 4.210720e-01
450 5.777280e-01 1.012000e-03 4.212600e-01
451 5.776000e-01 1.000000e-03 4.214000e-01
452 5.774880e-01 8.880000e-04 4.216240e-01
453 5.773600e-01 8.480000e-04 4.217920e-01
454 5.772360e-01 8.240000e-04 4.219400e-01
455 5.771120e-01 7.920000e-04 4.220960e-01
456 5.769480e-01 8.200000e-04 4.222320e-01
457 5.767720e-01 8.680000e-04 4.223600e-01
458 5.766520e-01 8.320000e-04 4.225160e-01
459 5.765320e-01 8.160000e-04 4.226520e-01
460 5.764160e-01 8.000000e-04 4.227840e-01
461 5.762560e-01 8.200000e-04 4.229240e-01
462 5.760760e-01 8.640000e-04 4.230600e-01
463 5.759520e-01 8.480000e-04 4.232000e-01
464 5.758200e-01 8.200000e-04 4.233600e-01
465 5.757080e-01 8.320000e-04 4.234600e-01
466 5.756080e-01 7.760000e-04 4.236160e-01
467 5.754880e-01 7.520000e-04 4.237600e-01
468 5.753720e-01 7.320000e-04 4.238960e-01
469 5.752720e-01 6.880000e-04 4.240400e-01
470 5.751760e-01 6.560000e-04 4.241680e-01
471 5.750880e-01 6.320000e-04 4.242800e-01
472 5.749840e-01 6.160000e-04 4.244000e-01
473 5.748840e-01 5.920000e-04 4.245240e-01
474 5.747520e-01 6.320000e-04 4.246160e-01
475 5.746680e-01 5.800000e-04 4.247520e-01
476 5.746120e-01 5.480000e-04 4.248400e-01
477 5.745360e-01 5.200000e-04 4.249440e-01
478 5.744800e-01 4.720000e-04 4.250480e-01
479 5.744200e-01 4.800000e-04 4.251000e-01
480 5.743440e-01 4.760000e-04 4.251800e-01
481 5.742920e-01 4.160000e-04 4.252920e-01
482 5.742400e-01 4.120000e-04 4.253480e-01
483 5.741840e-01 4.120000e-04 4.254040e-01
484 5.741320e-01 3.840000e-04 4.254840e-01
485 5.740680e-01 3.600000e-04 4.255720e-01
486 5.740080e-01 3.680000e-04 4.256240e-01
487 5.739640e-01 3.560000e-04 4.256800e-01
488 5.739120e-01 3.280000e-04 4.257600e-01
489 5.738640e-01 3.200000e-04 4.258160e-01
490 5.738200e-01 3.280000e-04 4.258520e-01
491 5.737800e-01 3.200000e-04 4.259000e-01
492 5.737280e-01 3.280000e-04 4.259440e-01
493 5.736920e-01 3.040000e-04 4.260040e-01
494 5.736240e-01 3.280000e-04 4.260480e-01
495 5.736000e-01 2.920000e-04 4.261080e-01
496 5.735560e-01 2.960000e-04 4.261480e-01
497 5.734800e-01 3.120000e-04 4.262080e-01
498 5.733960e-01 3.760000e-04 4.262280e-01
499 5.733040e-01 4.200000e-04 4.262760e-01
500 5.732400e-01 3.800000e-04 4.263800e-01
