1 9.992360e-01 6.720000e-04 9.200000e-05
2 9.987680e-01 9.760000e-04 2.560000e-04
3 9.981280e-01 1.412000e-03 4.600000e-04
4 9.973960e-01 1.836000e-03 7.680000e-04
5 9.965880e-01 2.220000e-03 1.192000e-03
6 9.958120e-01 2.520000e-03 1.668000e-03
7 9.950240e-01 2.896000e-03 2.080000e-03
8 9.942080e-01 3.204000e-03 2.588000e-03
9 9.932520e-01 3.632000e-03 3.116000e-03
10 9.922720e-01 3.872000e-03 3.856000e-03
11 9.913520e-01 4.124000e-03 4.524000e-03
12 9.904120e-01 4.288000e-03 5.300000e-03
13 9.894160e-01 4.544000e-03 6.040000e-03
14 9.884320e-01 4.668000e-03 6.900000e-03
15 9.873600e-01 4.892000e-03 7.748000e-03
16 9.862160e-01 5.180000e-03 8.604000e-03
17 9.852040e-01 5.332000e-03 9.464000e-03
18 9.840040e-01 5.520000e-03 1.047600e-02
19 9.827760e-01 5.760000e-03 1.146400e-02
20 9.816960e-01 5.788000e-03 1.251600e-02
21 9.804080e-01 6.064000e-03 1.352800e-02
22 9.792280e-01 6.164000e-03 1.460800e-02
23 9.780080e-01 6.392000e-03 1.560000e-02
24 9.768200e-01 6.464000e-03 1.671600e-02
25 9.757040e-01 6.444000e-03 1.785200e-02
26 9.745120e-01 6.428000e-03 1.906000e-02
27 9.733040e-01 6.504000e-03 2.019200e-02
28 9.719680e-01 6.708000e-03 2.132400e-02
29 9.706280e-01 6.848000e-03 2.252400e-02
30 9.694000e-01 7.032000e-03 2.356800e-02
31 9.681240e-01 7.048000e-03 2.482800e-02
32 9.668080e-01 7.100000e-03 2.609200e-02
33 9.655000e-01 7.140000e-03 2.736000e-02
34 9.643280e-01 7.124000e-03 2.854800e-02
35 9.630760e-01 7.196000e-03 2.972800e-02
36 9.618440e-01 7.068000e-03 3.108800e-02
37 9.605360e-01 7.148000e-03 3.231600e-02
38 9.591920e-01 7.228000e-03 3.358000e-02
39 9.578600e-01 7.300000e-03 3.484000e-02
40 9.565440e-01 7.384000e-03 3.607200e-02
41 9.552360e-01 7.368000e-03 3.739600e-02
42 9.539480e-01 7.344000e-03 3.870800e-02
43 9.526520e-01 7.304000e-03 4.004400e-02
44 9.512920e-01 7.448000e-03 4.126000e-02
45 9.498680e-01 7.580000e-03 4.255200e-02
46 9.484160e-01 7.680000e-03 4.390400e-02
47 9.468800e-01 7.912000e-03 4.520800e-02
48 9.454880e-01 7.768000e-03 4.674400e-02
49 9.440360e-01 7.724000e-03 4.824000e-02
50 9.426440e-01 7.792000e-03 4.956400e-02
51 9.413120e-01 7.780000e-03 5.090800e-02
52 9.399760e-01 7.824000e-03 5.220000e-02
53 9.386880e-01 7.768000e-03 5.354400e-02
54 9.373560e-01 7.792000e-03 5.485200e-02
55 9.358760e-01 7.892000e-03 5.623200e-02
56 9.344640e-01 7.836000e-03 5.770000e-02
57 9.331880e-01 7.720000e-03 5.909200e-02
58 9.318160e-01 7.772000e-03 6.041200e-02
59 9.305520e-01 7.612000e-03 6.183600e-02
60 9.291120e-01 7.700000e-03 6.318800e-02
61 9.278400e-01 7.552000e-03 6.460800e-02
62 9.265360e-01 7.584000e-03 6.588000e-02
63 9.252320e-01 7.560000e-03 6.720800e-02
64 9.238920e-01 7.536000e-03 6.857200e-02
65 9.226120e-01 7.536000e-03 6.985200e-02
66 9.210800e-01 7.704000e-03 7.121600e-02
67 9.195320e-01 7.912000e-03 7.255600e-02
68 9.178800e-01 8.132000e-03 7.398800e-02
69 9.162360e-01 8.280000e-03 7.548400e-02
70 9.146960e-01 8.224000e-03 7.708000e-02
71 9.131160e-01 8.456000e-03 7.842800e-02
72 9.116640e-01 8.456000e-03 7.988000e-02
73 9.102600e-01 8.388000e-03 8.135200e-02
74 9.086680e-01 8.440000e-03 8.289200e-02
75 9.071760e-01 8.388000e-03 8.443600e-02
76 9.057800e-01 8.256000e-03 8.596400e-02
77 9.043560e-01 8.276000e-03 8.736800e-02
78 9.028840e-01 8.156000e-03 8.896000e-02
79 9.013960e-01 8.268000e-03 9.033600e-02
80 8.999320e-01 8.296000e-03 9.177200e-02
81 8.984960e-01 8.164000e-03 9.334000e-02
82 8.970080e-01 8.272000e-03 9.472000e-02
83 8.954520e-01 8.420000e-03 9.612800e-02
84 8.938560e-01 8.500000e-03 9.764400e-02
85 8.923480e-01 8.412000e-03 9.924000e-02
86 8.908480e-01 8.420000e-03 1.007320e-01
87 8.891920e-01 8.732000e-03 1.020760e-01
88 8.875400e-01 8.852000e-03 1.036080e-01
89 8.859840e-01 8.956000e-03 1.050600e-01
90 8.845560e-01 8.748000e-03 1.066960e-01
91 8.830320e-01 8.724000e-03 1.082440e-01
92 8.816280e-01 8.532000e-03 1.098400e-01
93 8.801880e-01 8.460000e-03 1.113520e-01
94 8.788160e-01 8.236000e-03 1.129480e-01
95 8.774280e-01 8.208000e-03 1.143640e-01
96 8.761680e-01 8.156000e-03 1.156760e-01
97 8.749160e-01 8.008000e-03 1.170760e-01
98 8.737480e-01 7.944000e-03 1.183080e-01
99 8.725280e-01 7.876000e-03 1.195960e-01
100 8.713160e-01 7.632000e-03 1.210520e-01
101 8.701080e-01 7.504000e-03 1.223880e-01
102 8.689720e-01 7.320000e-03 1.237080e-01
103 8.677920e-01 7.148000e-03 1.250600e-01
104 8.665240e-01 7.124000e-03 1.263520e-01
105 8.653960e-01 7.008000e-03 1.275960e-01
106 8.642080e-01 6.944000e-03 1.288480e-01
107 8.629240e-01 7.084000e-03 1.299920e-01
108 8.617440e-01 6.996000e-03 1.312600e-01
109 8.606080e-01 6.912000e-03 1.324800e-01
110 8.594800e-01 6.832000e-03 1.336880e-01
111 8.583200e-01 6.852000e-03 1.348280e-01
112 8.571200e-01 6.872000e-03 1.360080e-01
113 8.559480e-01 6.828000e-03 1.372240e-01
114 8.547880e-01 6.776000e-03 1.384360e-01
115 8.534640e-01 6.916000e-03 1.396200e-01
116 8.522080e-01 6.948000e-03 1.408440e-01
117 8.511160e-01 6.768000e-03 1.421160e-01
118 8.499520e-01 6.788000e-03 1.432600e-01
119 8.487880e-01 6.800000e-03 1.444120e-01
120 8.476400e-01 6.848000e-03 1.455120e-01
121 8.465080e-01 6.720000e-03 1.467720e-01
122 8.453680e-01 6.592000e-03 1.480400e-01
123 8.442640e-01 6.524000e-03 1.492120e-01
124 8.431000e-01 6.560000e-03 1.503400e-01
125 8.420840e-01 6.452000e-03 1.514640e-01
126 8.409720e-01 6.448000e-03 1.525800e-01
127 8.398520e-01 6.392000e-03 1.537560e-01
128 8.387920e-01 6.384000e-03 1.548240e-01
129 8.376800e-01 6.252000e-03 1.560680e-01
130 8.366240e-01 6.168000e-03 1.572080e-01
131 8.354440e-01 6.184000e-03 1.583720e-01
132 8.343280e-01 6.156000e-03 1.595160e-01
133 8.332640e-01 6.140000e-03 1.605960e-01
134 8.321360e-01 6.148000e-03 1.617160e-01
135 8.310560e-01 6.104000e-03 1.628400e-01
136 8.299680e-01 6.080000e-03 1.639520e-01
137 8.289320e-01 6.084000e-03 1.649840e-01
138 8.277680e-01 6.136000e-03 1.660960e-01
139 8.266960e-01 6.116000e-03 1.671880e-01
140 8.256480e-01 6.124000e-03 1.682280e-01
141 8.245280e-01 6.164000e-03 1.693080e-01
142 8.235320e-01 6.152000e-03 1.703160e-01
143 8.225360e-01 5.972000e-03 1.714920e-01
144 8.215760e-01 5.800000e-03 1.726240e-01
145 8.206440e-01 5.636000e-03 1.737200e-01
146 8.197080e-01 5.532000e-03 1.747600e-01
147 8.187280e-01 5.508000e-03 1.757640e-01
148 8.177440e-01 5.564000e-03 1.766920e-01
149 8.168240e-01 5.516000e-03 1.776600e-01
150 8.158520e-01 5.524000e-03 1.786240e-01
151 8.148560e-01 5.588000e-03 1.795560e-01
152 8.138720e-01 5.520000e-03 1.806080e-01
153 8.129600e-01 5.448000e-03 1.815920e-01
154 8.119680e-01 5.476000e-03 1.825560e-01
155 8.110640e-01 5.448000e-03 1.834880e-01
156 8.101480e-01 5.460000e-03 1.843920e-01
157 8.091360e-01 5.472000e-03 1.853920e-01
158 8.083080e-01 5.396000e-03 1.862960e-01
159 8.073800e-01 5.384000e-03 1.872360e-01
160 8.064400e-01 5.372000e-03 1.881880e-01
161 8.055200e-01 5.400000e-03 1.890800e-01
162 8.046560e-01 5.228000e-03 1.901160e-01
163 8.035080e-01 5.412000e-03 1.910800e-01
164 8.025080e-01 5.556000e-03 1.919360e-01
165 8.016960e-01 5.392000e-03 1.929120e-01
166 8.007960e-01 5.296000e-03 1.939080e-01
167 7.999120e-01 5.264000e-03 1.948240e-01
168 7.990760e-01 5.140000e-03 1.957840e-01
169 7.983880e-01 4.840000e-03 1.967720e-01
170 7.976200e-01 4.788000e-03 1.975920e-01
171 7.969120e-01 4.648000e-03 1.984400e-01
172 7.961520e-01 4.580000e-03 1.992680e-01
173 7.954200e-01 4.564000e-03 2.000160e-01
174 7.946760e-01 4.552000e-03 2.007720e-01
175 7.938600e-01 4.592000e-03 2.015480e-01
176 7.931200e-01 4.504000e-03 2.023760e-01
177 7.923920e-01 4.496000e-03 2.031120e-01
178 7.916680e-01 4.464000e-03 2.038680e-01
179 7.908680e-01 4.520000e-03 2.046120e-01
180 7.901280e-01 4.544000e-03 2.053280e-01
181 7.894320e-01 4.456000e-03 2.061120e-01
182 7.886440e-01 4.408000e-03 2.069480e-01
183 7.878480e-01 4.452000e-03 2.077000e-01
184 7.871200e-01 4.456000e-03 2.084240e-01
185 7.864200e-01 4.412000e-03 2.091680e-01
186 7.856840e-01 4.352000e-03 2.099640e-01
187 7.850680e-01 4.216000e-03 2.107160e-01
188 7.843280e-01 4.280000e-03 2.113920e-01
189 7.836200e-01 4.316000e-03 2.120640e-01
190 7.828960e-01 4.244000e-03 2.128600e-01
191 7.821920e-01 4.188000e-03 2.136200e-01
192 7.813520e-01 4.264000e-03 2.143840e-01
193 7.806320e-01 4.248000e-03 2.151200e-01
194 7.798720e-01 4.332000e-03 2.157960e-01
195 7.792120e-01 4.232000e-03 2.165560e-01
196 7.783800e-01 4.332000e-03 2.172880e-01
197 7.775240e-01 4.424000e-03 2.180520e-01
198 7.766800e-01 4.544000e-03 2.187760e-01
199 7.758440e-01 4.552000e-03 2.196040e-01
200 7.750320e-01 4.584000e-03 2.203840e-01
201 7.742520e-01 4.644000e-03 2.211040e-01
202 7.733960e-01 4.684000e-03 2.219200e-01
203 7.725760e-01 4.772000e-03 2.226520e-01
204 7.717440e-01 4.764000e-03 2.234920e-01
205 7.709400e-01 4.780000e-03 2.242800e-01
206 7.701000e-01 4.848000e-03 2.250520e-01
207 7.692480e-01 4.836000e-03 2.259160e-01
208 7.685000e-01 4.832000e-03 2.266680e-01
209 7.677040e-01 4.780000e-03 2.275160e-01
210 7.669160e-01 4.744000e-03 2.283400e-01
211 7.661640e-01 4.716000e-03 2.291200e-01
212 7.654240e-01 4.656000e-03 2.299200e-01
213 7.647080e-01 4.584000e-03 2.307080e-01
214 7.640800e-01 4.392000e-03 2.315280e-01
215 7.633400e-01 4.456000e-03 2.322040e-01
216 7.627280e-01 4.208000e-03 2.330640e-01
217 7.621000e-01 4.200000e-03 2.337000e-01
218 7.613840e-01 4.264000e-03 2.343520e-01
219 7.607280e-01 4.192000e-03 2.350800e-01
220 7.601200e-01 4.108000e-03 2.357720e-01
221 7.595000e-01 4.072000e-03 2.364280e-01
222 7.589320e-01 3.860000e-03 2.372080e-01
223 7.583200e-01 3.840000e-03 2.378400e-01
224 7.576520e-01 3.932000e-03 2.384160e-01
225 7.570160e-01 3.856000e-03 2.391280e-01
226 7.564200e-01 3.748000e-03 2.398320e-01
227 7.559560e-01 3.612000e-03 2.404320e-01
228 7.553760e-01 3.564000e-03 2.410600e-01
229 7.549280e-01 3.384000e-03 2.416880e-01
230 7.543560e-01 3.380000e-03 2.422640e-01
231 7.538680e-01 3.264000e-03 2.428680e-01
232 7.533120e-01 3.220000e-03 2.434680e-01
233 7.527960e-01 3.192000e-03 2.440120e-01
234 7.523120e-01 3.080000e-03 2.446080e-01
235 7.518320e-01 2.976000e-03 2.451920e-01
236 7.513480e-01 2.908000e-03 2.457440e-01
237 7.508240e-01 2.952000e-03 2.462240e-01
238 7.503200e-01 2.876000e-03 2.468040e-01
239 7.498320e-01 2.928000e-03 2.472400e-01
240 7.492760e-01 2.988000e-03 2.477360e-01
241 7.487520e-01 2.956000e-03 2.482920e-01
242 7.484320e-01 2.816000e-03 2.487520e-01
243 7.480640e-01 2.684000e-03 2.492520e-01
244 7.476800e-01 2.652000e-03 2.496680e-01
245 7.472840e-01 2.604000e-03 2.501120e-01
246 7.468080e-01 2.648000e-03 2.505440e-01
247 7.464040e-01 2.564000e-03 2.510320e-01
248 7.459680e-01 2.560000e-03 2.514720e-01
249 7.454880e-01 2.592000e-03 2.519200e-01
250 7.451040e-01 2.600000e-03 2.522960e-01
251 7.446840e-01 2.604000e-03 2.527120e-01
252 7.442920e-01 2.508000e-03 2.532000e-01
253 7.438720e-01 2.504000e-03 2.536240e-01
254 7.434760e-01 2.528000e-03 2.539960e-01
255 7.430840e-01 2.496000e-03 2.544200e-01
256 7.426840e-01 2.436000e-03 2.548800e-01
257 7.423360e-01 2.436000e-03 2.552280e-01
258 7.419560e-01 2.412000e-03 2.556320e-01
259 7.414720e-01 2.476000e-03 2.560520e-01
260 7.411120e-01 2.408000e-03 2.564800e-01
261 7.407600e-01 2.316000e-03 2.569240e-01
262 7.403680e-01 2.320000e-03 2.573120e-01
263 7.399800e-01 2.300000e-03 2.577200e-01
264 7.395840e-01 2.256000e-03 2.581600e-01
265 7.391040e-01 2.304000e-03 2.585920e-01
266 7.387120e-01 2.308000e-03 2.589800e-01
267 7.383160e-01 2.280000e-03 2.594040e-01
268 7.380080e-01 2.264000e-03 2.597280e-01
269 7.376480e-01 2.248000e-03 2.601040e-01
270 7.373520e-01 2.140000e-03 2.605080e-01
271 7.369920e-01 2.176000e-03 2.608320e-01
272 7.366440e-01 2.184000e-03 2.611720e-01
273 7.363280e-01 2.044000e-03 2.616280e-01
274 7.359880e-01 1.952000e-03 2.620600e-01
275 7.356880e-01 1.896000e-03 2.624160e-01
276 7.353520e-01 1.932000e-03 2.627160e-01
277 7.349240e-01 2.024000e-03 2.630520e-01
278 7.345440e-01 2.044000e-03 2.634120e-01
279 7.341760e-01 2.068000e-03 2.637560e-01
280 7.338360e-01 2.020000e-03 2.641440e-01
281 7.334800e-01 2.020000e-03 2.645000e-01
282 7.330960e-01 2.016000e-03 2.648880e-01
283 7.327040e-01 2.052000e-03 2.652440e-01
284 7.324160e-01 1.984000e-03 2.656000e-01
285 7.320480e-01 1.992000e-03 2.659600e-01
286 7.317960e-01 1.920000e-03 2.662840e-01
287 7.314960e-01 1.896000e-03 2.666080e-01
288 7.312520e-01 1.808000e-03 2.669400e-01
289 7.310080e-01 1.684000e-03 2.673080e-01
290 7.308120e-01 1.552000e-03 2.676360e-01
291 7.306320e-01 1.492000e-03 2.678760e-01
292 7.304240e-01 1.448000e-03 2.681280e-01
293 7.302200e-01 1.424000e-03 2.683560e-01
294 7.299920e-01 1.432000e-03 2.685760e-01
295 7.297480e-01 1.460000e-03 2.687920e-01
296 7.295240e-01 1.452000e-03 2.690240e-01
297 7.293480e-01 1.332000e-03 2.693200e-01
298 7.290920e-01 1.360000e-03 2.695480e-01
299 7.289080e-01 1.320000e-03 2.697720e-01
300 7.286880e-01 1.308000e-03 2.700040e-01
301 7.284560e-01 1.312000e-03 2.702320e-01
302 7.282280e-01 1.236000e-03 2.705360e-01
303 7.279680e-01 1.264000e-03 2.707680e-01
304 7.276920e-01 1.304000e-03 2.710040e-01
305 7.274720e-01 1.300000e-03 2.712280e-01
306 7.272880e-01 1.264000e-03 2.714480e-01
307 7.270720e-01 1.244000e-03 2.716840e-01
308 7.269360e-01 1.160000e-03 2.719040e-01
309 7.267760e-01 1.112000e-03 2.721120e-01
310 7.265720e-01 1.140000e-03 2.722880e-01
311 7.263960e-01 1.124000e-03 2.724800e-01
312 7.262360e-01 1.076000e-03 2.726880e-01
313 7.260640e-01 1.084000e-03 2.728520e-01
314 7.258840e-01 1.068000e-03 2.730480e-01
315 7.256640e-01 1.108000e-03 2.732280e-01
316 7.254840e-01 1.060000e-03 2.734560e-01
317 7.253160e-01 1.060000e-03 2.736240e-01
318 7.250480e-01 1.136000e-03 2.738160e-01
319 7.248400e-01 1.196000e-03 2.739640e-01
320 7.246200e-01 1.200000e-03 2.741800e-01
321 7.244000e-01 1.220000e-03 2.743800e-01
322 7.241440e-01 1.300000e-03 2.745560e-01
323 7.239640e-01 1.280000e-03 2.747560e-01
324 7.237800e-01 1.200000e-03 2.750200e-01
325 7.235520e-01 1.224000e-03 2.752240e-01
326 7.233000e-01 1.300000e-03 2.754000e-01
327 7.231400e-01 1.232000e-03 2.756280e-01
328 7.229600e-01 1.168000e-03 2.758720e-01
329 7.228000e-01 1.172000e-03 2.760280e-01
330 7.226200e-01 1.132000e-03 2.762480e-01
331 7.224720e-01 1.072000e-03 2.764560e-01
332 7.223240e-01 1.008000e-03 2.766680e-01
333 7.221760e-01 9.720000e-04 2.768520e-01
334 7.220480e-01 8.880000e-04 2.770640e-01
335 7.219000e-01 8.480000e-04 2.772520e-01
336 7.217400e-01 8.920000e-04 2.773680e-01
337 7.215880e-01 8.680000e-04 2.775440e-01
338 7.213960e-01 9.320000e-04 2.776720e-01
339 7.211400e-01 1.024000e-03 2.778360e-01
340 7.209320e-01 1.088000e-03 2.779800e-01
341 7.207440e-01 1.064000e-03 2.781920e-01
342 7.205080e-01 1.128000e-03 2.783640e-01
343 7.203240e-01 1.124000e-03 2.785520e-01
344 7.200960e-01 1.168000e-03 2.787360e-01
345 7.199160e-01 1.192000e-03 2.788920e-01
346 7.196480e-01 1.252000e-03 2.791000e-01
347 7.194480e-01 1.240000e-03 2.793120e-01
348 7.192400e-01 1.240000e-03 2.795200e-01
349 7.189920e-01 1.276000e-03 2.797320e-01
350 7.187800e-01 1.288000e-03 2.799320e-01
351 7.185040e-01 1.352000e-03 2.801440e-01
352 7.182200e-01 1.352000e-03 2.804280e-01
353 7.179080e-01 1.404000e-03 2.806880e-01
354 7.176800e-01 1.392000e-03 2.809280e-01
355 7.173920e-01 1.380000e-03 2.812280e-01
356 7.170960e-01 1.428000e-03 2.814760e-01
357 7.168400e-01 1.408000e-03 2.817520e-01
358 7.165640e-01 1.444000e-03 2.819920e-01
359 7.162920e-01 1.428000e-03 2.822800e-01
360 7.159480e-01 1.496000e-03 2.825560e-01
361 7.156960e-01 1.484000e-03 2.828200e-01
362 7.155000e-01 1.432000e-03 2.830680e-01
363 7.153520e-01 1.324000e-03 2.833240e-01
364 7.151040e-01 1.288000e-03 2.836080e-01
365 7.148800e-01 1.256000e-03 2.838640e-01
366 7.147240e-01 1.200000e-03 2.840760e-01
367 7.145120e-01 1.180000e-03 2.843080e-01
368 7.142720e-01 1.204000e-03 2.845240e-01
369 7.139840e-01 1.312000e-03 2.847040e-01
370 7.137320e-01 1.300000e-03 2.849680e-01
371 7.135240e-01 1.224000e-03 2.852520e-01
372 7.132880e-01 1.236000e-03 2.854760e-01
373 7.130360e-01 1.252000e-03 2.857120e-01
374 7.127960e-01 1.240000e-03 2.859640e-01
375 7.125720e-01 1.292000e-03 2.861360e-01
376 7.123880e-01 1.224000e-03 2.863880e-01
377 7.122560e-01 1.168000e-03 2.865760e-01
378 7.121080e-01 1.104000e-03 2.867880e-01
379 7.119760e-01 1.052000e-03 2.869720e-01
380 7.117920e-01 1.012000e-03 2.871960e-01
381 7.116360e-01 9.800000e-04 2.873840e-01
382 7.114760e-01 9.800000e-04 2.875440e-01
383 7.112880e-01 9.840000e-04 2.877280e-01
384 7.111000e-01 9.960000e-04 2.879040e-01
385 7.109080e-01 1.032000e-03 2.880600e-01
386 7.107200e-01 1.052000e-03 2.882280e-01
387 7.105120e-01 1.104000e-03 2.883840e-01
388 7.102880e-01 1.164000e-03 2.885480e-01
389 7.100880e-01 1.156000e-03 2.887560e-01
390 7.099080e-01 1.100000e-03 2.889920e-01
391 7.096600e-01 1.168000e-03 2.891720e-01
392 7.094640e-01 1.124000e-03 2.894120e-01
393 7.092720e-01 1.088000e-03 2.896400e-01
394 7.090920e-01 1.080000e-03 2.898280e-01
395 7.089160e-01 1.116000e-03 2.899680e-01
396 7.087000e-01 1.172000e-03 2.901280e-01
397 7.085280e-01 1.132000e-03 2.903400e-01
398 7.083640e-01 1.132000e-03 2.905040e-01
399 7.081440e-01 1.172000e-03 2.906840e-01
400 7.079920e-01 1.176000e-03 2.908320e-01
401 7.078040e-01 1.168000e-03 2.910280e-01
402 7.076040e-01 1.152000e-03 2.912440e-01
403 7.074280e-01 1.132000e-03 2.914400e-01
404 7.072600e-01 1.108000e-03 2.916320e-01
405 7.070280e-01 1.100000e-03 2.918720e-01
406 7.068640e-01 1.060000e-03 2.920760e-01
407 7.066440e-01 1.080000e-03 2.922760e-01
408 7.064360e-01 1.124000e-03 2.924400e-01
409 7.063000e-01 1.040000e-03 2.926600e-01
410 7.061400e-01 9.680000e-04 2.928920e-01
411 7.059960e-01 9.400000e-04 2.930640e-01
412 7.058880e-01 9.080000e-04 2.932040e-01
413 7.057200e-01 9.440000e-04 2.933360e-01
414 7.055600e-01 9.240000e-04 2.935160e-01
415 7.054520e-01 8.760000e-04 2.936720e-01
416 7.052720e-01 9.160000e-04 2.938120e-01
417 7.050680e-01 9.440000e-04 2.939880e-01
418 7.048880e-01 9.560000e-04 2.941560e-01
419 7.047480e-01 9.320000e-04 2.943200e-01
420 7.045360e-01 9.600000e-04 2.945040e-01
421 7.043440e-01 1.008000e-03 2.946480e-01
422 7.041280e-01 1.040000e-03 2.948320e-01
423 7.039280e-01 1.080000e-03 2.949920e-01
424 7.037000e-01 1.172000e-03 2.951280e-01
425 7.035360e-01 1.176000e-03 2.952880e-01
426 7.033520e-01 1.160000e-03 2.954880e-01
427 7.031400e-01 1.104000e-03 2.957560e-01
428 7.029840e-01 1.088000e-03 2.959280e-01
429 7.027680e-01 1.108000e-03 2.961240e-01
430 7.026200e-01 1.048000e-03 2.963320e-01
431 7.024640e-01 1.032000e-03 2.965040e-01
432 7.022960e-01 1.004000e-03 2.967000e-01
433 7.021000e-01 1.008000e-03 2.968920e-01
434 7.019560e-01 9.720000e-04 2.970720e-01
435 7.017840e-01 9.720000e-04 2.972440e-01
436 7.016400e-01 9.320000e-04 2.974280e-01
437 7.015240e-01 8.920000e-04 2.975840e-01
438 7.014000e-01 8.400000e-04 2.977600e-01
439 7.012720e-01 8.200000e-04 2.979080e-01
440 7.011520e-01 8.240000e-04 2.980240e-01
441 7.010400e-01 8.120000e-04 2.981480e-01
442 7.009200e-01 8.360000e-04 2.982440e-01
443 7.007720e-01 8.560000e-04 2.983720e-01
444 7.006400e-01 8.760000e-04 2.984840e-01
445 7.005240e-01 8.560000e-04 2.986200e-01
446 7.004200e-01 8.040000e-04 2.987760e-01
447 7.003040e-01 8.200000e-04 2.988760e-01
448 7.002120e-01 7.920000e-04 2.989960e-01
449 7.001040e-01 7.800000e-04 2.991160e-01
450 6.999480e-01 8.000000e-04 2.992520e-01
451 6.998480e-01 7.560000e-04 2.993960e-01
452 6.997440e-01 7.200000e-04 2.995360e-01
453 6.996320e-01 7.080000e-04 2.996600e-01
454 6.995560e-01 6.520000e-04 2.997920e-01
455 6.994520e-01 6.480000e-04 2.999000e-01
456 6.993600e-01 6.160000e-04 3.000240e-01
457 6.992400e-01 6.640000e-04 3.000960e-01
458 6.991920e-01 5.960000e-04 3.002120e-01
459 6.990840e-01 5.680000e-04 3.003480e-01
460 6.990040e-01 5.560000e-04 3.004400e-01
461 6.989040e-01 5.960000e-04 3.005000e-01
462 6.988200e-01 5.680000e-04 3.006120e-01
463 6.987280e-01 5.600000e-04 3.007120e-01
464 6.986400e-01 5.440000e-04 3.008160e-01
465 6.985440e-01 5.320000e-04 3.009240e-01
466 6.984280e-01 5.520000e-04 3.010200e-01
467 6.983000e-01 6.080000e-04 3.010920e-01
468 6.981840e-01 6.320000e-04 3.011840e-01
469 6.980560e-01 6.320000e-04 3.013120e-01
470 6.979280e-01 6.640000e-04 3.014080e-01
471 6.978280e-01 6.640000e-04 3.015080e-01
472 6.977480e-01 6.480000e-04 3.016040e-01
473 6.976760e-01 6.120000e-04 3.017120e-01
474 6.976200e-01 5.520000e-04 3.018280e-01
475 6.975560e-01 5.240000e-04 3.019200e-01
476 6.974520e-01 5.520000e-04 3.019960e-01
477 6.973440e-01 5.400000e-04 3.021160e-01
478 6.972720e-01 5.000000e-04 3.022280e-01
479 6.971960e-01 4.960000e-04 3.023080e-01
480 6.971080e-01 5.040000e-04 3.023880e-01
481 6.970360e-01 5.120000e-04 3.024520e-01
482 6.969520e-01 5.040000e-04 3.025440e-01
483 6.968400e-01 5.280000e-04 3.026320e-01
484 6.967640e-01 5.320000e-04 3.027040e-01
485 6.966320e-01 6.040000e-04 3.027640e-01
486 6.965320e-01 5.840000e-04 3.028840e-01
487 6.964120e-01 6.040000e-04 3.029840e-01
488 6.962760e-01 6.320000e-04 3.030920e-01
489 6.961400e-01 6.760000e-04 3.031840e-01
490 6.959840e-01 6.720000e-04 3.033440e-01
491 6.958400e-01 7.080000e-04 3.034520e-01
492 6.957160e-01 7.320000e-04 3.035520e-01
493 6.956240e-01 6.960000e-04 3.036800e-01
494 6.955080e-01 6.880000e-04 3.038040e-01
495 6.954360e-01 6.520000e-04 3.039120e-01
496 6.953400e-01 6.600000e-04 3.040000e-01
497 6.952120e-01 6.720000e-04 3.041160e-01
498 6.950840e-01 6.640000e-04 3.042520e-01
499 6.949560e-01 6.440000e-04 3.044000e-01
500 6.948000e-01 7.080000e-04 3.044920e-01
