1 9.991640e-01 7.320000e-04 1.040000e-04
2 9.986080e-01 1.132000e-03 2.600000e-04
3 9.980680e-01 1.412000e-03 5.200000e-04
4 9.974440e-01 1.764000e-03 7.920000e-04
5 9.966880e-01 2.204000e-03 1.108000e-03
6 9.957440e-01 2.660000e-03 1.596000e-03
7 9.948280e-01 3.100000e-03 2.072000e-03
8 9.939160e-01 3.404000e-03 2.680000e-03
9 9.930440e-01 3.652000e-03 3.304000e-03
10 9.920320e-01 4.012000e-03 3.956000e-03
11 9.910880e-01 4.344000e-03 4.568000e-03
12 9.901160e-01 4.504000e-03 5.380000e-03
13 9.890560e-01 4.756000e-03 6.188000e-03
14 9.881520e-01 4.736000e-03 7.112000e-03
15 9.871360e-01 4.932000e-03 7.932000e-03
16 9.860760e-01 5.084000e-03 8.840000e-03
17 9.848800e-01 5.364000e-03 9.756000e-03
18 9.836200e-01 5.744000e-03 1.063600e-02
19 9.823880e-01 5.988000e-03 1.162400e-02
20 9.811680e-01 6.192000e-03 1.264000e-02
21 9.798640e-01 6.456000e-03 1.368000e-02
22 9.786160e-01 6.636000e-03 1.474800e-02
23 9.771680e-01 6.792000e-03 1.604000e-02
24 9.759680e-01 6.712000e-03 1.732000e-02
25 9.746800e-01 6.772000e-03 1.854800e-02
26 9.734360e-01 6.848000e-03 1.971600e-02
27 9.722320e-01 6.776000e-03 2.099200e-02
28 9.708640e-01 6.952000e-03 2.218400e-02
29 9.694440e-01 7.108000e-03 2.344800e-02
30 9.680760e-01 7.116000e-03 2.480800e-02
31 9.667640e-01 7.192000e-03 2.604400e-02
32 9.654840e-01 7.200000e-03 2.731600e-02
33 9.640440e-01 7.408000e-03 2.854800e-02
34 9.625360e-01 7.580000e-03 2.988400e-02
35 9.610240e-01 7.824000e-03 3.115200e-02
36 9.595960e-01 7.896000e-03 3.250800e-02
37 9.580560e-01 8.104000e-03 3.384000e-02
38 9.565000e-01 8.356000e-03 3.514400e-02
39 9.549160e-01 8.476000e-03 3.660800e-02
40 9.534360e-01 8.484000e-03 3.808000e-02
41 9.517080e-01 8.692000e-03 3.960000e-02
42 9.499360e-01 8.912000e-03 4.115200e-02
43 9.482440e-01 9.180000e-03 4.257600e-02
44 9.466440e-01 9.108000e-03 4.424800e-02
45 9.448720e-01 9.160000e-03 4.596800e-02
46 9.431200e-01 9.316000e-03 4.756400e-02
47 9.412880e-01 9.468000e-03 4.924400e-02
48 9.395440e-01 9.592000e-03 5.086400e-02
49 9.375800e-01 9.912000e-03 5.250800e-02
50 9.357600e-01 9.952000e-03 5.428800e-02
51 9.337800e-01 1.002400e-02 5.619600e-02
52 9.316640e-01 1.017600e-02 5.816000e-02
53 9.298200e-01 1.018000e-02 6.000000e-02
54 9.279240e-01 1.024000e-02 6.183600e-02
55 9.260040e-01 1.030400e-02 6.369200e-02
56 9.241280e-01 1.042400e-02 6.544800e-02
57 9.221680e-01 1.060800e-02 6.722400e-02
58 9.201320e-01 1.080000e-02 6.906800e-02
59 9.183200e-01 1.062000e-02 7.106000e-02
60 9.165680e-01 1.040000e-02 7.303200e-02
61 9.146960e-01 1.046400e-02 7.484000e-02
62 9.127520e-01 1.052000e-02 7.672800e-02
63 9.110280e-01 1.040400e-02 7.856800e-02
64 9.091240e-01 1.050000e-02 8.037600e-02
65 9.071280e-01 1.052000e-02 8.235200e-02
66 9.051440e-01 1.060400e-02 8.425200e-02
67 9.031120e-01 1.073200e-02 8.615600e-02
68 9.012680e-01 1.076800e-02 8.796400e-02
69 8.994360e-01 1.066800e-02 8.989600e-02
70 8.977000e-01 1.060400e-02 9.169600e-02
71 8.958440e-01 1.045600e-02 9.370000e-02
72 8.941840e-01 1.031600e-02 9.550000e-02
73 8.925640e-01 1.019600e-02 9.724000e-02
74 8.908320e-01 1.020800e-02 9.896000e-02
75 8.892760e-01 1.001600e-02 1.007080e-01
76 8.877000e-01 9.736000e-03 1.025640e-01
77 8.859880e-01 9.696000e-03 1.043160e-01
78 8.843720e-01 9.660000e-03 1.059680e-01
79 8.825760e-01 9.760000e-03 1.076640e-01
80 8.810280e-01 9.488000e-03 1.094840e-01
81 8.793920e-01 9.568000e-03 1.110400e-01
82 8.777800e-01 9.568000e-03 1.126520e-01
83 8.760680e-01 9.500000e-03 1.144320e-01
84 8.744720e-01 9.548000e-03 1.159800e-01
85 8.728160e-01 9.480000e-03 1.177040e-01
86 8.711240e-01 9.472000e-03 1.194040e-01
87 8.696600e-01 9.316000e-03 1.210240e-01
88 8.679000e-01 9.456000e-03 1.226440e-01
89 8.661120e-01 9.560000e-03 1.243280e-01
90 8.644440e-01 9.540000e-03 1.260160e-01
91 8.627360e-01 9.432000e-03 1.278320e-01
92 8.611240e-01 9.376000e-03 1.295000e-01
93 8.594640e-01 9.400000e-03 1.311360e-01
94 8.577520e-01 9.528000e-03 1.327200e-01
95 8.561160e-01 9.632000e-03 1.342520e-01
96 8.542880e-01 9.860000e-03 1.358520e-01
97 8.524400e-01 9.840000e-03 1.377200e-01
98 8.506080e-01 1.011200e-02 1.392800e-01
99 8.488240e-01 1.011200e-02 1.410640e-01
100 8.469000e-01 1.025200e-02 1.428480e-01
101 8.450320e-01 1.019200e-02 1.447760e-01
102 8.432760e-01 1.021200e-02 1.465120e-01
103 8.414560e-01 1.035600e-02 1.481880e-01
104 8.395640e-01 1.030800e-02 1.501280e-01
105 8.377480e-01 1.018400e-02 1.520680e-01
106 8.362000e-01 9.948000e-03 1.538520e-01
107 8.344960e-01 9.924000e-03 1.555800e-01
108 8.326320e-01 1.013600e-02 1.572320e-01
109 8.309240e-01 1.013600e-02 1.589400e-01
110 8.293680e-01 9.776000e-03 1.608560e-01
111 8.279240e-01 9.568000e-03 1.625080e-01
112 8.263200e-01 9.296000e-03 1.643840e-01
113 8.246440e-01 9.420000e-03 1.659360e-01
114 8.229280e-01 9.512000e-03 1.675600e-01
115 8.213920e-01 9.440000e-03 1.691680e-01
116 8.198560e-01 9.340000e-03 1.708040e-01
117 8.182440e-01 9.284000e-03 1.724720e-01
118 8.166720e-01 9.308000e-03 1.740200e-01
119 8.151360e-01 9.256000e-03 1.756080e-01
120 8.137760e-01 8.868000e-03 1.773560e-01
121 8.120960e-01 8.968000e-03 1.789360e-01
122 8.107240e-01 8.768000e-03 1.805080e-01
123 8.091880e-01 8.840000e-03 1.819720e-01
124 8.077200e-01 8.760000e-03 1.835200e-01
125 8.061720e-01 8.848000e-03 1.849800e-01
126 8.048720e-01 8.696000e-03 1.864320e-01
127 8.034680e-01 8.540000e-03 1.879920e-01
128 8.020600e-01 8.396000e-03 1.895440e-01
129 8.006720e-01 8.404000e-03 1.909240e-01
130 7.994280e-01 8.232000e-03 1.923400e-01
131 7.981160e-01 8.268000e-03 1.936160e-01
132 7.967200e-01 8.260000e-03 1.950200e-01
133 7.952360e-01 8.204000e-03 1.965600e-01
134 7.937160e-01 8.324000e-03 1.979600e-01
135 7.921800e-01 8.352000e-03 1.994680e-01
136 7.906960e-01 8.356000e-03 2.009480e-01
137 7.892280e-01 8.352000e-03 2.024200e-01
138 7.878520e-01 8.244000e-03 2.039040e-01
139 7.864560e-01 8.228000e-03 2.053160e-01
140 7.850360e-01 8.132000e-03 2.068320e-01
141 7.837400e-01 7.876000e-03 2.083840e-01
142 7.823760e-01 7.892000e-03 2.097320e-01
143 7.811000e-01 7.700000e-03 2.112000e-01
144 7.798400e-01 7.568000e-03 2.125920e-01
145 7.785760e-01 7.516000e-03 2.139080e-01
146 7.772200e-01 7.492000e-03 2.152880e-01
147 7.759600e-01 7.572000e-03 2.164680e-01
148 7.746400e-01 7.548000e-03 2.178120e-01
149 7.733920e-01 7.344000e-03 2.192640e-01
150 7.720360e-01 7.500000e-03 2.204640e-01
151 7.705600e-01 7.584000e-03 2.218560e-01
152 7.692080e-01 7.636000e-03 2.231560e-01
153 7.679360e-01 7.496000e-03 2.245680e-01
154 7.668040e-01 7.448000e-03 2.257480e-01
155 7.655840e-01 7.420000e-03 2.269960e-01
156 7.645040e-01 7.008000e-03 2.284880e-01
157 7.634360e-01 6.804000e-03 2.297600e-01
158 7.623800e-01 6.748000e-03 2.308720e-01
159 7.612480e-01 6.732000e-03 2.320200e-01
160 7.602240e-01 6.504000e-03 2.332720e-01
161 7.591400e-01 6.532000e-03 2.343280e-01
162 7.580520e-01 6.588000e-03 2.353600e-01
163 7.570120e-01 6.424000e-03 2.365640e-01
164 7.560120e-01 6.284000e-03 2.377040e-01
165 7.549520e-01 6.240000e-03 2.388080e-01
166 7.538400e-01 6.220000e-03 2.399400e-01
167 7.529600e-01 6.016000e-03 2.410240e-01
168 7.519720e-01 6.052000e-03 2.419760e-01
169 7.509520e-01 6.028000e-03 2.430200e-01
170 7.501080e-01 5.896000e-03 2.439960e-01
171 7.491520e-01 5.784000e-03 2.450640e-01
172 7.480600e-01 5.860000e-03 2.460800e-01
173 7.469240e-01 5.948000e-03 2.471280e-01
174 7.460640e-01 5.692000e-03 2.482440e-01
175 7.449680e-01 5.704000e-03 2.493280e-01
176 7.439920e-01 5.692000e-03 2.503160e-01
177 7.429640e-01 5.716000e-03 2.513200e-01
178 7.421040e-01 5.624000e-03 2.522720e-01
179 7.412600e-01 5.596000e-03 2.531440e-01
180 7.403240e-01 5.536000e-03 2.541400e-01
181 7.394080e-01 5.408000e-03 2.551840e-01
182 7.385560e-01 5.264000e-03 2.561800e-01
183 7.377960e-01 5.056000e-03 2.571480e-01
184 7.370120e-01 4.912000e-03 2.580760e-01
185 7.362720e-01 4.824000e-03 2.589040e-01
186 7.355520e-01 4.736000e-03 2.597120e-01
187 7.347360e-01 4.688000e-03 2.605760e-01
188 7.339880e-01 4.616000e-03 2.613960e-01
189 7.332600e-01 4.600000e-03 2.621400e-01
190 7.324880e-01 4.600000e-03 2.629120e-01
191 7.317520e-01 4.432000e-03 2.638160e-01
192 7.310800e-01 4.320000e-03 2.646000e-01
193 7.303240e-01 4.276000e-03 2.654000e-01
194 7.296200e-01 4.188000e-03 2.661920e-01
195 7.289160e-01 4.124000e-03 2.669600e-01
196 7.281920e-01 4.112000e-03 2.676960e-01
197 7.275400e-01 3.996000e-03 2.684640e-01
198 7.267880e-01 4.108000e-03 2.691040e-01
199 7.260480e-01 4.120000e-03 2.698320e-01
200 7.253840e-01 4.104000e-03 2.705120e-01
201 7.247600e-01 4.052000e-03 2.711880e-01
202 7.239440e-01 4.080000e-03 2.719760e-01
203 7.232240e-01 4.032000e-03 2.727440e-01
204 7.224600e-01 4.092000e-03 2.734480e-01
205 7.216840e-01 4.100000e-03 2.742160e-01
206 7.209800e-01 4.072000e-03 2.749480e-01
207 7.202760e-01 4.116000e-03 2.756080e-01
208 7.196120e-01 4.208000e-03 2.761800e-01
209 7.189280e-01 4.160000e-03 2.769120e-01
210 7.182120e-01 4.120000e-03 2.776680e-01
211 7.174720e-01 4.116000e-03 2.784120e-01
212 7.168560e-01 4.008000e-03 2.791360e-01
213 7.161640e-01 4.084000e-03 2.797520e-01
214 7.154680e-01 4.032000e-03 2.805000e-01
215 7.148040e-01 3.940000e-03 2.812560e-01
216 7.140520e-01 3.968000e-03 2.819800e-01
217 7.134240e-01 3.972000e-03 2.826040e-01
218 7.126400e-01 4.136000e-03 2.832240e-01
219 7.119720e-01 4.044000e-03 2.839840e-01
220 7.112360e-01 4.132000e-03 2.846320e-01
221 7.105040e-01 4.200000e-03 2.852960e-01
222 7.098760e-01 4.120000e-03 2.860040e-01
223 7.092520e-01 4.036000e-03 2.867120e-01
224 7.085720e-01 4.048000e-03 2.873800e-01
225 7.079280e-01 3.984000e-03 2.880880e-01
226 7.072640e-01 3.940000e-03 2.887960e-01
227 7.065920e-01 3.956000e-03 2.894520e-01
228 7.060360e-01 3.772000e-03 2.901920e-01
229 7.053920e-01 3.828000e-03 2.907800e-01
230 7.046800e-01 3.864000e-03 2.914560e-01
231 7.039840e-01 3.888000e-03 2.921280e-01
232 7.033080e-01 3.864000e-03 2.928280e-01
233 7.027520e-01 3.684000e-03 2.935640e-01
234 7.021240e-01 3.712000e-03 2.941640e-01
235 7.015160e-01 3.664000e-03 2.948200e-01
236 7.009160e-01 3.536000e-03 2.955480e-01
237 7.002960e-01 3.496000e-03 2.962080e-01
238 6.997000e-01 3.448000e-03 2.968520e-01
239 6.991480e-01 3.388000e-03 2.974640e-01
240 6.985480e-01 3.448000e-03 2.980040e-01
241 6.980080e-01 3.448000e-03 2.985440e-01
242 6.974000e-01 3.520000e-03 2.990800e-01
243 6.968440e-01 3.508000e-03 2.996480e-01
244 6.963080e-01 3.504000e-03 3.001880e-01
245 6.957720e-01 3.420000e-03 3.008080e-01
246 6.953320e-01 3.240000e-03 3.014280e-01
247 6.947560e-01 3.236000e-03 3.020080e-01
248 6.943000e-01 3.100000e-03 3.026000e-01
249 6.938360e-01 3.084000e-03 3.030800e-01
250 6.934120e-01 2.944000e-03 3.036440e-01
251 6.929680e-01 2.904000e-03 3.041280e-01
252 6.924720e-01 2.984000e-03 3.045440e-01
253 6.918960e-01 3.080000e-03 3.050240e-01
254 6.914000e-01 3.040000e-03 3.055600e-01
255 6.908520e-01 3.104000e-03 3.060440e-01
256 6.903440e-01 3.076000e-03 3.065800e-01
257 6.898520e-01 3.024000e-03 3.071240e-01
258 6.894160e-01 2.968000e-03 3.076160e-01
259 6.889360e-01 2.936000e-03 3.081280e-01
260 6.883160e-01 3.052000e-03 3.086320e-01
261 6.877560e-01 3.048000e-03 3.091960e-01
262 6.872520e-01 3.004000e-03 3.097440e-01
263 6.867160e-01 3.004000e-03 3.102800e-01
264 6.861680e-01 3.012000e-03 3.108200e-01
265 6.856160e-01 2.968000e-03 3.114160e-01
266 6.851880e-01 2.880000e-03 3.119320e-01
267 6.847320e-01 2.812000e-03 3.124560e-01
268 6.841800e-01 2.824000e-03 3.129960e-01
269 6.836680e-01 2.908000e-03 3.134240e-01
270 6.832000e-01 2.848000e-03 3.139520e-01
271 6.826640e-01 2.904000e-03 3.144320e-01
272 6.821040e-01 2.940000e-03 3.149560e-01
273 6.815640e-01 2.936000e-03 3.155000e-01
274 6.810960e-01 2.824000e-03 3.160800e-01
275 6.806720e-01 2.824000e-03 3.165040e-01
276 6.802920e-01 2.784000e-03 3.169240e-01
277 6.797520e-01 2.864000e-03 3.173840e-01
278 6.792640e-01 2.892000e-03 3.178440e-01
279 6.788040e-01 2.776000e-03 3.184200e-01
280 6.783040e-01 2.780000e-03 3.189160e-01
281 6.778600e-01 2.740000e-03 3.194000e-01
282 6.774120e-01 2.684000e-03 3.199040e-01
283 6.769160e-01 2.716000e-03 3.203680e-01
284 6.765440e-01 2.604000e-03 3.208520e-01
285 6.761640e-01 2.544000e-03 3.212920e-01
286 6.758320e-01 2.352000e-03 3.218160e-01
287 6.754440e-01 2.304000e-03 3.222520e-01
288 6.751360e-01 2.312000e-03 3.225520e-01
289 6.747960e-01 2.136000e-03 3.230680e-01
290 6.745200e-01 1.988000e-03 3.234920e-01
291 6.742720e-01 1.880000e-03 3.238480e-01
292 6.739760e-01 1.820000e-03 3.242040e-01
293 6.736920e-01 1.792000e-03 3.245160e-01
294 6.733680e-01 1.780000e-03 3.248520e-01
295 6.730640e-01 1.736000e-03 3.252000e-01
296 6.727840e-01 1.708000e-03 3.255080e-01
297 6.724680e-01 1.684000e-03 3.258480e-01
298 6.722000e-01 1.656000e-03 3.261440e-01
299 6.719920e-01 1.608000e-03 3.264000e-01
300 6.717120e-01 1.640000e-03 3.266480e-01
301 6.714480e-01 1.572000e-03 3.269800e-01
302 6.711840e-01 1.540000e-03 3.272760e-01
303 6.709200e-01 1.584000e-03 3.274960e-01
304 6.705760e-01 1.648000e-03 3.277760e-01
305 6.703040e-01 1.652000e-03 3.280440e-01
306 6.699800e-01 1.732000e-03 3.282880e-01
307 6.696400e-01 1.756000e-03 3.286040e-01
308 6.692840e-01 1.848000e-03 3.288680e-01
309 6.689880e-01 1.824000e-03 3.291880e-01
310 6.687440e-01 1.768000e-03 3.294880e-01
311 6.684440e-01 1.800000e-03 3.297560e-01
312 6.681880e-01 1.744000e-03 3.300680e-01
313 6.679720e-01 1.632000e-03 3.303960e-01
314 6.676840e-01 1.616000e-03 3.307000e-01
315 6.674160e-01 1.632000e-03 3.309520e-01
316 6.671880e-01 1.648000e-03 3.311640e-01
317 6.669920e-01 1.592000e-03 3.314160e-01
318 6.667560e-01 1.544000e-03 3.317000e-01
319 6.665160e-01 1.516000e-03 3.319680e-01
320 6.662920e-01 1.508000e-03 3.322000e-01
321 6.660320e-01 1.524000e-03 3.324440e-01
322 6.657880e-01 1.528000e-03 3.326840e-01
323 6.655600e-01 1.536000e-03 3.329040e-01
324 6.653040e-01 1.528000e-03 3.331680e-01
325 6.650440e-01 1.552000e-03 3.334040e-01
326 6.647680e-01 1.584000e-03 3.336480e-01
327 6.644520e-01 1.616000e-03 3.339320e-01
328 6.641840e-01 1.600000e-03 3.342160e-01
329 6.639240e-01 1.624000e-03 3.344520e-01
330 6.636680e-01 1.592000e-03 3.347400e-01
331 6.633680e-01 1.632000e-03 3.350000e-01
332 6.631360e-01 1.548000e-03 3.353160e-01
333 6.628800e-01 1.524000e-03 3.355960e-01
334 6.625360e-01 1.600000e-03 3.358640e-01
335 6.622640e-01 1.668000e-03 3.360680e-01
336 6.619680e-01 1.692000e-03 3.363400e-01
337 6.616360e-01 1.684000e-03 3.366800e-01
338 6.613720e-01 1.684000e-03 3.369440e-01
339 6.610960e-01 1.680000e-03 3.372240e-01
340 6.608720e-01 1.564000e-03 3.375640e-01
341 6.606760e-01 1.580000e-03 3.377440e-01
342 6.605040e-01 1.456000e-03 3.380400e-01
343 6.602880e-01 1.444000e-03 3.382680e-01
344 6.600760e-01 1.416000e-03 3.385080e-01
345 6.598720e-01 1.384000e-03 3.387440e-01
346 6.597120e-01 1.336000e-03 3.389520e-01
347 6.594920e-01 1.356000e-03 3.391520e-01
348 6.593400e-01 1.260000e-03 3.394000e-01
349 6.591520e-01 1.192000e-03 3.396560e-01
350 6.589560e-01 1.160000e-03 3.398840e-01
351 6.587800e-01 1.160000e-03 3.400600e-01
352 6.585920e-01 1.124000e-03 3.402840e-01
353 6.584280e-01 1.072000e-03 3.405000e-01
354 6.583040e-01 1.020000e-03 3.406760e-01
355 6.581320e-01 1.016000e-03 3.408520e-01
356 6.579480e-01 1.024000e-03 3.410280e-01
357 6.577880e-01 9.840000e-04 3.412280e-01
358 6.576760e-01 9.440000e-04 3.413800e-01
359 6.575840e-01 8.360000e-04 3.415800e-01
360 6.574640e-01 8.080000e-04 3.417280e-01
361 6.573240e-01 7.960000e-04 3.418800e-01
362 6.571840e-01 8.280000e-04 3.419880e-01
363 6.570160e-01 8.400000e-04 3.421440e-01
364 6.568440e-01 8.360000e-04 3.423200e-01
365 6.566680e-01 8.320000e-04 3.425000e-01
366 6.565000e-01 8.280000e-04 3.426720e-01
367 6.563320e-01 8.280000e-04 3.428400e-01
368 6.561840e-01 8.280000e-04 3.429880e-01
369 6.560440e-01 8.200000e-04 3.431360e-01
370 6.558960e-01 8.240000e-04 3.432800e-01
371 6.557040e-01 8.640000e-04 3.434320e-01
372 6.555160e-01 9.080000e-04 3.435760e-01
373 6.553120e-01 9.160000e-04 3.437720e-01
374 6.551600e-01 9.160000e-04 3.439240e-01
375 6.550160e-01 9.080000e-04 3.440760e-01
376 6.548760e-01 9.000000e-04 3.442240e-01
377 6.547240e-01 9.360000e-04 3.443400e-01
378 6.545800e-01 8.800000e-04 3.445400e-01
379 6.544240e-01 8.720000e-04 3.447040e-01
380 6.542880e-01 8.280000e-04 3.448840e-01
381 6.541640e-01 7.640000e-04 3.450720e-01
382 6.540120e-01 8.000000e-04 3.451880e-01
383 6.538720e-01 7.800000e-04 3.453480e-01
384 6.536960e-01 7.920000e-04 3.455120e-01
385 6.535560e-01 7.760000e-04 3.456680e-01
386 6.534760e-01 7.520000e-04 3.457720e-01
387 6.533040e-01 8.000000e-04 3.458960e-01
388 6.531280e-01 8.400000e-04 3.460320e-01
389 6.530000e-01 8.000000e-04 3.462000e-01
390 6.528680e-01 8.000000e-04 3.463320e-01
391 6.527640e-01 7.400000e-04 3.464960e-01
392 6.526600e-01 7.000000e-04 3.466400e-01
393 6.525280e-01 7.120000e-04 3.467600e-01
394 6.524360e-01 6.800000e-04 3.468840e-01
395 6.523440e-01 6.480000e-04 3.470080e-01
396 6.522400e-01 6.320000e-04 3.471280e-01
397 6.521040e-01 6.960000e-04 3.472000e-01
398 6.520000e-01 7.000000e-04 3.473000e-01
399 6.518760e-01 7.280000e-04 3.473960e-01
400 6.517960e-01 6.720000e-04 3.475320e-01
401 6.516880e-01 6.560000e-04 3.476560e-01
402 6.515760e-01 6.800000e-04 3.477440e-01
403 6.514200e-01 7.160000e-04 3.478640e-01
404 6.512720e-01 7.320000e-04 3.479960e-01
405 6.511120e-01 7.480000e-04 3.481400e-01
406 6.509760e-01 7.320000e-04 3.482920e-01
407 6.508440e-01 7.440000e-04 3.484120e-01
408 6.506600e-01 7.920000e-04 3.485480e-01
409 6.505720e-01 6.800000e-04 3.487480e-01
410 6.504680e-01 6.520000e-04 3.488800e-01
411 6.503320e-01 6.920000e-04 3.489760e-01
412 6.502280e-01 6.760000e-04 3.490960e-01
413 6.501200e-01 7.040000e-04 3.491760e-01
414 6.499920e-01 7.200000e-04 3.492880e-01
415 6.498640e-01 7.120000e-04 3.494240e-01
416 6.497520e-01 7.040000e-04 3.495440e-01
417 6.496280e-01 6.920000e-04 3.496800e-01
418 6.495000e-01 7.160000e-04 3.497840e-01
419 6.494040e-01 6.880000e-04 3.499080e-01
420 6.493040e-01 6.640000e-04 3.500320e-01
421 6.492280e-01 6.360000e-04 3.501360e-01
422 6.491640e-01 5.720000e-04 3.502640e-01
423 6.490720e-01 5.560000e-04 3.503720e-01
424 6.489520e-01 5.760000e-04 3.504720e-01
425 6.488520e-01 5.880000e-04 3.505600e-01
426 6.487800e-01 5.520000e-04 3.506680e-01
427 6.486840e-01 5.600000e-04 3.507560e-01
428 6.485760e-01 5.760000e-04 3.508480e-01
429 6.484880e-01 5.600000e-04 3.509520e-01
430 6.483880e-01 5.520000e-04 3.510600e-01
431 6.483240e-01 5.080000e-04 3.511680e-01
432 6.482320e-01 4.640000e-04 3.513040e-01
433 6.481640e-01 4.600000e-04 3.513760e-01
434 6.481080e-01 4.240000e-04 3.514680e-01
435 6.480240e-01 4.440000e-04 3.515320e-01
436 6.479560e-01 4.200000e-04 3.516240e-01
437 6.478680e-01 4.400000e-04 3.516920e-01
438 6.477960e-01 4.080000e-04 3.517960e-01
439 6.477240e-01 4.360000e-04 3.518400e-01
440 6.476400e-01 4.480000e-04 3.519120e-01
441 6.475360e-01 4.600000e-04 3.520040e-01
442 6.474800e-01 4.440000e-04 3.520760e-01
443 6.473920e-01 4.880000e-04 3.521200e-01
444 6.473240e-01 4.880000e-04 3.521880e-01
445 6.472400e-01 4.640000e-04 3.522960e-01
446 6.471720e-01 4.560000e-04 3.523720e-01
447 6.470720e-01 4.680000e-04 3.524600e-01
448 6.470040e-01 4.400000e-04 3.525560e-01
449 6.469200e-01 4.360000e-04 3.526440e-01
450 6.468400e-01 4.320000e-04 3.527280e-01
451 6.467680e-01 4.200000e-04 3.528120e-01
452 6.466800e-01 4.200000e-04 3.529000e-01
453 6.466000e-01 4.560000e-04 3.529440e-01
454 6.465080e-01 4.680000e-04 3.530240e-01
455 6.464360e-01 4.320000e-04 3.531320e-01
456 6.463760e-01 4.120000e-04 3.532120e-01
457 6.463040e-01 3.640000e-04 3.533320e-01
458 6.462520e-01 3.440000e-04 3.534040e-01
459 6.462120e-01 3.360000e-04 3.534520e-01
460 6.461680e-01 3.240000e-04 3.535080e-01
461 6.461320e-01 3.200000e-04 3.535480e-01
462 6.461000e-01 2.840000e-04 3.536160e-01
463 6.460520e-01 2.840000e-04 3.536640e-01
464 6.460040e-01 3.000000e-04 3.536960e-01
465 6.459720e-01 2.800000e-04 3.537480e-01
466 6.459320e-01 2.840000e-04 3.537840e-01
467 6.459200e-01 2.240000e-04 3.538560e-01
468 6.459080e-01 1.920000e-04 3.539000e-01
469 6.459000e-01 1.760000e-04 3.539240e-01
470 6.458840e-01 1.720000e-04 3.539440e-01
471 6.458640e-01 1.600000e-04 3.539760e-01
472 6.458480e-01 1.320000e-04 3.540200e-01
473 6.458320e-01 1.200000e-04 3.540480e-01
474 6.458120e-01 1.120000e-04 3.540760e-01
475 6.458040e-01 9.200000e-05 3.541040e-01
476 6.458000e-01 7.200000e-05 3.541280e-01
477 6.457920e-01 7.200000e-05 3.541360e-01
478 6.457840e-01 6.800000e-05 3.541480e-01
479 6.457720e-01 6.000000e-05 3.541680e-01
480 6.457640e-01 5.200000e-05 3.541840e-01
481 6.457560e-01 4.800000e-05 3.541960e-01
482 6.457560e-01 4.800000e-05 3.541960e-01
483 6.457400e-01 4.400000e-05 3.542160e-01
484 6.457400e-01 4.400000e-05 3.542160e-01
485 6.457400e-01 3.200000e-05 3.542280e-01
486 6.457400e-01 2.000000e-05 3.542400e-01
487 6.457400e-01 1.600000e-05 3.542440e-01
488 6.457400e-01 8.000000e-06 3.542520e-01
489 6.457400e-01 4.000000e-06 3.542560e-01
490 6.457400e-01 4.000000e-06 3.542560e-01
491 6.457400e-01 4.000000e-06 3.542560e-01
492 6.457400e-01 4.000000e-06 3.542560e-01
493 6.457400e-01 4.000000e-06 3.542560e-01
494 6.457400e-01 4.000000e-06 3.542560e-01
495 6.457400e-01 0.000000e+00 3.542600e-01
496 6.457400e-01 0.000000e+00 3.542600e-01
497 6.457400e-01 0.000000e+00 3.542600e-01
498 6.457400e-01 0.000000e+00 3.542600e-01
499 6.457400e-01 0.000000e+00 3.542600e-01
500 6.457400e-01 0.000000e+00 3.542600e-01
