1 9.992440e-01 6.320000e-04 1.240000e-04
2 9.986720e-01 1.080000e-03 2.480000e-04
3 9.979520e-01 1.636000e-03 4.120000e-04
4 9.971400e-01 2.088000e-03 7.720000e-04
5 9.962760e-01 2.520000e-03 1.204000e-03
6 9.953880e-01 2.920000e-03 1.692000e-03
7 9.945520e-01 3.188000e-03 2.260000e-03
8 9.936360e-01 3.512000e-03 2.852000e-03
9 9.927600e-01 3.680000e-03 3.560000e-03
10 9.916520e-01 4.200000e-03 4.148000e-03
11 9.906240e-01 4.448000e-03 4.928000e-03
12 9.894720e-01 4.800000e-03 5.728000e-03
13 9.883400e-01 5.060000e-03 6.600000e-03
14 9.872520e-01 5.212000e-03 7.536000e-03
15 9.861480e-01 5.412000e-03 8.440000e-03
16 9.850000e-01 5.544000e-03 9.456000e-03
17 9.837840e-01 5.676000e-03 1.054000e-02
18 9.824600e-01 5.968000e-03 1.157200e-02
19 9.813320e-01 6.020000e-03 1.264800e-02
20 9.800720e-01 6.200000e-03 1.372800e-02
21 9.787960e-01 6.456000e-03 1.474800e-02
22 9.775840e-01 6.408000e-03 1.600800e-02
23 9.763440e-01 6.612000e-03 1.704400e-02
24 9.750920e-01 6.716000e-03 1.819200e-02
25 9.737120e-01 6.948000e-03 1.934000e-02
26 9.724120e-01 7.104000e-03 2.048400e-02
27 9.710360e-01 7.324000e-03 2.164000e-02
28 9.697160e-01 7.264000e-03 2.302000e-02
29 9.684240e-01 7.244000e-03 2.433200e-02
30 9.670440e-01 7.436000e-03 2.552000e-02
31 9.657360e-01 7.384000e-03 2.688000e-02
32 9.645120e-01 7.308000e-03 2.818000e-02
33 9.632880e-01 7.152000e-03 2.956000e-02
34 9.619200e-01 7.244000e-03 3.083600e-02
35 9.605560e-01 7.344000e-03 3.210000e-02
36 9.592240e-01 7.264000e-03 3.351200e-02
37 9.577800e-01 7.324000e-03 3.489600e-02
38 9.562560e-01 7.492000e-03 3.625200e-02
39 9.549160e-01 7.556000e-03 3.752800e-02
40 9.534840e-01 7.532000e-03 3.898400e-02
41 9.521840e-01 7.460000e-03 4.035600e-02
42 9.506920e-01 7.736000e-03 4.157200e-02
43 9.492360e-01 7.912000e-03 4.285200e-02
44 9.478320e-01 8.060000e-03 4.410800e-02
45 9.463720e-01 8.112000e-03 4.551600e-02
46 9.446720e-01 8.292000e-03 4.703600e-02
47 9.431920e-01 8.236000e-03 4.857200e-02
48 9.418000e-01 8.188000e-03 5.001200e-02
49 9.404360e-01 8.220000e-03 5.134400e-02
50 9.388680e-01 8.224000e-03 5.290800e-02
51 9.374320e-01 8.312000e-03 5.425600e-02
52 9.361320e-01 8.236000e-03 5.563200e-02
53 9.345800e-01 8.456000e-03 5.696400e-02
54 9.332160e-01 8.372000e-03 5.841200e-02
55 9.316720e-01 8.408000e-03 5.992000e-02
56 9.303400e-01 8.288000e-03 6.137200e-02
57 9.289760e-01 8.244000e-03 6.278000e-02
58 9.275280e-01 8.264000e-03 6.420800e-02
59 9.260600e-01 8.324000e-03 6.561600e-02
60 9.245280e-01 8.424000e-03 6.704800e-02
61 9.232120e-01 8.212000e-03 6.857600e-02
62 9.217920e-01 8.120000e-03 7.008800e-02
63 9.203480e-01 8.100000e-03 7.155200e-02
64 9.191040e-01 7.904000e-03 7.299200e-02
65 9.177360e-01 8.008000e-03 7.425600e-02
66 9.163760e-01 7.948000e-03 7.567600e-02
67 9.149800e-01 7.912000e-03 7.710800e-02
68 9.136160e-01 7.852000e-03 7.853200e-02
69 9.121360e-01 7.980000e-03 7.988400e-02
70 9.108080e-01 7.920000e-03 8.127200e-02
71 9.093480e-01 8.032000e-03 8.262000e-02
72 9.077880e-01 8.216000e-03 8.399600e-02
73 9.063360e-01 8.268000e-03 8.539600e-02
74 9.047720e-01 8.484000e-03 8.674400e-02
75 9.033800e-01 8.380000e-03 8.824000e-02
76 9.020440e-01 8.176000e-03 8.978000e-02
77 9.005960e-01 8.156000e-03 9.124800e-02
78 8.992000e-01 8.076000e-03 9.272400e-02
79 8.979280e-01 7.968000e-03 9.410400e-02
80 8.964920e-01 7.944000e-03 9.556400e-02
81 8.951560e-01 7.868000e-03 9.697600e-02
82 8.938600e-01 7.768000e-03 9.837200e-02
83 8.925440e-01 7.688000e-03 9.976800e-02
84 8.910960e-01 7.828000e-03 1.010760e-01
85 8.895560e-01 8.016000e-03 1.024280e-01
86 8.879240e-01 8.300000e-03 1.037760e-01
87 8.864240e-01 8.364000e-03 1.052120e-01
88 8.850680e-01 8.236000e-03 1.066960e-01
89 8.837320e-01 8.224000e-03 1.080440e-01
90 8.822720e-01 8.180000e-03 1.095480e-01
91 8.809200e-01 8.020000e-03 1.110600e-01
92 8.794320e-01 8.112000e-03 1.124560e-01
93 8.779240e-01 8.356000e-03 1.137200e-01
94 8.764160e-01 8.396000e-03 1.151880e-01
95 8.747200e-01 8.704000e-03 1.165760e-01
96 8.732080e-01 8.700000e-03 1.180920e-01
97 8.717200e-01 8.748000e-03 1.195320e-01
98 8.701400e-01 8.784000e-03 1.210760e-01
99 8.685480e-01 8.956000e-03 1.224960e-01
100 8.670040e-01 8.944000e-03 1.240520e-01
101 8.654640e-01 8.924000e-03 1.256120e-01
102 8.638520e-01 9.008000e-03 1.271400e-01
103 8.621880e-01 9.168000e-03 1.286440e-01
104 8.605880e-01 9.064000e-03 1.303480e-01
105 8.590680e-01 9.012000e-03 1.319200e-01
106 8.572880e-01 9.260000e-03 1.334520e-01
107 8.557880e-01 9.196000e-03 1.350160e-01
108 8.545040e-01 8.776000e-03 1.367200e-01
109 8.530120e-01 8.804000e-03 1.381840e-01
110 8.514400e-01 8.864000e-03 1.396960e-01
111 8.499360e-01 8.840000e-03 1.412240e-01
112 8.485800e-01 8.616000e-03 1.428040e-01
113 8.470680e-01 8.620000e-03 1.443120e-01
114 8.456440e-01 8.584000e-03 1.457720e-01
115 8.441480e-01 8.660000e-03 1.471920e-01
116 8.428880e-01 8.416000e-03 1.486960e-01
117 8.413320e-01 8.564000e-03 1.501040e-01
118 8.399080e-01 8.624000e-03 1.514680e-01
119 8.384440e-01 8.684000e-03 1.528720e-01
120 8.369760e-01 8.704000e-03 1.543200e-01
121 8.356440e-01 8.400000e-03 1.559560e-01
122 8.342440e-01 8.268000e-03 1.574880e-01
123 8.328480e-01 8.296000e-03 1.588560e-01
124 8.312480e-01 8.484000e-03 1.602680e-01
125 8.298400e-01 8.476000e-03 1.616840e-01
126 8.284560e-01 8.412000e-03 1.631320e-01
127 8.270680e-01 8.232000e-03 1.647000e-01
128 8.254560e-01 8.292000e-03 1.662520e-01
129 8.240120e-01 8.276000e-03 1.677120e-01
130 8.227400e-01 8.240000e-03 1.690200e-01
131 8.212480e-01 8.192000e-03 1.705600e-01
132 8.196920e-01 8.256000e-03 1.720520e-01
133 8.182480e-01 8.288000e-03 1.734640e-01
134 8.168080e-01 8.356000e-03 1.748360e-01
135 8.153320e-01 8.416000e-03 1.762520e-01
136 8.137640e-01 8.600000e-03 1.776360e-01
137 8.123520e-01 8.496000e-03 1.791520e-01
138 8.108320e-01 8.408000e-03 1.807600e-01
139 8.091560e-01 8.592000e-03 1.822520e-01
140 8.074680e-01 8.940000e-03 1.835920e-01
141 8.058880e-01 8.988000e-03 1.851240e-01
142 8.043600e-01 9.004000e-03 1.866360e-01
143 8.028920e-01 8.840000e-03 1.882680e-01
144 8.012640e-01 8.952000e-03 1.897840e-01
145 7.996840e-01 8.888000e-03 1.914280e-01
146 7.981200e-01 8.840000e-03 1.930400e-01
147 7.963560e-01 9.048000e-03 1.945960e-01
148 7.948440e-01 8.952000e-03 1.962040e-01
149 7.931720e-01 9.124000e-03 1.977040e-01
150 7.915320e-01 9.232000e-03 1.992360e-01
151 7.898800e-01 9.316000e-03 2.008040e-01
152 7.882600e-01 9.316000e-03 2.024240e-01
153 7.867280e-01 9.240000e-03 2.040320e-01
154 7.851480e-01 9.388000e-03 2.054640e-01
155 7.836080e-01 9.292000e-03 2.071000e-01
156 7.819080e-01 9.404000e-03 2.086880e-01
157 7.802720e-01 9.420000e-03 2.103080e-01
158 7.786560e-01 9.392000e-03 2.119520e-01
159 7.770480e-01 9.344000e-03 2.136080e-01
160 7.755040e-01 9.336000e-03 2.151600e-01
161 7.740400e-01 9.036000e-03 2.169240e-01
162 7.726360e-01 8.860000e-03 2.185040e-01
163 7.710720e-01 8.948000e-03 2.199800e-01
164 7.695360e-01 8.920000e-03 2.215440e-01
165 7.681040e-01 8.720000e-03 2.231760e-01
166 7.666040e-01 8.876000e-03 2.245200e-01
167 7.652280e-01 8.756000e-03 2.260160e-01
168 7.636760e-01 8.772000e-03 2.275520e-01
169 7.620960e-01 8.872000e-03 2.290320e-01
170 7.603960e-01 9.020000e-03 2.305840e-01
171 7.588640e-01 8.940000e-03 2.321960e-01
172 7.573200e-01 8.928000e-03 2.337520e-01
173 7.557920e-01 9.004000e-03 2.352040e-01
174 7.545520e-01 8.628000e-03 2.368200e-01
175 7.532600e-01 8.488000e-03 2.382520e-01
176 7.519000e-01 8.316000e-03 2.397840e-01
177 7.506160e-01 8.292000e-03 2.410920e-01
178 7.491360e-01 8.280000e-03 2.425840e-01
179 7.477680e-01 8.172000e-03 2.440600e-01
180 7.465280e-01 7.968000e-03 2.455040e-01
181 7.453760e-01 7.680000e-03 2.469440e-01
182 7.440480e-01 7.644000e-03 2.483080e-01
183 7.428320e-01 7.636000e-03 2.495320e-01
184 7.415920e-01 7.492000e-03 2.509160e-01
185 7.404240e-01 7.408000e-03 2.521680e-01
186 7.390920e-01 7.388000e-03 2.535200e-01
187 7.377960e-01 7.360000e-03 2.548440e-01
188 7.365840e-01 7.224000e-03 2.561920e-01
189 7.353520e-01 7.200000e-03 2.574480e-01
190 7.342120e-01 7.100000e-03 2.586880e-01
191 7.330640e-01 7.036000e-03 2.599000e-01
192 7.319240e-01 6.976000e-03 2.611000e-01
193 7.309800e-01 6.668000e-03 2.623520e-01
194 7.297760e-01 6.808000e-03 2.634160e-01
195 7.285880e-01 6.808000e-03 2.646040e-01
196 7.274640e-01 6.852000e-03 2.656840e-01
197 7.261480e-01 7.048000e-03 2.668040e-01
198 7.248720e-01 7.152000e-03 2.679760e-01
199 7.236200e-01 7.116000e-03 2.692640e-01
200 7.223280e-01 7.252000e-03 2.704200e-01
201 7.212080e-01 7.140000e-03 2.716520e-01
202 7.201000e-01 7.100000e-03 2.728000e-01
203 7.190600e-01 6.992000e-03 2.739480e-01
204 7.178560e-01 6.976000e-03 2.751680e-01
205 7.167320e-01 6.860000e-03 2.764080e-01
206 7.156000e-01 6.780000e-03 2.776200e-01
207 7.143800e-01 6.884000e-03 2.787360e-01
208 7.132840e-01 6.856000e-03 2.798600e-01
209 7.121120e-01 6.812000e-03 2.810760e-01
210 7.110520e-01 6.752000e-03 2.821960e-01
211 7.099160e-01 6.716000e-03 2.833680e-01
212 7.088560e-01 6.672000e-03 2.844720e-01
213 7.078440e-01 6.504000e-03 2.856520e-01
214 7.067240e-01 6.504000e-03 2.867720e-01
215 7.056560e-01 6.448000e-03 2.878960e-01
216 7.044400e-01 6.500000e-03 2.890600e-01
217 7.032600e-01 6.580000e-03 2.901600e-01
218 7.020040e-01 6.700000e-03 2.912960e-01
219 7.009000e-01 6.680000e-03 2.924200e-01
220 6.996720e-01 6.708000e-03 2.936200e-01
221 6.986400e-01 6.432000e-03 2.949280e-01
222 6.975640e-01 6.488000e-03 2.959480e-01
223 6.966360e-01 6.384000e-03 2.969800e-01
224 6.956040e-01 6.252000e-03 2.981440e-01
225 6.946440e-01 6.220000e-03 2.991360e-01
226 6.937640e-01 5.944000e-03 3.002920e-01
227 6.929000e-01 5.772000e-03 3.013280e-01
228 6.920400e-01 5.644000e-03 3.023160e-01
229 6.911160e-01 5.564000e-03 3.033200e-01
230 6.902040e-01 5.428000e-03 3.043680e-01
231 6.894040e-01 5.216000e-03 3.053800e-01
232 6.884560e-01 5.264000e-03 3.062800e-01
233 6.875480e-01 5.184000e-03 3.072680e-01
234 6.868600e-01 4.976000e-03 3.081640e-01
235 6.860080e-01 4.968000e-03 3.090240e-01
236 6.850800e-01 5.052000e-03 3.098680e-01
237 6.842000e-01 5.184000e-03 3.106160e-01
238 6.833240e-01 5.100000e-03 3.115760e-01
239 6.824680e-01 5.080000e-03 3.124520e-01
240 6.815840e-01 5.140000e-03 3.132760e-01
241 6.807720e-01 5.128000e-03 3.141000e-01
242 6.798800e-01 5.120000e-03 3.150000e-01
243 6.789680e-01 5.204000e-03 3.158280e-01
244 6.780640e-01 5.240000e-03 3.166960e-01
245 6.773520e-01 4.944000e-03 3.177040e-01
246 6.764520e-01 4.920000e-03 3.186280e-01
247 6.757720e-01 4.856000e-03 3.193720e-01
248 6.749680e-01 4.744000e-03 3.202880e-01
249 6.741960e-01 4.680000e-03 3.211240e-01
250 6.733840e-01 4.736000e-03 3.218800e-01
251 6.726280e-01 4.632000e-03 3.227400e-01
252 6.717480e-01 4.636000e-03 3.236160e-01
253 6.708680e-01 4.708000e-03 3.244240e-01
254 6.700760e-01 4.592000e-03 3.253320e-01
255 6.692840e-01 4.464000e-03 3.262520e-01
256 6.683880e-01 4.540000e-03 3.270720e-01
257 6.675160e-01 4.612000e-03 3.278720e-01
258 6.667520e-01 4.668000e-03 3.285800e-01
259 6.660120e-01 4.680000e-03 3.293080e-01
260 6.652200e-01 4.668000e-03 3.301120e-01
261 6.644240e-01 4.600000e-03 3.309760e-01
262 6.636000e-01 4.532000e-03 3.318680e-01
263 6.627960e-01 4.532000e-03 3.326720e-01
264 6.620760e-01 4.536000e-03 3.333880e-01
265 6.612880e-01 4.452000e-03 3.342600e-01
266 6.605680e-01 4.400000e-03 3.350320e-01
267 6.598480e-01 4.344000e-03 3.358080e-01
268 6.591720e-01 4.176000e-03 3.366520e-01
269 6.585120e-01 4.168000e-03 3.373200e-01
270 6.578240e-01 4.064000e-03 3.381120e-01
271 6.570400e-01 4.112000e-03 3.388480e-01
272 6.563240e-01 4.040000e-03 3.396360e-01
273 6.555840e-01 4.064000e-03 3.403520e-01
274 6.549200e-01 4.040000e-03 3.410400e-01
275 6.542760e-01 3.952000e-03 3.417720e-01
276 6.537520e-01 3.792000e-03 3.424560e-01
277 6.530720e-01 3.864000e-03 3.430640e-01
278 6.524600e-01 3.748000e-03 3.437920e-01
279 6.518400e-01 3.744000e-03 3.444160e-01
280 6.513200e-01 3.576000e-03 3.451040e-01
281 6.506680e-01 3.716000e-03 3.456160e-01
282 6.500800e-01 3.728000e-03 3.461920e-01
283 6.494560e-01 3.636000e-03 3.469080e-01
284 6.487680e-01 3.688000e-03 3.475440e-01
285 6.481000e-01 3.708000e-03 3.481920e-01
286 6.474800e-01 3.696000e-03 3.488240e-01
287 6.468600e-01 3.692000e-03 3.494480e-01
288 6.462160e-01 3.720000e-03 3.500640e-01
289 6.456240e-01 3.620000e-03 3.507560e-01
290 6.450960e-01 3.540000e-03 3.513640e-01
291 6.444320e-01 3.660000e-03 3.519080e-01
292 6.438440e-01 3.572000e-03 3.525840e-01
293 6.432720e-01 3.588000e-03 3.531400e-01
294 6.426440e-01 3.568000e-03 3.537880e-01
295 6.420200e-01 3.540000e-03 3.544400e-01
296 6.414520e-01 3.528000e-03 3.550200e-01
297 6.408760e-01 3.528000e-03 3.555960e-01
298 6.404040e-01 3.432000e-03 3.561640e-01
299 6.398200e-01 3.368000e-03 3.568120e-01
300 6.392760e-01 3.280000e-03 3.574440e-01
301 6.388120e-01 3.232000e-03 3.579560e-01
302 6.383960e-01 3.036000e-03 3.585680e-01
303 6.380280e-01 2.856000e-03 3.591160e-01
304 6.375880e-01 2.800000e-03 3.596120e-01
305 6.371000e-01 2.852000e-03 3.600480e-01
306 6.365760e-01 2.872000e-03 3.605520e-01
307 6.360680e-01 2.888000e-03 3.610440e-01
308 6.355320e-01 2.872000e-03 3.615960e-01
309 6.350680e-01 2.824000e-03 3.621080e-01
310 6.345800e-01 2.856000e-03 3.625640e-01
311 6.341920e-01 2.756000e-03 3.630520e-01
312 6.337120e-01 2.740000e-03 3.635480e-01
313 6.333080e-01 2.732000e-03 3.639600e-01
314 6.328960e-01 2.760000e-03 3.643440e-01
315 6.324920e-01 2.756000e-03 3.647520e-01
316 6.320680e-01 2.736000e-03 3.651960e-01
317 6.316200e-01 2.652000e-03 3.657280e-01
318 6.311680e-01 2.560000e-03 3.662720e-01
319 6.307840e-01 2.500000e-03 3.667160e-01
320 6.303840e-01 2.488000e-03 3.671280e-01
321 6.299160e-01 2.608000e-03 3.674760e-01
322 6.293800e-01 2.624000e-03 3.679960e-01
323 6.290080e-01 2.556000e-03 3.684360e-01
324 6.285840e-01 2.528000e-03 3.688880e-01
325 6.282160e-01 2.428000e-03 3.693560e-01
326 6.278080e-01 2.432000e-03 3.697600e-01
327 6.274760e-01 2.388000e-03 3.701360e-01
328 6.270920e-01 2.332000e-03 3.705760e-01
329 6.267840e-01 2.192000e-03 3.710240e-01
330 6.264920e-01 2.064000e-03 3.714440e-01
331 6.261960e-01 2.000000e-03 3.718040e-01
332 6.258720e-01 2.000000e-03 3.721280e-01
333 6.256200e-01 1.936000e-03 3.724440e-01
334 6.253800e-01 1.908000e-03 3.727120e-01
335 6.251800e-01 1.804000e-03 3.730160e-01
336 6.249120e-01 1.808000e-03 3.732800e-01
337 6.246840e-01 1.760000e-03 3.735560e-01
338 6.244840e-01 1.672000e-03 3.738440e-01
339 6.243160e-01 1.564000e-03 3.741200e-01
340 6.241200e-01 1.464000e-03 3.744160e-01
341 6.239480e-01 1.356000e-03 3.746960e-01
342 6.237040e-01 1.288000e-03 3.750080e-01
343 6.235200e-01 1.236000e-03 3.752440e-01
344 6.233240e-01 1.240000e-03 3.754360e-01
345 6.231520e-01 1.184000e-03 3.756640e-01
346 6.229560e-01 1.172000e-03 3.758720e-01
347 6.226560e-01 1.288000e-03 3.760560e-01
348 6.223920e-01 1.328000e-03 3.762800e-01
349 6.221400e-01 1.372000e-03 3.764880e-01
350 6.219520e-01 1.284000e-03 3.767640e-01
351 6.217440e-01 1.240000e-03 3.770160e-01
352 6.215040e-01 1.276000e-03 3.772200e-01
353 6.213120e-01 1.260000e-03 3.774280e-01
354 6.210760e-01 1.320000e-03 3.776040e-01
355 6.208680e-01 1.308000e-03 3.778240e-01
356 6.206360e-01 1.372000e-03 3.779920e-01
357 6.204280e-01 1.336000e-03 3.782360e-01
358 6.202080e-01 1.380000e-03 3.784120e-01
359 6.200080e-01 1.328000e-03 3.786640e-01
360 6.197800e-01 1.336000e-03 3.788840e-01
361 6.195400e-01 1.376000e-03 3.790840e-01
362 6.192720e-01 1.408000e-03 3.793200e-01
363 6.190560e-01 1.400000e-03 3.795440e-01
364 6.188640e-01 1.372000e-03 3.797640e-01
365 6.186680e-01 1.320000e-03 3.800120e-01
366 6.185120e-01 1.224000e-03 3.802640e-01
367 6.183400e-01 1.132000e-03 3.805280e-01
368 6.181280e-01 1.140000e-03 3.807320e-01
369 6.180040e-01 1.072000e-03 3.809240e-01
370 6.178120e-01 1.104000e-03 3.810840e-01
371 6.176640e-01 1.048000e-03 3.812880e-01
372 6.175320e-01 9.720000e-04 3.814960e-01
373 6.174160e-01 9.280000e-04 3.816560e-01
374 6.173000e-01 8.840000e-04 3.818160e-01
375 6.171800e-01 8.480000e-04 3.819720e-01
376 6.170400e-01 8.640000e-04 3.820960e-01
377 6.168840e-01 8.680000e-04 3.822480e-01
378 6.167720e-01 8.400000e-04 3.823880e-01
379 6.166400e-01 8.240000e-04 3.825360e-01
380 6.165560e-01 7.560000e-04 3.826880e-01
381 6.164520e-01 7.240000e-04 3.828240e-01
382 6.163440e-01 7.200000e-04 3.829360e-01
383 6.162960e-01 6.600000e-04 3.830440e-01
384 6.162000e-01 6.600000e-04 3.831400e-01
385 6.161200e-01 6.400000e-04 3.832400e-01
386 6.160320e-01 5.920000e-04 3.833760e-01
387 6.159720e-01 5.680000e-04 3.834600e-01
388 6.158240e-01 6.320000e-04 3.835440e-01
389 6.157240e-01 6.120000e-04 3.836640e-01
390 6.156160e-01 6.440000e-04 3.837400e-01
391 6.155200e-01 5.880000e-04 3.838920e-01
392 6.154240e-01 5.880000e-04 3.839880e-01
393 6.153520e-01 5.400000e-04 3.841080e-01
394 6.152560e-01 5.640000e-04 3.841800e-01
395 6.151800e-01 5.400000e-04 3.842800e-01
396 6.150880e-01 5.480000e-04 3.843640e-01
397 6.150320e-01 5.000000e-04 3.844680e-01
398 6.149440e-01 5.080000e-04 3.845480e-01
399 6.148360e-01 5.680000e-04 3.845960e-01
400 6.147000e-01 5.880000e-04 3.847120e-01
401 6.145720e-01 6.280000e-04 3.848000e-01
402 6.144800e-01 6.240000e-04 3.848960e-01
403 6.143800e-01 5.960000e-04 3.850240e-01
404 6.143120e-01 5.400000e-04 3.851480e-01
405 6.142160e-01 5.680000e-04 3.852160e-01
406 6.141360e-01 5.480000e-04 3.853160e-01
407 6.140320e-01 5.480000e-04 3.854200e-01
408 6.139640e-01 5.360000e-04 3.855000e-01
409 6.138400e-01 5.680000e-04 3.855920e-01
410 6.137640e-01 5.160000e-04 3.857200e-01
411 6.137360e-01 4.680000e-04 3.857960e-01
412 6.136480e-01 4.640000e-04 3.858880e-01
413 6.135800e-01 4.560000e-04 3.859640e-01
414 6.135200e-01 4.040000e-04 3.860760e-01
415 6.134640e-01 3.960000e-04 3.861400e-01
416 6.134000e-01 4.000000e-04 3.862000e-01
417 6.133080e-01 4.320000e-04 3.862600e-01
418 6.132120e-01 4.840000e-04 3.863040e-01
419 6.131040e-01 5.160000e-04 3.863800e-01
420 6.130120e-01 5.240000e-04 3.864640e-01
421 6.129280e-01 5.080000e-04 3.865640e-01
422 6.128280e-01 5.160000e-04 3.866560e-01
423 6.127240e-01 5.280000e-04 3.867480e-01
424 6.126520e-01 5.120000e-04 3.868360e-01
425 6.125960e-01 4.880000e-04 3.869160e-01
426 6.125080e-01 4.960000e-04 3.869960e-01
427 6.124360e-01 4.920000e-04 3.870720e-01
428 6.123440e-01 5.040000e-04 3.871520e-01
429 6.122640e-01 4.600000e-04 3.872760e-01
430 6.121720e-01 4.520000e-04 3.873760e-01
431 6.121000e-01 4.480000e-04 3.874520e-01
432 6.120440e-01 4.520000e-04 3.875040e-01
433 6.120000e-01 4.320000e-04 3.875680e-01
434 6.119320e-01 4.280000e-04 3.876400e-01
435 6.118880e-01 3.960000e-04 3.877160e-01
436 6.118360e-01 3.960000e-04 3.877680e-01
437 6.117400e-01 4.200000e-04 3.878400e-01
438 6.116760e-01 4.000000e-04 3.879240e-01
439 6.116240e-01 3.760000e-04 3.880000e-01
440 6.115560e-01 3.760000e-04 3.880680e-01
441 6.114680e-01 4.040000e-04 3.881280e-01
442 6.113840e-01 4.600000e-04 3.881560e-01
443 6.112680e-01 4.920000e-04 3.882400e-01
444 6.111720e-01 4.760000e-04 3.883520e-01
445 6.110600e-01 5.080000e-04 3.884320e-01
446 6.109800e-01 5.040000e-04 3.885160e-01
447 6.108920e-01 5.120000e-04 3.885960e-01
448 6.108080e-01 5.120000e-04 3.886800e-01
449 6.107400e-01 4.840000e-04 3.887760e-01
450 6.106280e-01 4.960000e-04 3.888760e-01
451 6.105200e-01 5.280000e-04 3.889520e-01
452 6.104320e-01 5.320000e-04 3.890360e-01
453 6.103440e-01 5.040000e-04 3.891520e-01
454 6.102760e-01 4.840000e-04 3.892400e-01
455 6.101520e-01 5.280000e-04 3.893200e-01
456 6.099960e-01 5.640000e-04 3.894400e-01
457 6.098560e-01 6.280000e-04 3.895160e-01
458 6.097160e-01 6.600000e-04 3.896240e-01
459 6.095560e-01 6.760000e-04 3.897680e-01
460 6.093600e-01 7.440000e-04 3.898960e-01
461 6.092200e-01 7.640000e-04 3.900160e-01
462 6.090880e-01 7.520000e-04 3.901600e-01
463 6.089480e-01 7.880000e-04 3.902640e-01
464 6.088240e-01 7.360000e-04 3.904400e-01
465 6.086520e-01 7.520000e-04 3.905960e-01
466 6.085520e-01 7.400000e-04 3.907080e-01
467 6.084440e-01 6.920000e-04 3.908640e-01
468 6.082920e-01 7.280000e-04 3.909800e-01
469 6.081280e-01 7.760000e-04 3.910960e-01
470 6.079920e-01 7.600000e-04 3.912480e-01
471 6.078640e-01 7.400000e-04 3.913960e-01
472 6.077160e-01 7.680000e-04 3.915160e-01
473 6.075560e-01 8.240000e-04 3.916200e-01
474 6.074160e-01 8.120000e-04 3.917720e-01
475 6.072800e-01 8.120000e-04 3.919080e-01
476 6.071360e-01 8.240000e-04 3.920400e-01
477 6.069920e-01 8.640000e-04 3.921440e-01
478 6.067600e-01 9.520000e-04 3.922880e-01
479 6.066320e-01 9.360000e-04 3.924320e-01
480 6.065000e-01 9.240000e-04 3.925760e-01
481 6.063480e-01 9.160000e-04 3.927360e-01
482 6.061920e-01 9.480000e-04 3.928600e-01
483 6.060120e-01 9.520000e-04 3.930360e-01
484 6.058920e-01 9.080000e-04 3.932000e-01
485 6.057920e-01 8.840000e-04 3.933240e-01
486 6.056720e-01 8.600000e-04 3.934680e-01
487 6.055480e-01 8.480000e-04 3.936040e-01
488 6.054480e-01 8.080000e-04 3.937440e-01
489 6.053240e-01 8.160000e-04 3.938600e-01
490 6.052280e-01 7.680000e-04 3.940040e-01
491 6.051320e-01 6.920000e-04 3.941760e-01
492 6.050480e-01 6.480000e-04 3.943040e-01
493 6.049400e-01 6.840000e-04 3.943760e-01
494 6.048440e-01 6.640000e-04 3.944920e-01
495 6.047800e-01 6.160000e-04 3.946040e-01
496 6.046720e-01 6.200000e-04 3.947080e-01
497 6.045080e-01 7.040000e-04 3.947880e-01
498 6.044000e-01 6.920000e-04 3.949080e-01
499 6.042640e-01 7.080000e-04 3.950280e-01
500 6.041720e-01 7.080000e-04 3.951200e-01
