1 9.992600e-01 6.440000e-04 9.600000e-05
2 9.988080e-01 9.680000e-04 2.240000e-04
3 9.981880e-01 1.380000e-03 4.320000e-04
4 9.974720e-01 1.804000e-03 7.240000e-04
5 9.966840e-01 2.240000e-03 1.076000e-03
6 9.958400e-01 2.652000e-03 1.508000e-03
7 9.949560e-01 3.020000e-03 2.024000e-03
8 9.939400e-01 3.456000e-03 2.604000e-03
9 9.930320e-01 3.712000e-03 3.256000e-03
10 9.921080e-01 3.916000e-03 3.976000e-03
11 9.911960e-01 4.052000e-03 4.752000e-03
12 9.902920e-01 4.232000e-03 5.476000e-03
13 9.892400e-01 4.556000e-03 6.204000e-03
14 9.881840e-01 4.680000e-03 7.136000e-03
15 9.870640e-01 5.016000e-03 7.920000e-03
16 9.859240e-01 5.280000e-03 8.796000e-03
17 9.848080e-01 5.444000e-03 9.748000e-03
18 9.837320e-01 5.584000e-03 1.068400e-02
19 9.825560e-01 5.732000e-03 1.171200e-02
20 9.813040e-01 6.004000e-03 1.269200e-02
21 9.800560e-01 6.284000e-03 1.366000e-02
22 9.786040e-01 6.620000e-03 1.477600e-02
23 9.772720e-01 6.708000e-03 1.602000e-02
24 9.759200e-01 6.860000e-03 1.722000e-02
25 9.746400e-01 6.836000e-03 1.852400e-02
26 9.731880e-01 7.072000e-03 1.974000e-02
27 9.717320e-01 7.380000e-03 2.088800e-02
28 9.701360e-01 7.668000e-03 2.219600e-02
29 9.686680e-01 7.720000e-03 2.361200e-02
30 9.669320e-01 8.152000e-03 2.491600e-02
31 9.654080e-01 8.216000e-03 2.637600e-02
32 9.637960e-01 8.344000e-03 2.786000e-02
33 9.620320e-01 8.576000e-03 2.939200e-02
34 9.603680e-01 8.804000e-03 3.082800e-02
35 9.585480e-01 8.960000e-03 3.249200e-02
36 9.567920e-01 9.088000e-03 3.412000e-02
37 9.549920e-01 9.280000e-03 3.572800e-02
38 9.532120e-01 9.320000e-03 3.746800e-02
39 9.513280e-01 9.596000e-03 3.907600e-02
40 9.492760e-01 9.952000e-03 4.077200e-02
41 9.472600e-01 1.024000e-02 4.250000e-02
42 9.452400e-01 1.059200e-02 4.416800e-02
43 9.433960e-01 1.061200e-02 4.599200e-02
44 9.414520e-01 1.073600e-02 4.781200e-02
45 9.392480e-01 1.106400e-02 4.968800e-02
46 9.373840e-01 1.097200e-02 5.164400e-02
47 9.354400e-01 1.102400e-02 5.353600e-02
48 9.334320e-01 1.112400e-02 5.544400e-02
49 9.313600e-01 1.126000e-02 5.738000e-02
50 9.293200e-01 1.121600e-02 5.946400e-02
51 9.273800e-01 1.133200e-02 6.128800e-02
52 9.255920e-01 1.114800e-02 6.326000e-02
53 9.237640e-01 1.122800e-02 6.500800e-02
54 9.219640e-01 1.103200e-02 6.700400e-02
55 9.201760e-01 1.080000e-02 6.902400e-02
56 9.183240e-01 1.070000e-02 7.097600e-02
57 9.165920e-01 1.057600e-02 7.283200e-02
58 9.147680e-01 1.068800e-02 7.454400e-02
59 9.130640e-01 1.060400e-02 7.633200e-02
60 9.113200e-01 1.036800e-02 7.831200e-02
61 9.096200e-01 1.035600e-02 8.002400e-02
62 9.080080e-01 1.019200e-02 8.180000e-02
63 9.063560e-01 9.980000e-03 8.366400e-02
64 9.046160e-01 9.944000e-03 8.544000e-02
65 9.029120e-01 9.920000e-03 8.716800e-02
66 9.011880e-01 9.920000e-03 8.889200e-02
67 8.995720e-01 9.760000e-03 9.066800e-02
68 8.977840e-01 9.744000e-03 9.247200e-02
69 8.961120e-01 9.724000e-03 9.416400e-02
70 8.942120e-01 9.908000e-03 9.588000e-02
71 8.922720e-01 1.004400e-02 9.768400e-02
72 8.906000e-01 1.000400e-02 9.939600e-02
73 8.888560e-01 9.792000e-03 1.013520e-01
74 8.872080e-01 9.748000e-03 1.030440e-01
75 8.855280e-01 9.700000e-03 1.047720e-01
76 8.839080e-01 9.556000e-03 1.065360e-01
77 8.820000e-01 9.740000e-03 1.082600e-01
78 8.803560e-01 9.796000e-03 1.098480e-01
79 8.783560e-01 1.012400e-02 1.115200e-01
80 8.763680e-01 1.041600e-02 1.132160e-01
81 8.744360e-01 1.055600e-02 1.150080e-01
82 8.725240e-01 1.061200e-02 1.168640e-01
83 8.705360e-01 1.075200e-02 1.187120e-01
84 8.686280e-01 1.068400e-02 1.206880e-01
85 8.667840e-01 1.072000e-02 1.224960e-01
86 8.649200e-01 1.078400e-02 1.242960e-01
87 8.629120e-01 1.091600e-02 1.261720e-01
88 8.608120e-01 1.103600e-02 1.281520e-01
89 8.588520e-01 1.116000e-02 1.299880e-01
90 8.569200e-01 1.096000e-02 1.321200e-01
91 8.548760e-01 1.118800e-02 1.339360e-01
92 8.528400e-01 1.111200e-02 1.360480e-01
93 8.510320e-01 1.102800e-02 1.379400e-01
94 8.491960e-01 1.096800e-02 1.398360e-01
95 8.473920e-01 1.080400e-02 1.418040e-01
96 8.455240e-01 1.090800e-02 1.435680e-01
97 8.435920e-01 1.094400e-02 1.454640e-01
98 8.416400e-01 1.082800e-02 1.475320e-01
99 8.397360e-01 1.077600e-02 1.494880e-01
100 8.379680e-01 1.059200e-02 1.514400e-01
101 8.362440e-01 1.051200e-02 1.532440e-01
102 8.345720e-01 1.024000e-02 1.551880e-01
103 8.329720e-01 1.024000e-02 1.567880e-01
104 8.314200e-01 1.007200e-02 1.585080e-01
105 8.298680e-01 9.960000e-03 1.601720e-01
106 8.281760e-01 9.920000e-03 1.619040e-01
107 8.263800e-01 1.003600e-02 1.635840e-01
108 8.247040e-01 9.948000e-03 1.653480e-01
109 8.231440e-01 9.876000e-03 1.669800e-01
110 8.213440e-01 1.002800e-02 1.686280e-01
111 8.195720e-01 9.964000e-03 1.704640e-01
112 8.179480e-01 9.808000e-03 1.722440e-01
113 8.164200e-01 9.688000e-03 1.738920e-01
114 8.147600e-01 9.648000e-03 1.755920e-01
115 8.130400e-01 9.744000e-03 1.772160e-01
116 8.115800e-01 9.536000e-03 1.788840e-01
117 8.100840e-01 9.480000e-03 1.804360e-01
118 8.084480e-01 9.464000e-03 1.820880e-01
119 8.068680e-01 9.320000e-03 1.838120e-01
120 8.053560e-01 9.308000e-03 1.853360e-01
121 8.038280e-01 9.120000e-03 1.870520e-01
122 8.022800e-01 9.032000e-03 1.886880e-01
123 8.007360e-01 8.988000e-03 1.902760e-01
124 7.991520e-01 8.944000e-03 1.919040e-01
125 7.975720e-01 8.984000e-03 1.934440e-01
126 7.960320e-01 9.024000e-03 1.949440e-01
127 7.945920e-01 8.848000e-03 1.965600e-01
128 7.932720e-01 8.688000e-03 1.980400e-01
129 7.918760e-01 8.536000e-03 1.995880e-01
130 7.905520e-01 8.376000e-03 2.010720e-01
131 7.891960e-01 8.292000e-03 2.025120e-01
132 7.879120e-01 8.172000e-03 2.039160e-01
133 7.864680e-01 8.168000e-03 2.053640e-01
134 7.852080e-01 8.004000e-03 2.067880e-01
135 7.838600e-01 7.992000e-03 2.081480e-01
136 7.826480e-01 7.816000e-03 2.095360e-01
137 7.812600e-01 7.792000e-03 2.109480e-01
138 7.797600e-01 7.856000e-03 2.123840e-01
139 7.785640e-01 7.624000e-03 2.138120e-01
140 7.772640e-01 7.620000e-03 2.151160e-01
141 7.760240e-01 7.508000e-03 2.164680e-01
142 7.748160e-01 7.384000e-03 2.178000e-01
143 7.736320e-01 7.284000e-03 2.190840e-01
144 7.724400e-01 7.236000e-03 2.203240e-01
145 7.710880e-01 7.368000e-03 2.215440e-01
146 7.700640e-01 7.152000e-03 2.227840e-01
147 7.689960e-01 6.992000e-03 2.240120e-01
148 7.678120e-01 6.772000e-03 2.254160e-01
149 7.666280e-01 6.812000e-03 2.265600e-01
150 7.655320e-01 6.660000e-03 2.278080e-01
151 7.643920e-01 6.644000e-03 2.289640e-01
152 7.632640e-01 6.496000e-03 2.302400e-01
153 7.621440e-01 6.584000e-03 2.312720e-01
154 7.610080e-01 6.612000e-03 2.323800e-01
155 7.598480e-01 6.508000e-03 2.336440e-01
156 7.587720e-01 6.472000e-03 2.347560e-01
157 7.576080e-01 6.472000e-03 2.359200e-01
158 7.563840e-01 6.572000e-03 2.370440e-01
159 7.552280e-01 6.592000e-03 2.381800e-01
160 7.541640e-01 6.496000e-03 2.393400e-01
161 7.528640e-01 6.548000e-03 2.405880e-01
162 7.517960e-01 6.416000e-03 2.417880e-01
163 7.506800e-01 6.416000e-03 2.429040e-01
164 7.494800e-01 6.412000e-03 2.441080e-01
165 7.483440e-01 6.440000e-03 2.452160e-01
166 7.472760e-01 6.420000e-03 2.463040e-01
167 7.460200e-01 6.740000e-03 2.472400e-01
168 7.448920e-01 6.740000e-03 2.483680e-01
169 7.437800e-01 6.784000e-03 2.494360e-01
170 7.426520e-01 6.756000e-03 2.505920e-01
171 7.415840e-01 6.668000e-03 2.517480e-01
172 7.405160e-01 6.568000e-03 2.529160e-01
173 7.395000e-01 6.416000e-03 2.540840e-01
174 7.384800e-01 6.360000e-03 2.551600e-01
175 7.374400e-01 6.272000e-03 2.562880e-01
176 7.364600e-01 6.104000e-03 2.574360e-01
177 7.354880e-01 5.944000e-03 2.585680e-01
178 7.344280e-01 6.044000e-03 2.595280e-01
179 7.335200e-01 6.000000e-03 2.604800e-01
180 7.326080e-01 5.916000e-03 2.614760e-01
181 7.316560e-01 5.924000e-03 2.624200e-01
182 7.308040e-01 5.848000e-03 2.633480e-01
183 7.298840e-01 5.724000e-03 2.643920e-01
184 7.289120e-01 5.652000e-03 2.654360e-01
185 7.280360e-01 5.524000e-03 2.664400e-01
186 7.271320e-01 5.612000e-03 2.672560e-01
187 7.261360e-01 5.580000e-03 2.682840e-01
188 7.253280e-01 5.468000e-03 2.692040e-01
189 7.243160e-01 5.548000e-03 2.701360e-01
190 7.234200e-01 5.456000e-03 2.711240e-01
191 7.224760e-01 5.380000e-03 2.721440e-01
192 7.216480e-01 5.260000e-03 2.730920e-01
193 7.208080e-01 5.104000e-03 2.740880e-01
194 7.199960e-01 5.068000e-03 2.749360e-01
195 7.191040e-01 5.124000e-03 2.757720e-01
196 7.182680e-01 5.116000e-03 2.766160e-01
197 7.174720e-01 5.032000e-03 2.774960e-01
198 7.166840e-01 4.952000e-03 2.783640e-01
199 7.158120e-01 4.988000e-03 2.792000e-01
200 7.150040e-01 4.976000e-03 2.800200e-01
201 7.140600e-01 4.944000e-03 2.809960e-01
202 7.132640e-01 4.920000e-03 2.818160e-01
203 7.124240e-01 4.880000e-03 2.826960e-01
204 7.115080e-01 4.924000e-03 2.835680e-01
205 7.106880e-01 4.848000e-03 2.844640e-01
206 7.098040e-01 4.860000e-03 2.853360e-01
207 7.088440e-01 4.952000e-03 2.862040e-01
208 7.079680e-01 4.948000e-03 2.870840e-01
209 7.070040e-01 5.024000e-03 2.879720e-01
210 7.061920e-01 4.964000e-03 2.888440e-01
211 7.053680e-01 4.952000e-03 2.896800e-01
212 7.044320e-01 5.024000e-03 2.905440e-01
213 7.036000e-01 4.948000e-03 2.914520e-01
214 7.027360e-01 4.884000e-03 2.923800e-01
215 7.019080e-01 4.884000e-03 2.932080e-01
216 7.010800e-01 4.816000e-03 2.941040e-01
217 7.002280e-01 4.816000e-03 2.949560e-01
218 6.993840e-01 4.708000e-03 2.959080e-01
219 6.983240e-01 4.924000e-03 2.967520e-01
220 6.974400e-01 4.956000e-03 2.976040e-01
221 6.965880e-01 4.944000e-03 2.984680e-01
222 6.956480e-01 5.012000e-03 2.993400e-01
223 6.947600e-01 5.068000e-03 3.001720e-01
224 6.939480e-01 4.888000e-03 3.011640e-01
225 6.930800e-01 4.964000e-03 3.019560e-01
226 6.921040e-01 5.084000e-03 3.028120e-01
227 6.912960e-01 5.076000e-03 3.036280e-01
228 6.904360e-01 5.092000e-03 3.044720e-01
229 6.896720e-01 4.976000e-03 3.053520e-01
230 6.889280e-01 4.892000e-03 3.061800e-01
231 6.881320e-01 4.728000e-03 3.071400e-01
232 6.873720e-01 4.616000e-03 3.080120e-01
233 6.866200e-01 4.548000e-03 3.088320e-01
234 6.858960e-01 4.484000e-03 3.096200e-01
235 6.850840e-01 4.452000e-03 3.104640e-01
236 6.843400e-01 4.500000e-03 3.111600e-01
237 6.835240e-01 4.552000e-03 3.119240e-01
238 6.827200e-01 4.600000e-03 3.126800e-01
239 6.818600e-01 4.624000e-03 3.135160e-01
240 6.811840e-01 4.544000e-03 3.142720e-01
241 6.803400e-01 4.620000e-03 3.150400e-01
242 6.796720e-01 4.496000e-03 3.158320e-01
243 6.789720e-01 4.460000e-03 3.165680e-01
244 6.782280e-01 4.452000e-03 3.173200e-01
245 6.775840e-01 4.332000e-03 3.180840e-01
246 6.769840e-01 4.164000e-03 3.188520e-01
247 6.762280e-01 4.156000e-03 3.196160e-01
248 6.756080e-01 4.020000e-03 3.203720e-01
249 6.749680e-01 3.968000e-03 3.210640e-01
250 6.742440e-01 4.012000e-03 3.217440e-01
251 6.735560e-01 4.024000e-03 3.224200e-01
252 6.729160e-01 3.980000e-03 3.231040e-01
253 6.721560e-01 4.060000e-03 3.237840e-01
254 6.715320e-01 3.972000e-03 3.244960e-01
255 6.708400e-01 3.948000e-03 3.252120e-01
256 6.701440e-01 3.968000e-03 3.258880e-01
257 6.693840e-01 4.060000e-03 3.265560e-01
258 6.686960e-01 3.988000e-03 3.273160e-01
259 6.679360e-01 4.036000e-03 3.280280e-01
260 6.671160e-01 4.136000e-03 3.287480e-01
261 6.664400e-01 4.088000e-03 3.294720e-01
262 6.657320e-01 4.072000e-03 3.301960e-01
263 6.650000e-01 4.068000e-03 3.309320e-01
264 6.642920e-01 4.120000e-03 3.315880e-01
265 6.636320e-01 4.036000e-03 3.323320e-01
266 6.629760e-01 3.908000e-03 3.331160e-01
267 6.623760e-01 3.756000e-03 3.338680e-01
268 6.617880e-01 3.656000e-03 3.345560e-01
269 6.611240e-01 3.684000e-03 3.351920e-01
270 6.605400e-01 3.688000e-03 3.357720e-01
271 6.599320e-01 3.680000e-03 3.363880e-01
272 6.593160e-01 3.656000e-03 3.370280e-01
273 6.587680e-01 3.452000e-03 3.377800e-01
274 6.581640e-01 3.420000e-03 3.384160e-01
275 6.575880e-01 3.408000e-03 3.390040e-01
276 6.569680e-01 3.416000e-03 3.396160e-01
277 6.564320e-01 3.380000e-03 3.401880e-01
278 6.558840e-01 3.412000e-03 3.407040e-01
279 6.554320e-01 3.240000e-03 3.413280e-01
280 6.549720e-01 3.144000e-03 3.418840e-01
281 6.544520e-01 3.128000e-03 3.424200e-01
282 6.540080e-01 3.108000e-03 3.428840e-01
283 6.535040e-01 3.028000e-03 3.434680e-01
284 6.530720e-01 2.960000e-03 3.439680e-01
285 6.526920e-01 2.816000e-03 3.444920e-01
286 6.523080e-01 2.736000e-03 3.449560e-01
287 6.519600e-01 2.596000e-03 3.454440e-01
288 6.515240e-01 2.596000e-03 3.458800e-01
289 6.510680e-01 2.560000e-03 3.463720e-01
290 6.504840e-01 2.696000e-03 3.468200e-01
291 6.500600e-01 2.584000e-03 3.473560e-01
292 6.496160e-01 2.576000e-03 3.478080e-01
293 6.490840e-01 2.724000e-03 3.481920e-01
294 6.485640e-01 2.744000e-03 3.486920e-01
295 6.480720e-01 2.712000e-03 3.492160e-01
296 6.476840e-01 2.652000e-03 3.496640e-01
297 6.472240e-01 2.636000e-03 3.501400e-01
298 6.467840e-01 2.584000e-03 3.506320e-01
299 6.463280e-01 2.616000e-03 3.510560e-01
300 6.458240e-01 2.580000e-03 3.515960e-01
301 6.453400e-01 2.552000e-03 3.521080e-01
302 6.447920e-01 2.620000e-03 3.525880e-01
303 6.442760e-01 2.608000e-03 3.531160e-01
304 6.437360e-01 2.672000e-03 3.535920e-01
305 6.431840e-01 2.824000e-03 3.539920e-01
306 6.427440e-01 2.660000e-03 3.545960e-01
307 6.422880e-01 2.664000e-03 3.550480e-01
308 6.418160e-01 2.720000e-03 3.554640e-01
309 6.412480e-01 2.812000e-03 3.559400e-01
310 6.407040e-01 2.908000e-03 3.563880e-01
311 6.401720e-01 2.916000e-03 3.569120e-01
312 6.395360e-01 2.968000e-03 3.574960e-01
313 6.389600e-01 3.028000e-03 3.580120e-01
314 6.384240e-01 3.088000e-03 3.584880e-01
315 6.377640e-01 3.264000e-03 3.589720e-01
316 6.372120e-01 3.276000e-03 3.595120e-01
317 6.366400e-01 3.300000e-03 3.600600e-01
318 6.360040e-01 3.304000e-03 3.606920e-01
319 6.354400e-01 3.376000e-03 3.611840e-01
320 6.349200e-01 3.316000e-03 3.617640e-01
321 6.343000e-01 3.344000e-03 3.623560e-01
322 6.337520e-01 3.420000e-03 3.628280e-01
323 6.332400e-01 3.316000e-03 3.634440e-01
324 6.327080e-01 3.220000e-03 3.640720e-01
325 6.321680e-01 3.272000e-03 3.645600e-01
326 6.315800e-01 3.340000e-03 3.650800e-01
327 6.310480e-01 3.316000e-03 3.656360e-01
328 6.303760e-01 3.476000e-03 3.661480e-01
329 6.298720e-01 3.352000e-03 3.667760e-01
330 6.293560e-01 3.252000e-03 3.673920e-01
331 6.287960e-01 3.224000e-03 3.679800e-01
332 6.283680e-01 3.164000e-03 3.684680e-01
333 6.278840e-01 3.152000e-03 3.689640e-01
334 6.274080e-01 3.060000e-03 3.695320e-01
335 6.269200e-01 2.972000e-03 3.701080e-01
336 6.263320e-01 3.000000e-03 3.706680e-01
337 6.257720e-01 2.992000e-03 3.712360e-01
338 6.253120e-01 2.876000e-03 3.718120e-01
339 6.248120e-01 2.900000e-03 3.722880e-01
340 6.242680e-01 2.928000e-03 3.728040e-01
341 6.237960e-01 2.852000e-03 3.733520e-01
342 6.233120e-01 2.820000e-03 3.738680e-01
343 6.228520e-01 2.756000e-03 3.743920e-01
344 6.224640e-01 2.616000e-03 3.749200e-01
345 6.219760e-01 2.716000e-03 3.753080e-01
346 6.215840e-01 2.636000e-03 3.757800e-01
347 6.211280e-01 2.632000e-03 3.762400e-01
348 6.206800e-01 2.636000e-03 3.766840e-01
349 6.201640e-01 2.680000e-03 3.771560e-01
350 6.196400e-01 2.704000e-03 3.776560e-01
351 6.191600e-01 2.684000e-03 3.781560e-01
352 6.186760e-01 2.712000e-03 3.786120e-01
353 6.182200e-01 2.728000e-03 3.790520e-01
354 6.178000e-01 2.680000e-03 3.795200e-01
355 6.173600e-01 2.692000e-03 3.799480e-01
356 6.168720e-01 2.716000e-03 3.804120e-01
357 6.164360e-01 2.712000e-03 3.808520e-01
358 6.159720e-01 2.676000e-03 3.813520e-01
359 6.156080e-01 2.508000e-03 3.818840e-01
360 6.152080e-01 2.452000e-03 3.823400e-01
361 6.148240e-01 2.352000e-03 3.828240e-01
362 6.144760e-01 2.236000e-03 3.832880e-01
363 6.141320e-01 2.140000e-03 3.837280e-01
364 6.138360e-01 2.028000e-03 3.841360e-01
365 6.134840e-01 2.044000e-03 3.844720e-01
366 6.131880e-01 1.948000e-03 3.848640e-01
367 6.128320e-01 1.956000e-03 3.852120e-01
368 6.125480e-01 1.904000e-03 3.855480e-01
369 6.121640e-01 1.968000e-03 3.858680e-01
370 6.118000e-01 1.956000e-03 3.862440e-01
371 6.114080e-01 2.008000e-03 3.865840e-01
372 6.110680e-01 1.964000e-03 3.869680e-01
373 6.107480e-01 1.964000e-03 3.872880e-01
374 6.103880e-01 1.980000e-03 3.876320e-01
375 6.100200e-01 2.036000e-03 3.879440e-01
376 6.096520e-01 2.104000e-03 3.882440e-01
377 6.094000e-01 2.044000e-03 3.885560e-01
378 6.090560e-01 1.984000e-03 3.889600e-01
379 6.087680e-01 1.928000e-03 3.893040e-01
380 6.085240e-01 1.844000e-03 3.896320e-01
381 6.081960e-01 1.840000e-03 3.899640e-01
382 6.079360e-01 1.808000e-03 3.902560e-01
383 6.076480e-01 1.764000e-03 3.905880e-01
384 6.073240e-01 1.760000e-03 3.909160e-01
385 6.070800e-01 1.668000e-03 3.912520e-01
386 6.068160e-01 1.712000e-03 3.914720e-01
387 6.065560e-01 1.728000e-03 3.917160e-01
388 6.063440e-01 1.672000e-03 3.919840e-01
389 6.060760e-01 1.672000e-03 3.922520e-01
390 6.058160e-01 1.620000e-03 3.925640e-01
391 6.056240e-01 1.524000e-03 3.928520e-01
392 6.053840e-01 1.496000e-03 3.931200e-01
393 6.051440e-01 1.440000e-03 3.934160e-01
394 6.048680e-01 1.440000e-03 3.936920e-01
395 6.046680e-01 1.376000e-03 3.939560e-01
396 6.044160e-01 1.384000e-03 3.942000e-01
397 6.041800e-01 1.400000e-03 3.944200e-01
398 6.039000e-01 1.436000e-03 3.946640e-01
399 6.036040e-01 1.452000e-03 3.949440e-01
400 6.033080e-01 1.480000e-03 3.952120e-01
401 6.029560e-01 1.560000e-03 3.954840e-01
402 6.026200e-01 1.564000e-03 3.958160e-01
403 6.023440e-01 1.576000e-03 3.960800e-01
404 6.020480e-01 1.604000e-03 3.963480e-01
405 6.017080e-01 1.604000e-03 3.966880e-01
406 6.014040e-01 1.652000e-03 3.969440e-01
407 6.010680e-01 1.700000e-03 3.972320e-01
408 6.007360e-01 1.704000e-03 3.975600e-01
409 6.004400e-01 1.720000e-03 3.978400e-01
410 6.001640e-01 1.660000e-03 3.981760e-01
411 5.998440e-01 1.660000e-03 3.984960e-01
412 5.995680e-01 1.648000e-03 3.987840e-01
413 5.992640e-01 1.676000e-03 3.990600e-01
414 5.989400e-01 1.716000e-03 3.993440e-01
415 5.987120e-01 1.640000e-03 3.996480e-01
416 5.984840e-01 1.584000e-03 3.999320e-01
417 5.982320e-01 1.560000e-03 4.002080e-01
418 5.979480e-01 1.580000e-03 4.004720e-01
419 5.977320e-01 1.508000e-03 4.007600e-01
420 5.975000e-01 1.464000e-03 4.010360e-01
421 5.972880e-01 1.432000e-03 4.012800e-01
422 5.970440e-01 1.428000e-03 4.015280e-01
423 5.967720e-01 1.476000e-03 4.017520e-01
424 5.965240e-01 1.460000e-03 4.020160e-01
425 5.963320e-01 1.404000e-03 4.022640e-01
426 5.961000e-01 1.344000e-03 4.025560e-01
427 5.958840e-01 1.368000e-03 4.027480e-01
428 5.956360e-01 1.384000e-03 4.029800e-01
429 5.954080e-01 1.424000e-03 4.031680e-01
430 5.951800e-01 1.336000e-03 4.034840e-01
431 5.950120e-01 1.252000e-03 4.037360e-01
432 5.948240e-01 1.252000e-03 4.039240e-01
433 5.946280e-01 1.204000e-03 4.041680e-01
434 5.944480e-01 1.148000e-03 4.044040e-01
435 5.942760e-01 1.160000e-03 4.045640e-01
436 5.940800e-01 1.204000e-03 4.047160e-01
437 5.938920e-01 1.200000e-03 4.049080e-01
438 5.936840e-01 1.176000e-03 4.051400e-01
439 5.934880e-01 1.160000e-03 4.053520e-01
440 5.933080e-01 1.192000e-03 4.055000e-01
441 5.930880e-01 1.172000e-03 4.057400e-01
442 5.929040e-01 1.160000e-03 4.059360e-01
443 5.926920e-01 1.140000e-03 4.061680e-01
444 5.924880e-01 1.108000e-03 4.064040e-01
445 5.922840e-01 1.144000e-03 4.065720e-01
446 5.920720e-01 1.148000e-03 4.067800e-01
447 5.918880e-01 1.108000e-03 4.070040e-01
448 5.917040e-01 1.080000e-03 4.072160e-01
449 5.914600e-01 1.172000e-03 4.073680e-01
450 5.912040e-01 1.224000e-03 4.075720e-01
451 5.909640e-01 1.276000e-03 4.077600e-01
452 5.907640e-01 1.248000e-03 4.079880e-01
453 5.905280e-01 1.300000e-03 4.081720e-01
454 5.902520e-01 1.324000e-03 4.084240e-01
455 5.900120e-01 1.360000e-03 4.086280e-01
456 5.897080e-01 1.440000e-03 4.088520e-01
457 5.894600e-01 1.444000e-03 4.090960e-01
458 5.891960e-01 1.488000e-03 4.093160e-01
459 5.889480e-01 1.488000e-03 4.095640e-01
460 5.886680e-01 1.480000e-03 4.098520e-01
461 5.883480e-01 1.612000e-03 4.100400e-01
462 5.881520e-01 1.508000e-03 4.103400e-01
463 5.878680e-01 1.480000e-03 4.106520e-01
464 5.876120e-01 1.404000e-03 4.109840e-01
465 5.873920e-01 1.428000e-03 4.111800e-01
466 5.871680e-01 1.412000e-03 4.114200e-01
467 5.869920e-01 1.296000e-03 4.117120e-01
468 5.868240e-01 1.248000e-03 4.119280e-01
469 5.865880e-01 1.228000e-03 4.121840e-01
470 5.864000e-01 1.228000e-03 4.123720e-01
471 5.861640e-01 1.256000e-03 4.125800e-01
472 5.858760e-01 1.336000e-03 4.127880e-01
473 5.855920e-01 1.400000e-03 4.130080e-01
474 5.853760e-01 1.380000e-03 4.132440e-01
475 5.851560e-01 1.348000e-03 4.134960e-01
476 5.850040e-01 1.296000e-03 4.137000e-01
477 5.847800e-01 1.344000e-03 4.138760e-01
478 5.845320e-01 1.356000e-03 4.141120e-01
479 5.843400e-01 1.284000e-03 4.143760e-01
480 5.841000e-01 1.348000e-03 4.145520e-01
481 5.838800e-01 1.312000e-03 4.148080e-01
482 5.837400e-01 1.260000e-03 4.150000e-01
483 5.835080e-01 1.256000e-03 4.152360e-01
484 5.833320e-01 1.240000e-03 4.154280e-01
485 5.831360e-01 1.208000e-03 4.156560e-01
486 5.829320e-01 1.188000e-03 4.158800e-01
487 5.826960e-01 1.220000e-03 4.160840e-01
488 5.825000e-01 1.184000e-03 4.163160e-01
489 5.823560e-01 1.124000e-03 4.165200e-01
490 5.821880e-01 1.116000e-03 4.166960e-01
491 5.820240e-01 1.100000e-03 4.168760e-01
492 5.818880e-01 1.028000e-03 4.170840e-01
493 5.817040e-01 1.028000e-03 4.172680e-01
494 5.815200e-01 1.032000e-03 4.174480e-01
495 5.813640e-01 9.520000e-04 4.176840e-01
496 5.811920e-01 9.600000e-04 4.178480e-01
497 5.810080e-01 9.880000e-04 4.180040e-01
498 5.808120e-01 1.004000e-03 4.181840e-01
499 5.806280e-01 1.028000e-03 4.183440e-01
500 5.804440e-01 1.044000e-03 4.185120e-01
