1 9.992080e-01 6.880000e-04 1.040000e-04
2 9.987200e-01 1.004000e-03 2.760000e-04
3 9.981240e-01 1.364000e-03 5.120000e-04
4 9.976160e-01 1.640000e-03 7.440000e-04
5 9.970280e-01 1.924000e-03 1.048000e-03
6 9.962240e-01 2.328000e-03 1.448000e-03
7 9.953800e-01 2.732000e-03 1.888000e-03
8 9.944480e-01 3.156000e-03 2.396000e-03
9 9.933520e-01 3.696000e-03 2.952000e-03
10 9.923600e-01 4.024000e-03 3.616000e-03
11 9.912080e-01 4.460000e-03 4.332000e-03
12 9.902080e-01 4.752000e-03 5.040000e-03
13 9.890760e-01 5.144000e-03 5.780000e-03
14 9.878240e-01 5.492000e-03 6.684000e-03
15 9.867080e-01 5.684000e-03 7.608000e-03
16 9.854120e-01 5.892000e-03 8.696000e-03
17 9.842240e-01 5.980000e-03 9.796000e-03
18 9.829960e-01 6.104000e-03 1.090000e-02
19 9.818200e-01 6.212000e-03 1.196800e-02
20 9.805240e-01 6.372000e-03 1.310400e-02
21 9.793560e-01 6.432000e-03 1.421200e-02
22 9.780520e-01 6.676000e-03 1.527200e-02
23 9.766760e-01 6.884000e-03 1.644000e-02
24 9.753160e-01 7.120000e-03 1.756400e-02
25 9.738920e-01 7.388000e-03 1.872000e-02
26 9.723960e-01 7.624000e-03 1.998000e-02
27 9.708920e-01 7.656000e-03 2.145200e-02
28 9.695200e-01 7.804000e-03 2.267600e-02
29 9.680160e-01 7.908000e-03 2.407600e-02
30 9.665320e-01 8.012000e-03 2.545600e-02
31 9.650880e-01 8.080000e-03 2.683200e-02
32 9.636840e-01 8.024000e-03 2.829200e-02
33 9.620520e-01 8.264000e-03 2.968400e-02
34 9.603720e-01 8.512000e-03 3.111600e-02
35 9.587160e-01 8.604000e-03 3.268000e-02
36 9.569280e-01 8.952000e-03 3.412000e-02
37 9.552000e-01 8.860000e-03 3.594000e-02
38 9.536400e-01 8.924000e-03 3.743600e-02
39 9.520080e-01 8.980000e-03 3.901200e-02
40 9.503440e-01 8.932000e-03 4.072400e-02
41 9.487200e-01 9.004000e-03 4.227600e-02
42 9.470560e-01 8.976000e-03 4.396800e-02
43 9.454560e-01 9.060000e-03 4.548400e-02
44 9.439720e-01 8.920000e-03 4.710800e-02
45 9.423880e-01 8.828000e-03 4.878400e-02
46 9.406360e-01 8.976000e-03 5.038800e-02
47 9.391320e-01 8.804000e-03 5.206400e-02
48 9.375080e-01 8.808000e-03 5.368400e-02
49 9.360360e-01 8.856000e-03 5.510800e-02
50 9.342520e-01 9.096000e-03 5.665200e-02
51 9.325240e-01 9.288000e-03 5.818800e-02
52 9.307160e-01 9.304000e-03 5.998000e-02
53 9.291680e-01 9.360000e-03 6.147200e-02
54 9.274680e-01 9.488000e-03 6.304400e-02
55 9.259360e-01 9.480000e-03 6.458400e-02
56 9.242920e-01 9.420000e-03 6.628800e-02
57 9.227080e-01 9.392000e-03 6.790000e-02
58 9.208680e-01 9.544000e-03 6.958800e-02
59 9.190360e-01 9.668000e-03 7.129600e-02
60 9.172920e-01 9.652000e-03 7.305600e-02
61 9.156160e-01 9.572000e-03 7.481200e-02
62 9.137040e-01 9.760000e-03 7.653600e-02
63 9.120080e-01 9.776000e-03 7.821600e-02
64 9.102440e-01 9.904000e-03 7.985200e-02
65 9.083440e-01 1.016000e-02 8.149600e-02
66 9.066280e-01 1.004400e-02 8.332800e-02
67 9.048600e-01 1.007600e-02 8.506400e-02
68 9.031680e-01 9.924000e-03 8.690800e-02
69 9.015040e-01 9.892000e-03 8.860400e-02
70 8.997520e-01 9.944000e-03 9.030400e-02
71 8.981200e-01 9.724000e-03 9.215600e-02
72 8.964520e-01 9.752000e-03 9.379600e-02
73 8.947400e-01 9.812000e-03 9.544800e-02
74 8.929320e-01 9.920000e-03 9.714800e-02
75 8.912400e-01 9.876000e-03 9.888400e-02
76 8.895400e-01 9.928000e-03 1.005320e-01
77 8.878560e-01 9.840000e-03 1.023040e-01
78 8.861480e-01 9.876000e-03 1.039760e-01
79 8.844680e-01 9.940000e-03 1.055920e-01
80 8.828720e-01 9.816000e-03 1.073120e-01
81 8.813000e-01 9.696000e-03 1.090040e-01
82 8.797440e-01 9.592000e-03 1.106640e-01
83 8.782880e-01 9.336000e-03 1.123760e-01
84 8.768080e-01 9.276000e-03 1.139160e-01
85 8.753880e-01 9.144000e-03 1.154680e-01
86 8.738760e-01 9.056000e-03 1.170680e-01
87 8.724520e-01 8.932000e-03 1.186160e-01
88 8.710080e-01 8.716000e-03 1.202760e-01
89 8.694120e-01 8.768000e-03 1.218200e-01
90 8.680040e-01 8.656000e-03 1.233400e-01
91 8.662240e-01 8.836000e-03 1.249400e-01
92 8.645680e-01 9.076000e-03 1.263560e-01
93 8.629720e-01 9.124000e-03 1.279040e-01
94 8.611600e-01 9.296000e-03 1.295440e-01
95 8.594120e-01 9.500000e-03 1.310880e-01
96 8.576920e-01 9.636000e-03 1.326720e-01
97 8.561000e-01 9.644000e-03 1.342560e-01
98 8.544440e-01 9.664000e-03 1.358920e-01
99 8.528360e-01 9.604000e-03 1.375600e-01
100 8.514880e-01 9.188000e-03 1.393240e-01
101 8.499960e-01 9.196000e-03 1.408080e-01
102 8.484560e-01 9.156000e-03 1.423880e-01
103 8.467840e-01 9.288000e-03 1.439280e-01
104 8.452800e-01 9.252000e-03 1.454680e-01
105 8.436040e-01 9.412000e-03 1.469840e-01
106 8.420160e-01 9.420000e-03 1.485640e-01
107 8.405320e-01 9.352000e-03 1.501160e-01
108 8.389880e-01 9.224000e-03 1.517880e-01
109 8.373640e-01 9.340000e-03 1.532960e-01
110 8.358320e-01 9.196000e-03 1.549720e-01
111 8.342720e-01 9.216000e-03 1.565120e-01
112 8.325680e-01 9.200000e-03 1.582320e-01
113 8.310800e-01 9.132000e-03 1.597880e-01
114 8.295960e-01 8.996000e-03 1.614080e-01
115 8.279680e-01 9.124000e-03 1.629080e-01
116 8.264320e-01 9.152000e-03 1.644160e-01
117 8.247800e-01 9.168000e-03 1.660520e-01
118 8.230720e-01 9.168000e-03 1.677600e-01
119 8.213120e-01 9.376000e-03 1.693120e-01
120 8.196840e-01 9.428000e-03 1.708880e-01
121 8.181120e-01 9.432000e-03 1.724560e-01
122 8.167440e-01 9.192000e-03 1.740640e-01
123 8.153360e-01 8.956000e-03 1.757080e-01
124 8.138000e-01 8.996000e-03 1.772040e-01
125 8.122240e-01 8.944000e-03 1.788320e-01
126 8.109240e-01 8.652000e-03 1.804240e-01
127 8.095200e-01 8.408000e-03 1.820720e-01
128 8.080080e-01 8.496000e-03 1.834960e-01
129 8.065120e-01 8.592000e-03 1.848960e-01
130 8.051440e-01 8.448000e-03 1.864080e-01
131 8.038640e-01 8.276000e-03 1.878600e-01
132 8.025800e-01 8.204000e-03 1.892160e-01
133 8.011920e-01 8.220000e-03 1.905880e-01
134 7.996160e-01 8.436000e-03 1.919480e-01
135 7.981760e-01 8.528000e-03 1.932960e-01
136 7.968120e-01 8.376000e-03 1.948120e-01
137 7.953040e-01 8.528000e-03 1.961680e-01
138 7.938040e-01 8.468000e-03 1.977280e-01
139 7.922440e-01 8.616000e-03 1.991400e-01
140 7.909000e-01 8.348000e-03 2.007520e-01
141 7.894320e-01 8.300000e-03 2.022680e-01
142 7.879920e-01 8.400000e-03 2.036080e-01
143 7.866320e-01 8.168000e-03 2.052000e-01
144 7.852160e-01 8.172000e-03 2.066120e-01
145 7.837720e-01 8.228000e-03 2.080000e-01
146 7.823760e-01 8.172000e-03 2.094520e-01
147 7.808920e-01 8.264000e-03 2.108440e-01
148 7.794800e-01 8.200000e-03 2.123200e-01
149 7.781600e-01 8.088000e-03 2.137520e-01
150 7.767520e-01 8.188000e-03 2.150600e-01
151 7.753680e-01 8.140000e-03 2.164920e-01
152 7.741280e-01 8.028000e-03 2.178440e-01
153 7.728520e-01 7.848000e-03 2.193000e-01
154 7.716480e-01 7.704000e-03 2.206480e-01
155 7.704960e-01 7.640000e-03 2.218640e-01
156 7.693080e-01 7.560000e-03 2.231320e-01
157 7.680760e-01 7.408000e-03 2.245160e-01
158 7.668120e-01 7.356000e-03 2.258320e-01
159 7.655960e-01 7.184000e-03 2.272200e-01
160 7.643680e-01 7.176000e-03 2.284560e-01
161 7.632360e-01 7.036000e-03 2.297280e-01
162 7.621280e-01 6.800000e-03 2.310720e-01
163 7.610640e-01 6.664000e-03 2.322720e-01
164 7.599800e-01 6.632000e-03 2.333880e-01
165 7.589880e-01 6.380000e-03 2.346320e-01
166 7.579480e-01 6.396000e-03 2.356560e-01
167 7.568200e-01 6.360000e-03 2.368200e-01
168 7.558320e-01 6.212000e-03 2.379560e-01
169 7.550080e-01 5.912000e-03 2.390800e-01
170 7.539960e-01 5.948000e-03 2.400560e-01
171 7.530200e-01 5.936000e-03 2.410440e-01
172 7.521320e-01 5.712000e-03 2.421560e-01
173 7.512040e-01 5.652000e-03 2.431440e-01
174 7.502840e-01 5.632000e-03 2.440840e-01
175 7.494920e-01 5.396000e-03 2.451120e-01
176 7.486280e-01 5.400000e-03 2.459720e-01
177 7.477600e-01 5.380000e-03 2.468600e-01
178 7.469280e-01 5.256000e-03 2.478160e-01
179 7.459800e-01 5.336000e-03 2.486840e-01
180 7.450680e-01 5.272000e-03 2.496600e-01
181 7.441040e-01 5.392000e-03 2.505040e-01
182 7.431960e-01 5.292000e-03 2.515120e-01
183 7.423160e-01 5.260000e-03 2.524240e-01
184 7.414240e-01 5.228000e-03 2.533480e-01
185 7.405440e-01 5.176000e-03 2.542800e-01
186 7.396400e-01 5.212000e-03 2.551480e-01
187 7.387080e-01 5.200000e-03 2.560920e-01
188 7.379400e-01 5.032000e-03 2.570280e-01
189 7.371800e-01 4.792000e-03 2.580280e-01
190 7.364800e-01 4.616000e-03 2.589040e-01
191 7.356680e-01 4.576000e-03 2.597560e-01
192 7.349720e-01 4.448000e-03 2.605800e-01
193 7.341680e-01 4.468000e-03 2.613640e-01
194 7.334040e-01 4.444000e-03 2.621520e-01
195 7.326560e-01 4.444000e-03 2.629000e-01
196 7.318200e-01 4.472000e-03 2.637080e-01
197 7.310960e-01 4.260000e-03 2.646440e-01
198 7.303720e-01 4.336000e-03 2.652920e-01
199 7.296200e-01 4.320000e-03 2.660600e-01
200 7.288760e-01 4.312000e-03 2.668120e-01
201 7.281560e-01 4.272000e-03 2.675720e-01
202 7.273480e-01 4.380000e-03 2.682720e-01
203 7.265840e-01 4.420000e-03 2.689960e-01
204 7.258320e-01 4.424000e-03 2.697440e-01
205 7.250440e-01 4.572000e-03 2.703840e-01
206 7.242520e-01 4.568000e-03 2.711800e-01
207 7.234640e-01 4.580000e-03 2.719560e-01
208 7.228160e-01 4.552000e-03 2.726320e-01
209 7.220440e-01 4.444000e-03 2.735120e-01
210 7.213240e-01 4.316000e-03 2.743600e-01
211 7.205960e-01 4.328000e-03 2.750760e-01
212 7.199080e-01 4.248000e-03 2.758440e-01
213 7.192320e-01 4.212000e-03 2.765560e-01
214 7.184800e-01 4.240000e-03 2.772800e-01
215 7.178560e-01 4.108000e-03 2.780360e-01
216 7.172720e-01 3.932000e-03 2.787960e-01
217 7.167000e-01 3.844000e-03 2.794560e-01
218 7.160560e-01 3.764000e-03 2.801800e-01
219 7.154160e-01 3.768000e-03 2.808160e-01
220 7.147800e-01 3.840000e-03 2.813800e-01
221 7.140800e-01 3.864000e-03 2.820560e-01
222 7.134120e-01 3.912000e-03 2.826760e-01
223 7.128160e-01 3.800000e-03 2.833840e-01
224 7.122120e-01 3.748000e-03 2.840400e-01
225 7.115680e-01 3.796000e-03 2.846360e-01
226 7.109720e-01 3.788000e-03 2.852400e-01
227 7.104440e-01 3.680000e-03 2.858760e-01
228 7.098800e-01 3.560000e-03 2.865600e-01
229 7.093000e-01 3.468000e-03 2.872320e-01
230 7.087160e-01 3.532000e-03 2.877520e-01
231 7.080920e-01 3.536000e-03 2.883720e-01
232 7.075400e-01 3.492000e-03 2.889680e-01
233 7.069000e-01 3.536000e-03 2.895640e-01
234 7.063000e-01 3.576000e-03 2.901240e-01
235 7.057160e-01 3.524000e-03 2.907600e-01
236 7.051320e-01 3.524000e-03 2.913440e-01
237 7.045320e-01 3.500000e-03 2.919680e-01
238 7.039360e-01 3.412000e-03 2.926520e-01
239 7.033360e-01 3.444000e-03 2.932200e-01
240 7.027600e-01 3.428000e-03 2.938120e-01
241 7.021760e-01 3.480000e-03 2.943440e-01
242 7.016200e-01 3.300000e-03 2.950800e-01
243 7.010720e-01 3.264000e-03 2.956640e-01
244 7.005320e-01 3.228000e-03 2.962400e-01
245 7.000520e-01 3.132000e-03 2.968160e-01
246 6.995800e-01 3.064000e-03 2.973560e-01
247 6.990840e-01 2.936000e-03 2.979800e-01
248 6.986000e-01 2.908000e-03 2.984920e-01
249 6.981920e-01 2.724000e-03 2.990840e-01
250 6.976440e-01 2.848000e-03 2.995080e-01
251 6.970920e-01 2.896000e-03 3.000120e-01
252 6.967040e-01 2.832000e-03 3.004640e-01
253 6.961920e-01 2.880000e-03 3.009280e-01
254 6.956840e-01 2.960000e-03 3.013560e-01
255 6.952080e-01 2.916000e-03 3.018760e-01
256 6.947600e-01 2.912000e-03 3.023280e-01
257 6.943000e-01 2.788000e-03 3.029120e-01
258 6.938840e-01 2.656000e-03 3.034600e-01
259 6.935040e-01 2.612000e-03 3.038840e-01
260 6.931440e-01 2.480000e-03 3.043760e-01
261 6.928000e-01 2.420000e-03 3.047800e-01
262 6.924320e-01 2.340000e-03 3.052280e-01
263 6.920680e-01 2.332000e-03 3.056000e-01
264 6.917280e-01 2.320000e-03 3.059520e-01
265 6.912960e-01 2.332000e-03 3.063720e-01
266 6.908160e-01 2.436000e-03 3.067480e-01
267 6.903960e-01 2.420000e-03 3.071840e-01
268 6.899960e-01 2.368000e-03 3.076360e-01
269 6.895880e-01 2.368000e-03 3.080440e-01
270 6.892040e-01 2.392000e-03 3.084040e-01
271 6.887560e-01 2.376000e-03 3.088680e-01
272 6.884000e-01 2.268000e-03 3.093320e-01
273 6.880400e-01 2.252000e-03 3.097080e-01
274 6.877000e-01 2.216000e-03 3.100840e-01
275 6.873880e-01 2.148000e-03 3.104640e-01
276 6.870440e-01 2.104000e-03 3.108520e-01
277 6.867920e-01 1.984000e-03 3.112240e-01
278 6.864440e-01 1.956000e-03 3.116000e-01
279 6.861320e-01 1.924000e-03 3.119440e-01
280 6.858480e-01 1.824000e-03 3.123280e-01
281 6.855280e-01 1.860000e-03 3.126120e-01
282 6.852240e-01 1.820000e-03 3.129560e-01
283 6.849640e-01 1.716000e-03 3.133200e-01
284 6.846560e-01 1.688000e-03 3.136560e-01
285 6.843760e-01 1.716000e-03 3.139080e-01
286 6.841520e-01 1.708000e-03 3.141400e-01
287 6.839240e-01 1.616000e-03 3.144600e-01
288 6.836600e-01 1.584000e-03 3.147560e-01
289 6.833360e-01 1.632000e-03 3.150320e-01
290 6.829760e-01 1.628000e-03 3.153960e-01
291 6.827200e-01 1.652000e-03 3.156280e-01
292 6.824400e-01 1.660000e-03 3.159000e-01
293 6.821760e-01 1.600000e-03 3.162240e-01
294 6.819120e-01 1.568000e-03 3.165200e-01
295 6.816520e-01 1.588000e-03 3.167600e-01
296 6.813880e-01 1.608000e-03 3.170040e-01
297 6.810920e-01 1.592000e-03 3.173160e-01
298 6.807960e-01 1.624000e-03 3.175800e-01
299 6.805840e-01 1.592000e-03 3.178240e-01
300 6.803480e-01 1.528000e-03 3.181240e-01
301 6.800880e-01 1.504000e-03 3.184080e-01
302 6.798640e-01 1.484000e-03 3.186520e-01
303 6.796760e-01 1.388000e-03 3.189360e-01
304 6.794640e-01 1.368000e-03 3.191680e-01
305 6.792280e-01 1.400000e-03 3.193720e-01
306 6.789520e-01 1.476000e-03 3.195720e-01
307 6.787320e-01 1.448000e-03 3.198200e-01
308 6.785440e-01 1.400000e-03 3.200560e-01
309 6.783280e-01 1.396000e-03 3.202760e-01
310 6.781680e-01 1.296000e-03 3.205360e-01
311 6.779360e-01 1.312000e-03 3.207520e-01
312 6.777600e-01 1.276000e-03 3.209640e-01
313 6.775480e-01 1.228000e-03 3.212240e-01
314 6.773320e-01 1.200000e-03 3.214680e-01
315 6.771120e-01 1.204000e-03 3.216840e-01
316 6.769280e-01 1.180000e-03 3.218920e-01
317 6.767120e-01 1.176000e-03 3.221120e-01
318 6.765600e-01 1.132000e-03 3.223080e-01
319 6.763560e-01 1.156000e-03 3.224880e-01
320 6.761520e-01 1.176000e-03 3.226720e-01
321 6.759440e-01 1.196000e-03 3.228600e-01
322 6.757440e-01 1.140000e-03 3.231160e-01
323 6.755440e-01 1.172000e-03 3.232840e-01
324 6.753560e-01 1.192000e-03 3.234520e-01
325 6.751520e-01 1.164000e-03 3.236840e-01
326 6.749760e-01 1.112000e-03 3.239120e-01
327 6.747960e-01 1.040000e-03 3.241640e-01
328 6.746400e-01 1.024000e-03 3.243360e-01
329 6.745040e-01 1.008000e-03 3.244880e-01
330 6.743720e-01 9.440000e-04 3.246840e-01
331 6.741880e-01 9.840000e-04 3.248280e-01
332 6.739880e-01 1.064000e-03 3.249480e-01
333 6.738160e-01 1.040000e-03 3.251440e-01
334 6.736760e-01 1.032000e-03 3.252920e-01
335 6.734880e-01 1.048000e-03 3.254640e-01
336 6.732960e-01 1.080000e-03 3.256240e-01
337 6.731600e-01 1.036000e-03 3.258040e-01
338 6.729760e-01 1.012000e-03 3.260120e-01
339 6.728320e-01 9.960000e-04 3.261720e-01
340 6.726800e-01 9.560000e-04 3.263640e-01
341 6.725120e-01 9.520000e-04 3.265360e-01
342 6.723960e-01 9.240000e-04 3.266800e-01
343 6.722040e-01 9.160000e-04 3.268800e-01
344 6.720440e-01 9.280000e-04 3.270280e-01
345 6.718440e-01 9.560000e-04 3.272000e-01
346 6.717160e-01 8.800000e-04 3.274040e-01
347 6.716040e-01 8.080000e-04 3.275880e-01
348 6.714280e-01 8.600000e-04 3.277120e-01
349 6.712640e-01 8.880000e-04 3.278480e-01
350 6.710840e-01 9.600000e-04 3.279560e-01
351 6.709520e-01 9.160000e-04 3.281320e-01
352 6.708080e-01 8.960000e-04 3.282960e-01
353 6.706560e-01 8.960000e-04 3.284480e-01
354 6.704960e-01 8.960000e-04 3.286080e-01
355 6.703280e-01 9.280000e-04 3.287440e-01
356 6.700760e-01 1.016000e-03 3.289080e-01
357 6.698760e-01 1.036000e-03 3.290880e-01
358 6.696400e-01 1.108000e-03 3.292520e-01
359 6.694360e-01 1.128000e-03 3.294360e-01
360 6.691880e-01 1.196000e-03 3.296160e-01
361 6.689520e-01 1.192000e-03 3.298560e-01
362 6.687560e-01 1.160000e-03 3.300840e-01
363 6.686160e-01 1.084000e-03 3.303000e-01
364 6.684160e-01 1.084000e-03 3.305000e-01
365 6.682640e-01 1.060000e-03 3.306760e-01
366 6.681480e-01 9.920000e-04 3.308600e-01
367 6.679640e-01 9.880000e-04 3.310480e-01
368 6.678360e-01 9.360000e-04 3.312280e-01
369 6.677120e-01 9.400000e-04 3.313480e-01
370 6.675640e-01 9.200000e-04 3.315160e-01
371 6.674040e-01 8.640000e-04 3.317320e-01
372 6.673040e-01 8.560000e-04 3.318400e-01
373 6.671880e-01 8.000000e-04 3.320120e-01
374 6.670960e-01 7.360000e-04 3.321680e-01
375 6.670040e-01 7.040000e-04 3.322920e-01
376 6.668520e-01 7.800000e-04 3.323680e-01
377 6.666760e-01 8.240000e-04 3.325000e-01
378 6.665320e-01 8.080000e-04 3.326600e-01
379 6.663160e-01 8.600000e-04 3.328240e-01
380 6.661600e-01 8.400000e-04 3.330000e-01
381 6.660040e-01 8.840000e-04 3.331120e-01
382 6.658680e-01 8.320000e-04 3.333000e-01
383 6.657560e-01 7.800000e-04 3.334640e-01
384 6.655960e-01 7.840000e-04 3.336200e-01
385 6.654200e-01 8.200000e-04 3.337600e-01
386 6.652800e-01 8.240000e-04 3.338960e-01
387 6.651240e-01 7.960000e-04 3.340800e-01
388 6.650000e-01 7.680000e-04 3.342320e-01
389 6.649640e-01 6.680000e-04 3.343680e-01
390 6.649160e-01 6.120000e-04 3.344720e-01
391 6.648320e-01 5.880000e-04 3.345800e-01
392 6.647280e-01 6.200000e-04 3.346520e-01
393 6.646240e-01 6.120000e-04 3.347640e-01
394 6.645320e-01 5.640000e-04 3.349040e-01
395 6.644360e-01 5.200000e-04 3.350440e-01
396 6.643080e-01 5.720000e-04 3.351200e-01
397 6.641960e-01 5.800000e-04 3.352240e-01
398 6.641000e-01 5.800000e-04 3.353200e-01
399 6.639560e-01 6.160000e-04 3.354280e-01
400 6.637840e-01 6.800000e-04 3.355360e-01
401 6.636320e-01 6.880000e-04 3.356800e-01
402 6.634760e-01 7.160000e-04 3.358080e-01
403 6.633400e-01 6.720000e-04 3.359880e-01
404 6.632400e-01 6.480000e-04 3.361120e-01
405 6.631320e-01 6.440000e-04 3.362240e-01
406 6.630480e-01 5.880000e-04 3.363640e-01
407 6.629560e-01 5.760000e-04 3.364680e-01
408 6.628600e-01 5.760000e-04 3.365640e-01
409 6.627840e-01 5.480000e-04 3.366680e-01
410 6.627040e-01 5.400000e-04 3.367560e-01
411 6.626320e-01 5.360000e-04 3.368320e-01
412 6.625520e-01 5.280000e-04 3.369200e-01
413 6.625000e-01 5.080000e-04 3.369920e-01
414 6.624280e-01 5.000000e-04 3.370720e-01
415 6.623480e-01 5.160000e-04 3.371360e-01
416 6.622720e-01 5.240000e-04 3.372040e-01
417 6.621840e-01 5.240000e-04 3.372920e-01
418 6.621160e-01 4.760000e-04 3.374080e-01
419 6.620320e-01 4.680000e-04 3.375000e-01
420 6.619480e-01 4.600000e-04 3.375920e-01
421 6.618920e-01 4.240000e-04 3.376840e-01
422 6.617760e-01 4.640000e-04 3.377600e-01
423 6.616560e-01 5.240000e-04 3.378200e-01
424 6.615360e-01 5.520000e-04 3.379120e-01
425 6.614280e-01 5.320000e-04 3.380400e-01
426 6.612960e-01 5.800000e-04 3.381240e-01
427 6.612280e-01 5.160000e-04 3.382560e-01
428 6.611440e-01 5.120000e-04 3.383440e-01
429 6.610280e-01 5.240000e-04 3.384480e-01
430 6.609240e-01 5.400000e-04 3.385360e-01
431 6.608360e-01 5.200000e-04 3.386440e-01
432 6.607480e-01 5.240000e-04 3.387280e-01
433 6.606640e-01 5.200000e-04 3.388160e-01
434 6.606280e-01 4.960000e-04 3.388760e-01
435 6.605520e-01 4.840000e-04 3.389640e-01
436 6.604920e-01 4.440000e-04 3.390640e-01
437 6.604440e-01 4.600000e-04 3.390960e-01
438 6.603520e-01 4.520000e-04 3.391960e-01
439 6.602600e-01 4.680000e-04 3.392720e-01
440 6.601960e-01 4.360000e-04 3.393680e-01
441 6.601200e-01 4.560000e-04 3.394240e-01
442 6.600320e-01 4.720000e-04 3.394960e-01
443 6.599240e-01 4.720000e-04 3.396040e-01
444 6.598280e-01 4.760000e-04 3.396960e-01
445 6.597400e-01 4.800000e-04 3.397800e-01
446 6.596200e-01 5.360000e-04 3.398440e-01
447 6.594840e-01 5.800000e-04 3.399360e-01
448 6.592920e-01 6.960000e-04 3.400120e-01
449 6.591720e-01 7.440000e-04 3.400840e-01
450 6.590400e-01 7.520000e-04 3.402080e-01
451 6.589280e-01 6.960000e-04 3.403760e-01
452 6.587880e-01 7.160000e-04 3.404960e-01
453 6.586400e-01 7.280000e-04 3.406320e-01
454 6.584600e-01 7.680000e-04 3.407720e-01
455 6.582960e-01 8.120000e-04 3.408920e-01
456 6.581360e-01 8.480000e-04 3.410160e-01
457 6.580200e-01 8.080000e-04 3.411720e-01
458 6.579280e-01 7.680000e-04 3.413040e-01
459 6.578280e-01 7.120000e-04 3.414600e-01
460 6.576920e-01 7.160000e-04 3.415920e-01
461 6.575720e-01 7.040000e-04 3.417240e-01
462 6.574720e-01 6.880000e-04 3.418400e-01
463 6.573960e-01 6.360000e-04 3.419680e-01
464 6.572960e-01 6.360000e-04 3.420680e-01
465 6.572160e-01 6.280000e-04 3.421560e-01
466 6.571200e-01 6.440000e-04 3.422360e-01
467 6.570080e-01 6.240000e-04 3.423680e-01
468 6.568600e-01 6.720000e-04 3.424680e-01
469 6.566840e-01 6.880000e-04 3.426280e-01
470 6.565720e-01 6.760000e-04 3.427520e-01
471 6.563840e-01 7.360000e-04 3.428800e-01
472 6.562520e-01 7.520000e-04 3.429960e-01
473 6.560880e-01 7.760000e-04 3.431360e-01
474 6.559760e-01 8.040000e-04 3.432200e-01
475 6.558240e-01 8.400000e-04 3.433360e-01
476 6.555640e-01 9.360000e-04 3.435000e-01
477 6.553880e-01 9.360000e-04 3.436760e-01
478 6.552160e-01 9.520000e-04 3.438320e-01
479 6.550280e-01 9.840000e-04 3.439880e-01
480 6.548360e-01 1.004000e-03 3.441600e-01
481 6.546200e-01 1.036000e-03 3.443440e-01
482 6.544120e-01 1.056000e-03 3.445320e-01
483 6.542720e-01 1.012000e-03 3.447160e-01
484 6.541360e-01 9.600000e-04 3.449040e-01
485 6.539280e-01 1.044000e-03 3.450280e-01
486 6.537280e-01 1.016000e-03 3.452560e-01
487 6.535120e-01 1.088000e-03 3.454000e-01
488 6.533360e-01 1.072000e-03 3.455920e-01
489 6.531600e-01 1.076000e-03 3.457640e-01
490 6.530600e-01 9.640000e-04 3.459760e-01
491 6.528960e-01 9.520000e-04 3.461520e-01
492 6.527320e-01 9.680000e-04 3.463000e-01
493 6.525760e-01 9.600000e-04 3.464640e-01
494 6.523880e-01 9.960000e-04 3.466160e-01
495 6.521960e-01 1.024000e-03 3.467800e-01
496 6.519680e-01 1.052000e-03 3.469800e-01
497 6.517160e-01 1.100000e-03 3.471840e-01
498 6.515080e-01 1.072000e-03 3.474200e-01
499 6.512720e-01 1.100000e-03 3.476280e-01
500 6.509600e-01 1.248000e-03 3.477920e-01
