1 9.991720e-01 6.920000e-04 1.360000e-04
2 9.986680e-01 1.048000e-03 2.840000e-04
3 9.980560e-01 1.472000e-03 4.720000e-04
4 9.972800e-01 1.972000e-03 7.480000e-04
5 9.964240e-01 2.432000e-03 1.144000e-03
6 9.955200e-01 2.880000e-03 1.600000e-03
7 9.945560e-01 3.352000e-03 2.092000e-03
8 9.935840e-01 3.732000e-03 2.684000e-03
9 9.926320e-01 3.984000e-03 3.384000e-03
10 9.916680e-01 4.168000e-03 4.164000e-03
11 9.906200e-01 4.568000e-03 4.812000e-03
12 9.894960e-01 4.844000e-03 5.660000e-03
13 9.885480e-01 4.852000e-03 6.600000e-03
14 9.875080e-01 5.048000e-03 7.444000e-03
15 9.863880e-01 5.284000e-03 8.328000e-03
16 9.852400e-01 5.376000e-03 9.384000e-03
17 9.840680e-01 5.568000e-03 1.036400e-02
18 9.828240e-01 5.808000e-03 1.136800e-02
19 9.816760e-01 5.992000e-03 1.233200e-02
20 9.802400e-01 6.356000e-03 1.340400e-02
21 9.790280e-01 6.444000e-03 1.452800e-02
22 9.776320e-01 6.704000e-03 1.566400e-02
23 9.763120e-01 6.872000e-03 1.681600e-02
24 9.749320e-01 6.956000e-03 1.811200e-02
25 9.736520e-01 6.980000e-03 1.936800e-02
26 9.723800e-01 7.048000e-03 2.057200e-02
27 9.710920e-01 6.960000e-03 2.194800e-02
28 9.698040e-01 7.104000e-03 2.309200e-02
29 9.685160e-01 7.112000e-03 2.437200e-02
30 9.671840e-01 7.224000e-03 2.559200e-02
31 9.658960e-01 7.252000e-03 2.685200e-02
32 9.645720e-01 7.328000e-03 2.810000e-02
33 9.632800e-01 7.308000e-03 2.941200e-02
34 9.620800e-01 7.296000e-03 3.062400e-02
35 9.607680e-01 7.316000e-03 3.191600e-02
36 9.595440e-01 7.296000e-03 3.316000e-02
37 9.581560e-01 7.380000e-03 3.446400e-02
38 9.568080e-01 7.420000e-03 3.577200e-02
39 9.553960e-01 7.536000e-03 3.706800e-02
40 9.539320e-01 7.744000e-03 3.832400e-02
41 9.524920e-01 7.852000e-03 3.965600e-02
42 9.509760e-01 7.904000e-03 4.112000e-02
43 9.496120e-01 7.912000e-03 4.247600e-02
44 9.479160e-01 8.268000e-03 4.381600e-02
45 9.464840e-01 8.232000e-03 4.528400e-02
46 9.448080e-01 8.452000e-03 4.674000e-02
47 9.433120e-01 8.516000e-03 4.817200e-02
48 9.418400e-01 8.516000e-03 4.964400e-02
49 9.403280e-01 8.480000e-03 5.119200e-02
50 9.387600e-01 8.504000e-03 5.273600e-02
51 9.372800e-01 8.460000e-03 5.426000e-02
52 9.357360e-01 8.416000e-03 5.584800e-02
53 9.342200e-01 8.500000e-03 5.728000e-02
54 9.327640e-01 8.520000e-03 5.871600e-02
55 9.311960e-01 8.516000e-03 6.028800e-02
56 9.296320e-01 8.624000e-03 6.174400e-02
57 9.281560e-01 8.600000e-03 6.324400e-02
58 9.265960e-01 8.712000e-03 6.469200e-02
59 9.249480e-01 8.772000e-03 6.628000e-02
60 9.232120e-01 8.876000e-03 6.791200e-02
61 9.218040e-01 8.784000e-03 6.941200e-02
62 9.203480e-01 8.656000e-03 7.099600e-02
63 9.187360e-01 8.804000e-03 7.246000e-02
64 9.173920e-01 8.652000e-03 7.395600e-02
65 9.157560e-01 8.840000e-03 7.540400e-02
66 9.143440e-01 8.748000e-03 7.690800e-02
67 9.128000e-01 8.672000e-03 7.852800e-02
68 9.113160e-01 8.496000e-03 8.018800e-02
69 9.098280e-01 8.536000e-03 8.163600e-02
70 9.083880e-01 8.524000e-03 8.308800e-02
71 9.069080e-01 8.340000e-03 8.475200e-02
72 9.055640e-01 8.228000e-03 8.620800e-02
73 9.041080e-01 8.304000e-03 8.758800e-02
74 9.024840e-01 8.456000e-03 8.906000e-02
75 9.010480e-01 8.400000e-03 9.055200e-02
76 8.996640e-01 8.200000e-03 9.213600e-02
77 8.982080e-01 8.252000e-03 9.354000e-02
78 8.967720e-01 8.260000e-03 9.496800e-02
79 8.954920e-01 8.164000e-03 9.634400e-02
80 8.942080e-01 7.944000e-03 9.784800e-02
81 8.927200e-01 8.024000e-03 9.925600e-02
82 8.914280e-01 7.784000e-03 1.007880e-01
83 8.899800e-01 7.972000e-03 1.020480e-01
84 8.885960e-01 8.032000e-03 1.033720e-01
85 8.871720e-01 8.012000e-03 1.048160e-01
86 8.857600e-01 8.032000e-03 1.062080e-01
87 8.844480e-01 7.956000e-03 1.075960e-01
88 8.830560e-01 8.024000e-03 1.089200e-01
89 8.816080e-01 8.104000e-03 1.102880e-01
90 8.800960e-01 8.132000e-03 1.117720e-01
91 8.787800e-01 8.028000e-03 1.131920e-01
92 8.773120e-01 8.124000e-03 1.145640e-01
93 8.758000e-01 8.304000e-03 1.158960e-01
94 8.742240e-01 8.412000e-03 1.173640e-01
95 8.727240e-01 8.484000e-03 1.187920e-01
96 8.712320e-01 8.280000e-03 1.204880e-01
97 8.699320e-01 8.100000e-03 1.219680e-01
98 8.685600e-01 8.132000e-03 1.233080e-01
99 8.671560e-01 8.068000e-03 1.247760e-01
100 8.658480e-01 8.048000e-03 1.261040e-01
101 8.643680e-01 8.148000e-03 1.274840e-01
102 8.627360e-01 8.292000e-03 1.289720e-01
103 8.612520e-01 8.400000e-03 1.303480e-01
104 8.599280e-01 8.192000e-03 1.318800e-01
105 8.584680e-01 8.156000e-03 1.333760e-01
106 8.570680e-01 8.076000e-03 1.348560e-01
107 8.558280e-01 7.972000e-03 1.362000e-01
108 8.543640e-01 8.120000e-03 1.375160e-01
109 8.529280e-01 8.160000e-03 1.389120e-01
110 8.513080e-01 8.352000e-03 1.403400e-01
111 8.498360e-01 8.452000e-03 1.417120e-01
112 8.483040e-01 8.452000e-03 1.432440e-01
113 8.467080e-01 8.544000e-03 1.447480e-01
114 8.450760e-01 8.608000e-03 1.463160e-01
115 8.435680e-01 8.616000e-03 1.478160e-01
116 8.419800e-01 8.680000e-03 1.493400e-01
117 8.404640e-01 8.580000e-03 1.509560e-01
118 8.390760e-01 8.476000e-03 1.524480e-01
119 8.376920e-01 8.356000e-03 1.539520e-01
120 8.362680e-01 8.384000e-03 1.553480e-01
121 8.347400e-01 8.428000e-03 1.568320e-01
122 8.331760e-01 8.580000e-03 1.582440e-01
123 8.315880e-01 8.684000e-03 1.597280e-01
124 8.300280e-01 8.640000e-03 1.613320e-01
125 8.284960e-01 8.700000e-03 1.628040e-01
126 8.270720e-01 8.624000e-03 1.643040e-01
127 8.255400e-01 8.700000e-03 1.657600e-01
128 8.240240e-01 8.664000e-03 1.673120e-01
129 8.224480e-01 8.728000e-03 1.688240e-01
130 8.208440e-01 8.836000e-03 1.703200e-01
131 8.194040e-01 8.672000e-03 1.719240e-01
132 8.180720e-01 8.444000e-03 1.734840e-01
133 8.165800e-01 8.300000e-03 1.751200e-01
134 8.153520e-01 8.008000e-03 1.766400e-01
135 8.140560e-01 7.848000e-03 1.780960e-01
136 8.127960e-01 7.736000e-03 1.794680e-01
137 8.112760e-01 7.840000e-03 1.808840e-01
138 8.099760e-01 7.760000e-03 1.822640e-01
139 8.085080e-01 7.788000e-03 1.837040e-01
140 8.072360e-01 7.784000e-03 1.849800e-01
141 8.057720e-01 7.860000e-03 1.863680e-01
142 8.043800e-01 7.768000e-03 1.878520e-01
143 8.029920e-01 7.832000e-03 1.891760e-01
144 8.015880e-01 7.920000e-03 1.904920e-01
145 8.002600e-01 7.852000e-03 1.918880e-01
146 7.989240e-01 7.796000e-03 1.932800e-01
147 7.976280e-01 7.720000e-03 1.946520e-01
148 7.963640e-01 7.676000e-03 1.959600e-01
149 7.952240e-01 7.376000e-03 1.974000e-01
150 7.941000e-01 7.140000e-03 1.987600e-01
151 7.929480e-01 7.116000e-03 1.999360e-01
152 7.918000e-01 7.028000e-03 2.011720e-01
153 7.906520e-01 6.996000e-03 2.023520e-01
154 7.896360e-01 6.860000e-03 2.035040e-01
155 7.885680e-01 6.732000e-03 2.047000e-01
156 7.874640e-01 6.664000e-03 2.058720e-01
157 7.863560e-01 6.664000e-03 2.069800e-01
158 7.854360e-01 6.496000e-03 2.080680e-01
159 7.843720e-01 6.524000e-03 2.091040e-01
160 7.833600e-01 6.452000e-03 2.101880e-01
161 7.823560e-01 6.364000e-03 2.112800e-01
162 7.813400e-01 6.148000e-03 2.125120e-01
163 7.805520e-01 5.920000e-03 2.135280e-01
164 7.795200e-01 6.000000e-03 2.144800e-01
165 7.784720e-01 5.988000e-03 2.155400e-01
166 7.775560e-01 5.860000e-03 2.165840e-01
167 7.766640e-01 5.716000e-03 2.176200e-01
168 7.757120e-01 5.700000e-03 2.185880e-01
169 7.748320e-01 5.660000e-03 2.195080e-01
170 7.739440e-01 5.592000e-03 2.204640e-01
171 7.729760e-01 5.660000e-03 2.213640e-01
172 7.719080e-01 5.760000e-03 2.223320e-01
173 7.709320e-01 5.760000e-03 2.233080e-01
174 7.699680e-01 5.772000e-03 2.242600e-01
175 7.689160e-01 5.900000e-03 2.251840e-01
176 7.678360e-01 6.052000e-03 2.261120e-01
177 7.667800e-01 6.076000e-03 2.271440e-01
178 7.657200e-01 6.092000e-03 2.281880e-01
179 7.646280e-01 6.048000e-03 2.293240e-01
180 7.634600e-01 6.160000e-03 2.303800e-01
181 7.623240e-01 6.144000e-03 2.315320e-01
182 7.612080e-01 6.132000e-03 2.326600e-01
183 7.601760e-01 6.044000e-03 2.337800e-01
184 7.590000e-01 6.240000e-03 2.347600e-01
185 7.578520e-01 6.232000e-03 2.359160e-01
186 7.567440e-01 6.208000e-03 2.370480e-01
187 7.558120e-01 6.048000e-03 2.381400e-01
188 7.548080e-01 6.028000e-03 2.391640e-01
189 7.538440e-01 5.900000e-03 2.402560e-01
190 7.528760e-01 5.820000e-03 2.413040e-01
191 7.519920e-01 5.588000e-03 2.424200e-01
192 7.510760e-01 5.524000e-03 2.434000e-01
193 7.503160e-01 5.388000e-03 2.442960e-01
194 7.494120e-01 5.420000e-03 2.451680e-01
195 7.483960e-01 5.444000e-03 2.461600e-01
196 7.475480e-01 5.348000e-03 2.471040e-01
197 7.466360e-01 5.324000e-03 2.480400e-01
198 7.457440e-01 5.212000e-03 2.490440e-01
199 7.448120e-01 5.204000e-03 2.499840e-01
200 7.438200e-01 5.344000e-03 2.508360e-01
201 7.428720e-01 5.272000e-03 2.518560e-01
202 7.418960e-01 5.384000e-03 2.527200e-01
203 7.410000e-01 5.224000e-03 2.537760e-01
204 7.399320e-01 5.376000e-03 2.546920e-01
205 7.389920e-01 5.472000e-03 2.555360e-01
206 7.380520e-01 5.592000e-03 2.563560e-01
207 7.370440e-01 5.556000e-03 2.574000e-01
208 7.360680e-01 5.544000e-03 2.583880e-01
209 7.349920e-01 5.732000e-03 2.592760e-01
210 7.340360e-01 5.772000e-03 2.601920e-01
211 7.331200e-01 5.640000e-03 2.612400e-01
212 7.322360e-01 5.616000e-03 2.621480e-01
213 7.312960e-01 5.588000e-03 2.631160e-01
214 7.304440e-01 5.436000e-03 2.641200e-01
215 7.296040e-01 5.360000e-03 2.650360e-01
216 7.287240e-01 5.308000e-03 2.659680e-01
217 7.278840e-01 5.252000e-03 2.668640e-01
218 7.270080e-01 5.220000e-03 2.677720e-01
219 7.261400e-01 5.112000e-03 2.687480e-01
220 7.254480e-01 4.924000e-03 2.696280e-01
221 7.246200e-01 4.864000e-03 2.705160e-01
222 7.239520e-01 4.696000e-03 2.713520e-01
223 7.232160e-01 4.508000e-03 2.722760e-01
224 7.224800e-01 4.492000e-03 2.730280e-01
225 7.216600e-01 4.548000e-03 2.737920e-01
226 7.209280e-01 4.524000e-03 2.745480e-01
227 7.203080e-01 4.324000e-03 2.753680e-01
228 7.196840e-01 4.260000e-03 2.760560e-01
229 7.189920e-01 4.184000e-03 2.768240e-01
230 7.182040e-01 4.360000e-03 2.774360e-01
231 7.174520e-01 4.404000e-03 2.781440e-01
232 7.166240e-01 4.400000e-03 2.789760e-01
233 7.158960e-01 4.444000e-03 2.796600e-01
234 7.150840e-01 4.424000e-03 2.804920e-01
235 7.142520e-01 4.424000e-03 2.813240e-01
236 7.135160e-01 4.396000e-03 2.820880e-01
237 7.128160e-01 4.272000e-03 2.829120e-01
238 7.119920e-01 4.392000e-03 2.836160e-01
239 7.111920e-01 4.436000e-03 2.843720e-01
240 7.104880e-01 4.404000e-03 2.851080e-01
241 7.097160e-01 4.364000e-03 2.859200e-01
242 7.089320e-01 4.380000e-03 2.866880e-01
243 7.080320e-01 4.544000e-03 2.874240e-01
244 7.073400e-01 4.460000e-03 2.882000e-01
245 7.066920e-01 4.332000e-03 2.889760e-01
246 7.059000e-01 4.324000e-03 2.897760e-01
247 7.051040e-01 4.344000e-03 2.905520e-01
248 7.043040e-01 4.532000e-03 2.911640e-01
249 7.036120e-01 4.376000e-03 2.920120e-01
250 7.029840e-01 4.156000e-03 2.928600e-01
251 7.022480e-01 4.196000e-03 2.935560e-01
252 7.016200e-01 4.108000e-03 2.942720e-01
253 7.010720e-01 3.944000e-03 2.949840e-01
254 7.005640e-01 3.688000e-03 2.957480e-01
255 6.999720e-01 3.668000e-03 2.963600e-01
256 6.993680e-01 3.672000e-03 2.969600e-01
257 6.987760e-01 3.584000e-03 2.976400e-01
258 6.981360e-01 3.552000e-03 2.983120e-01
259 6.975440e-01 3.484000e-03 2.989720e-01
260 6.969840e-01 3.404000e-03 2.996120e-01
261 6.962920e-01 3.416000e-03 3.002920e-01
262 6.956480e-01 3.428000e-03 3.009240e-01
263 6.950560e-01 3.388000e-03 3.015560e-01
264 6.943560e-01 3.556000e-03 3.020880e-01
265 6.937080e-01 3.612000e-03 3.026800e-01
266 6.930760e-01 3.604000e-03 3.033200e-01
267 6.924840e-01 3.520000e-03 3.039960e-01
268 6.918040e-01 3.556000e-03 3.046400e-01
269 6.912160e-01 3.524000e-03 3.052600e-01
270 6.906120e-01 3.480000e-03 3.059080e-01
271 6.899840e-01 3.488000e-03 3.065280e-01
272 6.894000e-01 3.484000e-03 3.071160e-01
273 6.888360e-01 3.396000e-03 3.077680e-01
274 6.882240e-01 3.444000e-03 3.083320e-01
275 6.875360e-01 3.556000e-03 3.089080e-01
276 6.868000e-01 3.712000e-03 3.094880e-01
277 6.862000e-01 3.576000e-03 3.102240e-01
278 6.855880e-01 3.472000e-03 3.109400e-01
279 6.850040e-01 3.448000e-03 3.115480e-01
280 6.844480e-01 3.460000e-03 3.120920e-01
281 6.838960e-01 3.412000e-03 3.126920e-01
282 6.833800e-01 3.348000e-03 3.132720e-01
283 6.828120e-01 3.308000e-03 3.138800e-01
284 6.822440e-01 3.300000e-03 3.144560e-01
285 6.818520e-01 3.152000e-03 3.149960e-01
286 6.814440e-01 3.012000e-03 3.155440e-01
287 6.809040e-01 3.008000e-03 3.160880e-01
288 6.804400e-01 2.988000e-03 3.165720e-01
289 6.798960e-01 3.072000e-03 3.170320e-01
290 6.794800e-01 3.016000e-03 3.175040e-01
291 6.790080e-01 2.972000e-03 3.180200e-01
292 6.785840e-01 2.868000e-03 3.185480e-01
293 6.782040e-01 2.728000e-03 3.190680e-01
294 6.777960e-01 2.652000e-03 3.195520e-01
295 6.773200e-01 2.668000e-03 3.200120e-01
296 6.768480e-01 2.660000e-03 3.204920e-01
297 6.764600e-01 2.568000e-03 3.209720e-01
298 6.760600e-01 2.484000e-03 3.214560e-01
299 6.756280e-01 2.468000e-03 3.219040e-01
300 6.752680e-01 2.416000e-03 3.223160e-01
301 6.748880e-01 2.404000e-03 3.227080e-01
302 6.744800e-01 2.440000e-03 3.230800e-01
303 6.740800e-01 2.472000e-03 3.234480e-01
304 6.736240e-01 2.444000e-03 3.239320e-01
305 6.731360e-01 2.560000e-03 3.243040e-01
306 6.727400e-01 2.488000e-03 3.247720e-01
307 6.723200e-01 2.444000e-03 3.252360e-01
308 6.718360e-01 2.528000e-03 3.256360e-01
309 6.714600e-01 2.512000e-03 3.260280e-01
310 6.710800e-01 2.440000e-03 3.264800e-01
311 6.706880e-01 2.456000e-03 3.268560e-01
312 6.704160e-01 2.300000e-03 3.272840e-01
313 6.700400e-01 2.292000e-03 3.276680e-01
314 6.696560e-01 2.240000e-03 3.281040e-01
315 6.692800e-01 2.212000e-03 3.285080e-01
316 6.688760e-01 2.268000e-03 3.288560e-01
317 6.685560e-01 2.228000e-03 3.292160e-01
318 6.682240e-01 2.200000e-03 3.295760e-01
319 6.679720e-01 2.068000e-03 3.299600e-01
320 6.676240e-01 1.976000e-03 3.304000e-01
321 6.673480e-01 1.904000e-03 3.307480e-01
322 6.670400e-01 1.864000e-03 3.310960e-01
323 6.666840e-01 1.904000e-03 3.314120e-01
324 6.663520e-01 1.880000e-03 3.317680e-01
325 6.659920e-01 1.852000e-03 3.321560e-01
326 6.656760e-01 1.848000e-03 3.324760e-01
327 6.653680e-01 1.820000e-03 3.328120e-01
328 6.650600e-01 1.796000e-03 3.331440e-01
329 6.647480e-01 1.808000e-03 3.334440e-01
330 6.643880e-01 1.852000e-03 3.337600e-01
331 6.641160e-01 1.832000e-03 3.340520e-01
332 6.637560e-01 1.876000e-03 3.343680e-01
333 6.634040e-01 1.924000e-03 3.346720e-01
334 6.630000e-01 1.984000e-03 3.350160e-01
335 6.626800e-01 1.940000e-03 3.353800e-01
336 6.623040e-01 1.984000e-03 3.357120e-01
337 6.618160e-01 2.144000e-03 3.360400e-01
338 6.614280e-01 2.168000e-03 3.364040e-01
339 6.609880e-01 2.308000e-03 3.367040e-01
340 6.604560e-01 2.444000e-03 3.371000e-01
341 6.600080e-01 2.472000e-03 3.375200e-01
342 6.595960e-01 2.472000e-03 3.379320e-01
343 6.592320e-01 2.384000e-03 3.383840e-01
344 6.588640e-01 2.404000e-03 3.387320e-01
345 6.585320e-01 2.348000e-03 3.391200e-01
346 6.581760e-01 2.288000e-03 3.395360e-01
347 6.578600e-01 2.232000e-03 3.399080e-01
348 6.576200e-01 2.036000e-03 3.403440e-01
349 6.573560e-01 1.984000e-03 3.406600e-01
350 6.571160e-01 1.848000e-03 3.410360e-01
351 6.568760e-01 1.744000e-03 3.413800e-01
352 6.566320e-01 1.688000e-03 3.416800e-01
353 6.563080e-01 1.696000e-03 3.419960e-01
354 6.560320e-01 1.700000e-03 3.422680e-01
355 6.557120e-01 1.704000e-03 3.425840e-01
356 6.554240e-01 1.760000e-03 3.428160e-01
357 6.551080e-01 1.792000e-03 3.431000e-01
358 6.547840e-01 1.736000e-03 3.434800e-01
359 6.545080e-01 1.712000e-03 3.437800e-01
360 6.543000e-01 1.660000e-03 3.440400e-01
361 6.540560e-01 1.644000e-03 3.443000e-01
362 6.538880e-01 1.520000e-03 3.445920e-01
363 6.536400e-01 1.472000e-03 3.448880e-01
364 6.534200e-01 1.384000e-03 3.451960e-01
365 6.531960e-01 1.388000e-03 3.454160e-01
366 6.529760e-01 1.384000e-03 3.456400e-01
367 6.527760e-01 1.336000e-03 3.458880e-01
368 6.526080e-01 1.264000e-03 3.461280e-01
369 6.524360e-01 1.208000e-03 3.463560e-01
370 6.522880e-01 1.172000e-03 3.465400e-01
371 6.521160e-01 1.160000e-03 3.467240e-01
372 6.519280e-01 1.208000e-03 3.468640e-01
373 6.517880e-01 1.148000e-03 3.470640e-01
374 6.516760e-01 1.068000e-03 3.472560e-01
375 6.515520e-01 1.016000e-03 3.474320e-01
376 6.514240e-01 9.560000e-04 3.476200e-01
377 6.512800e-01 9.440000e-04 3.477760e-01
378 6.511800e-01 8.760000e-04 3.479440e-01
379 6.510320e-01 8.840000e-04 3.480840e-01
380 6.508840e-01 8.720000e-04 3.482440e-01
381 6.507160e-01 9.280000e-04 3.483560e-01
382 6.505360e-01 9.040000e-04 3.485600e-01
383 6.504160e-01 8.600000e-04 3.487240e-01
384 6.502920e-01 8.320000e-04 3.488760e-01
385 6.501440e-01 8.040000e-04 3.490520e-01
386 6.500040e-01 7.720000e-04 3.492240e-01
387 6.498680e-01 7.840000e-04 3.493480e-01
388 6.497680e-01 7.680000e-04 3.494640e-01
389 6.496360e-01 7.720000e-04 3.495920e-01
390 6.494120e-01 8.440000e-04 3.497440e-01
391 6.492200e-01 8.800000e-04 3.499000e-01
392 6.490880e-01 8.560000e-04 3.500560e-01
393 6.488960e-01 9.120000e-04 3.501920e-01
394 6.487920e-01 8.880000e-04 3.503200e-01
395 6.486720e-01 8.520000e-04 3.504760e-01
396 6.485480e-01 8.200000e-04 3.506320e-01
397 6.484000e-01 8.240000e-04 3.507760e-01
398 6.482160e-01 8.720000e-04 3.509120e-01
399 6.480360e-01 9.120000e-04 3.510520e-01
400 6.478760e-01 8.800000e-04 3.512440e-01
401 6.476800e-01 9.360000e-04 3.513840e-01
402 6.475040e-01 9.600000e-04 3.515360e-01
403 6.473400e-01 9.320000e-04 3.517280e-01
404 6.471880e-01 8.880000e-04 3.519240e-01
405 6.470720e-01 8.680000e-04 3.520600e-01
406 6.469360e-01 8.520000e-04 3.522120e-01
407 6.467680e-01 9.160000e-04 3.523160e-01
408 6.466040e-01 9.160000e-04 3.524800e-01
409 6.464840e-01 8.760000e-04 3.526400e-01
410 6.463120e-01 8.720000e-04 3.528160e-01
411 6.461960e-01 8.480000e-04 3.529560e-01
412 6.460120e-01 8.960000e-04 3.530920e-01
413 6.458320e-01 8.840000e-04 3.532840e-01
414 6.456600e-01 9.120000e-04 3.534280e-01
415 6.454880e-01 8.760000e-04 3.536360e-01
416 6.453320e-01 8.520000e-04 3.538160e-01
417 6.451880e-01 8.720000e-04 3.539400e-01
418 6.450240e-01 8.680000e-04 3.541080e-01
419 6.448800e-01 8.560000e-04 3.542640e-01
420 6.447520e-01 8.240000e-04 3.544240e-01
421 6.446120e-01 8.040000e-04 3.545840e-01
422 6.444960e-01 8.000000e-04 3.547040e-01
423 6.443960e-01 7.560000e-04 3.548480e-01
424 6.442720e-01 7.240000e-04 3.550040e-01
425 6.441560e-01 7.040000e-04 3.551400e-01
426 6.440720e-01 6.680000e-04 3.552600e-01
427 6.439520e-01 6.920000e-04 3.553560e-01
428 6.438360e-01 6.720000e-04 3.554920e-01
429 6.437080e-01 6.880000e-04 3.556040e-01
430 6.435560e-01 7.080000e-04 3.557360e-01
431 6.434240e-01 7.040000e-04 3.558720e-01
432 6.432920e-01 7.600000e-04 3.559480e-01
433 6.432120e-01 7.200000e-04 3.560680e-01
434 6.430760e-01 7.040000e-04 3.562200e-01
435 6.429240e-01 7.560000e-04 3.563200e-01
436 6.427880e-01 7.200000e-04 3.564920e-01
437 6.426760e-01 6.880000e-04 3.566360e-01
438 6.426000e-01 6.600000e-04 3.567400e-01
439 6.424920e-01 6.680000e-04 3.568400e-01
440 6.424120e-01 6.480000e-04 3.569400e-01
441 6.423520e-01 5.920000e-04 3.570560e-01
442 6.422800e-01 5.880000e-04 3.571320e-01
443 6.421880e-01 5.600000e-04 3.572520e-01
444 6.421120e-01 5.400000e-04 3.573480e-01
445 6.420120e-01 5.160000e-04 3.574720e-01
446 6.419520e-01 4.800000e-04 3.575680e-01
447 6.418720e-01 4.760000e-04 3.576520e-01
448 6.417760e-01 5.120000e-04 3.577120e-01
449 6.416600e-01 5.360000e-04 3.578040e-01
450 6.416040e-01 5.280000e-04 3.578680e-01
451 6.415240e-01 5.040000e-04 3.579720e-01
452 6.414400e-01 5.040000e-04 3.580560e-01
453 6.413000e-01 5.240000e-04 3.581760e-01
454 6.412240e-01 5.000000e-04 3.582760e-01
455 6.411080e-01 5.200000e-04 3.583720e-01
456 6.410560e-01 4.880000e-04 3.584560e-01
457 6.409560e-01 5.040000e-04 3.585400e-01
458 6.408720e-01 5.160000e-04 3.586120e-01
459 6.407840e-01 5.200000e-04 3.586960e-01
460 6.407080e-01 5.200000e-04 3.587720e-01
461 6.406360e-01 4.960000e-04 3.588680e-01
462 6.405720e-01 4.720000e-04 3.589560e-01
463 6.405360e-01 4.240000e-04 3.590400e-01
464 6.404880e-01 4.200000e-04 3.590920e-01
465 6.404080e-01 4.480000e-04 3.591440e-01
466 6.403560e-01 4.040000e-04 3.592400e-01
467 6.402920e-01 4.040000e-04 3.593040e-01
468 6.402160e-01 4.080000e-04 3.593760e-01
469 6.401480e-01 4.160000e-04 3.594360e-01
470 6.400840e-01 4.120000e-04 3.595040e-01
471 6.400000e-01 4.280000e-04 3.595720e-01
472 6.399360e-01 4.360000e-04 3.596280e-01
473 6.398160e-01 4.760000e-04 3.597080e-01
474 6.397160e-01 4.720000e-04 3.598120e-01
475 6.396080e-01 4.840000e-04 3.599080e-01
476 6.395280e-01 4.720000e-04 3.600000e-01
477 6.394440e-01 4.800000e-04 3.600760e-01
478 6.393640e-01 4.800000e-04 3.601560e-01
479 6.392720e-01 5.120000e-04 3.602160e-01
480 6.391440e-01 5.640000e-04 3.602920e-01
481 6.390320e-01 6.200000e-04 3.603480e-01
482 6.389480e-01 5.840000e-04 3.604680e-01
483 6.387920e-01 6.200000e-04 3.605880e-01
484 6.386640e-01 6.600000e-04 3.606760e-01
485 6.385440e-01 6.400000e-04 3.608160e-01
486 6.384600e-01 5.880000e-04 3.609520e-01
487 6.383760e-01 5.720000e-04 3.610520e-01
488 6.382560e-01 6.080000e-04 3.611360e-01
489 6.381560e-01 6.160000e-04 3.612280e-01
490 6.380600e-01 6.280000e-04 3.613120e-01
491 6.379760e-01 6.280000e-04 3.613960e-01
492 6.378960e-01 6.080000e-04 3.614960e-01
493 6.378120e-01 5.560000e-04 3.616320e-01
494 6.376840e-01 5.960000e-04 3.617200e-01
495 6.375400e-01 6.520000e-04 3.618080e-01
496 6.374160e-01 6.600000e-04 3.619240e-01
497 6.372720e-01 7.040000e-04 3.620240e-01
498 6.371600e-01 6.920000e-04 3.621480e-01
499 6.370160e-01 7.120000e-04 3.622720e-01
500 6.368880e-01 7.080000e-04 3.624040e-01
