1 9.993000e-01 5.760000e-04 1.240000e-04
2 9.988080e-01 9.400000e-04 2.520000e-04
3 9.982960e-01 1.232000e-03 4.720000e-04
4 9.977680e-01 1.544000e-03 6.880000e-04
5 9.970560e-01 1.940000e-03 1.004000e-03
6 9.964000e-01 2.244000e-03 1.356000e-03
7 9.956040e-01 2.672000e-03 1.724000e-03
8 9.947600e-01 3.000000e-03 2.240000e-03
9 9.938600e-01 3.336000e-03 2.804000e-03
10 9.929640e-01 3.648000e-03 3.388000e-03
11 9.920720e-01 3.896000e-03 4.032000e-03
12 9.911640e-01 4.044000e-03 4.792000e-03
13 9.902120e-01 4.224000e-03 5.564000e-03
14 9.892480e-01 4.400000e-03 6.352000e-03
15 9.883720e-01 4.452000e-03 7.176000e-03
16 9.873840e-01 4.744000e-03 7.872000e-03
17 9.863560e-01 4.792000e-03 8.852000e-03
18 9.854200e-01 4.932000e-03 9.648000e-03
19 9.844520e-01 4.952000e-03 1.059600e-02
20 9.835040e-01 5.024000e-03 1.147200e-02
21 9.825160e-01 4.996000e-03 1.248800e-02
22 9.816080e-01 5.000000e-03 1.339200e-02
23 9.806360e-01 5.136000e-03 1.422800e-02
24 9.795760e-01 5.292000e-03 1.513200e-02
25 9.784480e-01 5.456000e-03 1.609600e-02
26 9.774400e-01 5.452000e-03 1.710800e-02
27 9.764000e-01 5.520000e-03 1.808000e-02
28 9.752840e-01 5.708000e-03 1.900800e-02
29 9.741560e-01 5.864000e-03 1.998000e-02
30 9.730840e-01 5.936000e-03 2.098000e-02
31 9.719480e-01 6.156000e-03 2.189600e-02
32 9.707200e-01 6.264000e-03 2.301600e-02
33 9.694280e-01 6.448000e-03 2.412400e-02
34 9.681040e-01 6.672000e-03 2.522400e-02
35 9.668880e-01 6.628000e-03 2.648400e-02
36 9.657400e-01 6.656000e-03 2.760400e-02
37 9.646160e-01 6.692000e-03 2.869200e-02
38 9.634960e-01 6.564000e-03 2.994000e-02
39 9.624440e-01 6.572000e-03 3.098400e-02
40 9.612600e-01 6.640000e-03 3.210000e-02
41 9.600160e-01 6.752000e-03 3.323200e-02
42 9.589400e-01 6.584000e-03 3.447600e-02
43 9.576920e-01 6.668000e-03 3.564000e-02
44 9.565120e-01 6.780000e-03 3.670800e-02
45 9.552360e-01 6.844000e-03 3.792000e-02
46 9.540560e-01 6.884000e-03 3.906000e-02
47 9.526160e-01 7.144000e-03 4.024000e-02
48 9.513040e-01 7.092000e-03 4.160400e-02
49 9.498840e-01 7.136000e-03 4.298000e-02
50 9.484440e-01 7.420000e-03 4.413600e-02
51 9.470760e-01 7.552000e-03 4.537200e-02
52 9.457920e-01 7.392000e-03 4.681600e-02
53 9.445400e-01 7.256000e-03 4.820400e-02
54 9.430800e-01 7.452000e-03 4.946800e-02
55 9.416640e-01 7.584000e-03 5.075200e-02
56 9.403440e-01 7.588000e-03 5.206800e-02
57 9.389760e-01 7.544000e-03 5.348000e-02
58 9.375440e-01 7.676000e-03 5.478000e-02
59 9.360560e-01 7.784000e-03 5.616000e-02
60 9.347880e-01 7.612000e-03 5.760000e-02
61 9.333240e-01 7.732000e-03 5.894400e-02
62 9.320160e-01 7.632000e-03 6.035200e-02
63 9.306320e-01 7.812000e-03 6.155600e-02
64 9.293160e-01 7.660000e-03 6.302400e-02
65 9.281960e-01 7.500000e-03 6.430400e-02
66 9.269760e-01 7.508000e-03 6.551600e-02
67 9.258680e-01 7.284000e-03 6.684800e-02
68 9.246160e-01 7.176000e-03 6.820800e-02
69 9.232840e-01 7.124000e-03 6.959200e-02
70 9.222200e-01 7.044000e-03 7.073600e-02
71 9.210400e-01 6.980000e-03 7.198000e-02
72 9.197760e-01 7.084000e-03 7.314000e-02
73 9.183840e-01 7.172000e-03 7.444400e-02
74 9.171960e-01 7.148000e-03 7.565600e-02
75 9.159560e-01 7.168000e-03 7.687600e-02
76 9.146320e-01 7.268000e-03 7.810000e-02
77 9.132080e-01 7.440000e-03 7.935200e-02
78 9.118120e-01 7.588000e-03 8.060000e-02
79 9.103360e-01 7.872000e-03 8.179200e-02
80 9.090480e-01 7.864000e-03 8.308800e-02
81 9.076840e-01 7.844000e-03 8.447200e-02
82 9.063040e-01 7.940000e-03 8.575600e-02
83 9.049400e-01 8.020000e-03 8.704000e-02
84 9.035560e-01 7.984000e-03 8.846000e-02
85 9.021920e-01 7.984000e-03 8.982400e-02
86 9.007400e-01 8.056000e-03 9.120400e-02
87 8.992000e-01 8.232000e-03 9.256800e-02
88 8.977440e-01 8.156000e-03 9.410000e-02
89 8.962120e-01 8.332000e-03 9.545600e-02
90 8.945200e-01 8.588000e-03 9.689200e-02
91 8.929480e-01 8.796000e-03 9.825600e-02
92 8.914080e-01 8.860000e-03 9.973200e-02
93 8.899120e-01 8.688000e-03 1.014000e-01
94 8.883680e-01 8.744000e-03 1.028880e-01
95 8.868200e-01 8.752000e-03 1.044280e-01
96 8.852440e-01 8.940000e-03 1.058160e-01
97 8.837160e-01 8.864000e-03 1.074200e-01
98 8.821720e-01 8.824000e-03 1.090040e-01
99 8.806400e-01 8.848000e-03 1.105120e-01
100 8.792800e-01 8.592000e-03 1.121280e-01
101 8.778360e-01 8.600000e-03 1.135640e-01
102 8.763280e-01 8.608000e-03 1.150640e-01
103 8.747760e-01 8.712000e-03 1.165120e-01
104 8.731160e-01 8.924000e-03 1.179600e-01
105 8.715640e-01 8.916000e-03 1.195200e-01
106 8.700640e-01 8.836000e-03 1.211000e-01
107 8.685840e-01 8.776000e-03 1.226400e-01
108 8.669400e-01 8.808000e-03 1.242520e-01
109 8.653280e-01 8.952000e-03 1.257200e-01
110 8.638240e-01 8.820000e-03 1.273560e-01
111 8.623680e-01 8.664000e-03 1.289680e-01
112 8.609720e-01 8.672000e-03 1.303560e-01
113 8.596360e-01 8.508000e-03 1.318560e-01
114 8.582040e-01 8.424000e-03 1.333720e-01
115 8.568920e-01 8.136000e-03 1.349720e-01
116 8.554440e-01 8.196000e-03 1.363600e-01
117 8.540680e-01 8.000000e-03 1.379320e-01
118 8.527040e-01 7.872000e-03 1.394240e-01
119 8.513160e-01 7.836000e-03 1.408480e-01
120 8.500640e-01 7.692000e-03 1.422440e-01
121 8.485760e-01 7.772000e-03 1.436520e-01
122 8.471360e-01 7.912000e-03 1.449520e-01
123 8.457280e-01 7.980000e-03 1.462920e-01
124 8.441680e-01 8.124000e-03 1.477080e-01
125 8.426320e-01 8.204000e-03 1.491640e-01
126 8.412600e-01 8.056000e-03 1.506840e-01
127 8.396880e-01 8.340000e-03 1.519720e-01
128 8.381920e-01 8.296000e-03 1.535120e-01
129 8.366640e-01 8.300000e-03 1.550360e-01
130 8.352880e-01 8.204000e-03 1.565080e-01
131 8.338280e-01 8.224000e-03 1.579480e-01
132 8.324080e-01 8.096000e-03 1.594960e-01
133 8.309280e-01 8.164000e-03 1.609080e-01
134 8.295320e-01 8.000000e-03 1.624680e-01
135 8.280960e-01 8.116000e-03 1.637880e-01
136 8.267320e-01 8.112000e-03 1.651560e-01
137 8.252880e-01 8.172000e-03 1.665400e-01
138 8.239240e-01 8.164000e-03 1.679120e-01
139 8.225120e-01 8.120000e-03 1.693680e-01
140 8.210360e-01 8.148000e-03 1.708160e-01
141 8.196440e-01 8.172000e-03 1.721840e-01
142 8.182960e-01 8.068000e-03 1.736360e-01
143 8.169320e-01 8.076000e-03 1.749920e-01
144 8.154760e-01 8.048000e-03 1.764760e-01
145 8.142400e-01 8.012000e-03 1.777480e-01
146 8.128440e-01 8.088000e-03 1.790680e-01
147 8.114120e-01 8.144000e-03 1.804440e-01
148 8.100200e-01 8.132000e-03 1.818480e-01
149 8.086400e-01 8.088000e-03 1.832720e-01
150 8.075040e-01 7.896000e-03 1.846000e-01
151 8.062320e-01 7.784000e-03 1.859840e-01
152 8.049600e-01 7.748000e-03 1.872920e-01
153 8.038120e-01 7.452000e-03 1.887360e-01
154 8.025400e-01 7.408000e-03 1.900520e-01
155 8.014600e-01 7.184000e-03 1.913560e-01
156 8.004320e-01 7.100000e-03 1.924680e-01
157 7.992040e-01 7.140000e-03 1.936560e-01
158 7.979360e-01 7.168000e-03 1.948960e-01
159 7.966600e-01 7.220000e-03 1.961200e-01
160 7.956040e-01 7.148000e-03 1.972480e-01
161 7.944480e-01 7.144000e-03 1.984080e-01
162 7.931520e-01 7.264000e-03 1.995840e-01
163 7.919960e-01 7.176000e-03 2.008280e-01
164 7.907840e-01 7.224000e-03 2.019920e-01
165 7.895000e-01 7.276000e-03 2.032240e-01
166 7.882160e-01 7.448000e-03 2.043360e-01
167 7.869160e-01 7.376000e-03 2.057080e-01
168 7.855280e-01 7.404000e-03 2.070680e-01
169 7.842160e-01 7.360000e-03 2.084240e-01
170 7.830120e-01 7.120000e-03 2.098680e-01
171 7.818160e-01 7.044000e-03 2.111400e-01
172 7.804560e-01 7.156000e-03 2.123880e-01
173 7.792160e-01 7.000000e-03 2.137840e-01
174 7.779800e-01 7.036000e-03 2.149840e-01
175 7.767320e-01 7.124000e-03 2.161440e-01
176 7.755040e-01 7.064000e-03 2.174320e-01
177 7.742680e-01 7.164000e-03 2.185680e-01
178 7.730240e-01 7.088000e-03 2.198880e-01
179 7.718120e-01 7.008000e-03 2.211800e-01
180 7.705680e-01 6.936000e-03 2.224960e-01
181 7.693760e-01 6.900000e-03 2.237240e-01
182 7.682200e-01 6.892000e-03 2.248880e-01
183 7.669520e-01 6.956000e-03 2.260920e-01
184 7.657000e-01 7.032000e-03 2.272680e-01
185 7.643880e-01 7.108000e-03 2.285040e-01
186 7.633200e-01 6.924000e-03 2.297560e-01
187 7.620840e-01 6.964000e-03 2.309520e-01
188 7.608800e-01 6.868000e-03 2.322520e-01
189 7.596520e-01 6.808000e-03 2.335400e-01
190 7.584680e-01 6.876000e-03 2.346560e-01
191 7.573000e-01 6.976000e-03 2.357240e-01
192 7.560480e-01 6.940000e-03 2.370120e-01
193 7.547920e-01 6.996000e-03 2.382120e-01
194 7.534240e-01 7.164000e-03 2.394120e-01
195 7.521880e-01 7.180000e-03 2.406320e-01
196 7.508480e-01 7.304000e-03 2.418480e-01
197 7.496320e-01 7.200000e-03 2.431680e-01
198 7.483640e-01 7.124000e-03 2.445120e-01
199 7.471520e-01 7.100000e-03 2.457480e-01
200 7.459200e-01 7.124000e-03 2.469560e-01
201 7.446920e-01 7.060000e-03 2.482480e-01
202 7.433920e-01 7.240000e-03 2.493680e-01
203 7.420560e-01 7.388000e-03 2.505560e-01
204 7.407760e-01 7.464000e-03 2.517600e-01
205 7.393640e-01 7.556000e-03 2.530800e-01
206 7.381120e-01 7.628000e-03 2.542600e-01
207 7.368240e-01 7.572000e-03 2.556040e-01
208 7.356200e-01 7.500000e-03 2.568800e-01
209 7.344920e-01 7.268000e-03 2.582400e-01
210 7.332960e-01 7.156000e-03 2.595480e-01
211 7.322080e-01 7.048000e-03 2.607440e-01
212 7.311840e-01 6.716000e-03 2.621000e-01
213 7.300200e-01 6.696000e-03 2.632840e-01
214 7.290880e-01 6.400000e-03 2.645120e-01
215 7.280080e-01 6.232000e-03 2.657600e-01
216 7.268440e-01 6.224000e-03 2.669320e-01
217 7.257600e-01 6.296000e-03 2.679440e-01
218 7.247720e-01 6.188000e-03 2.690400e-01
219 7.238560e-01 6.076000e-03 2.700680e-01
220 7.227440e-01 6.048000e-03 2.712080e-01
221 7.215600e-01 6.128000e-03 2.723120e-01
222 7.205000e-01 6.144000e-03 2.733560e-01
223 7.193400e-01 6.364000e-03 2.742960e-01
224 7.182280e-01 6.256000e-03 2.755160e-01
225 7.172320e-01 6.188000e-03 2.765800e-01
226 7.161680e-01 6.124000e-03 2.777080e-01
227 7.152920e-01 6.032000e-03 2.786760e-01
228 7.142160e-01 6.120000e-03 2.796640e-01
229 7.133360e-01 5.852000e-03 2.808120e-01
230 7.123680e-01 5.872000e-03 2.817600e-01
231 7.114320e-01 5.844000e-03 2.827240e-01
232 7.104960e-01 5.764000e-03 2.837400e-01
233 7.095760e-01 5.716000e-03 2.847080e-01
234 7.087080e-01 5.628000e-03 2.856640e-01
235 7.079000e-01 5.424000e-03 2.866760e-01
236 7.069800e-01 5.460000e-03 2.875600e-01
237 7.061120e-01 5.384000e-03 2.885040e-01
238 7.051960e-01 5.260000e-03 2.895440e-01
239 7.043880e-01 5.164000e-03 2.904480e-01
240 7.036640e-01 5.024000e-03 2.913120e-01
241 7.028880e-01 4.960000e-03 2.921520e-01
242 7.020960e-01 4.892000e-03 2.930120e-01
243 7.012600e-01 4.852000e-03 2.938880e-01
244 7.004680e-01 4.804000e-03 2.947280e-01
245 6.996680e-01 4.820000e-03 2.955120e-01
246 6.989240e-01 4.700000e-03 2.963760e-01
247 6.981080e-01 4.668000e-03 2.972240e-01
248 6.973440e-01 4.568000e-03 2.980880e-01
249 6.965440e-01 4.516000e-03 2.989400e-01
250 6.956720e-01 4.544000e-03 2.997840e-01
251 6.949160e-01 4.416000e-03 3.006680e-01
252 6.941920e-01 4.396000e-03 3.014120e-01
253 6.934280e-01 4.356000e-03 3.022160e-01
254 6.926280e-01 4.352000e-03 3.030200e-01
255 6.917000e-01 4.604000e-03 3.036960e-01
256 6.908200e-01 4.628000e-03 3.045520e-01
257 6.899280e-01 4.620000e-03 3.054520e-01
258 6.891720e-01 4.620000e-03 3.062080e-01
259 6.884560e-01 4.500000e-03 3.070440e-01
260 6.877480e-01 4.260000e-03 3.079920e-01
261 6.869560e-01 4.336000e-03 3.087080e-01
262 6.861840e-01 4.368000e-03 3.094480e-01
263 6.853400e-01 4.492000e-03 3.101680e-01
264 6.845400e-01 4.492000e-03 3.109680e-01
265 6.839080e-01 4.372000e-03 3.117200e-01
266 6.831840e-01 4.284000e-03 3.125320e-01
267 6.823880e-01 4.336000e-03 3.132760e-01
268 6.816360e-01 4.404000e-03 3.139600e-01
269 6.807040e-01 4.696000e-03 3.146000e-01
270 6.799320e-01 4.652000e-03 3.154160e-01
271 6.788800e-01 4.872000e-03 3.162480e-01
272 6.779960e-01 4.908000e-03 3.170960e-01
273 6.769600e-01 5.080000e-03 3.179600e-01
274 6.760800e-01 5.128000e-03 3.187920e-01
275 6.752160e-01 5.096000e-03 3.196880e-01
276 6.744520e-01 4.976000e-03 3.205720e-01
277 6.735480e-01 4.980000e-03 3.214720e-01
278 6.727240e-01 4.960000e-03 3.223160e-01
279 6.719400e-01 4.860000e-03 3.232000e-01
280 6.712520e-01 4.776000e-03 3.239720e-01
281 6.704800e-01 4.760000e-03 3.247600e-01
282 6.696200e-01 4.788000e-03 3.255920e-01
283 6.687600e-01 4.776000e-03 3.264640e-01
284 6.680360e-01 4.680000e-03 3.272840e-01
285 6.671760e-01 4.796000e-03 3.280280e-01
286 6.661960e-01 4.900000e-03 3.289040e-01
287 6.653040e-01 4.904000e-03 3.297920e-01
288 6.643360e-01 5.036000e-03 3.306280e-01
289 6.634960e-01 5.004000e-03 3.315000e-01
290 6.627320e-01 4.860000e-03 3.324080e-01
291 6.619320e-01 4.908000e-03 3.331600e-01
292 6.610480e-01 5.000000e-03 3.339520e-01
293 6.601200e-01 5.104000e-03 3.347760e-01
294 6.593600e-01 5.032000e-03 3.356080e-01
295 6.585840e-01 4.856000e-03 3.365600e-01
296 6.578240e-01 4.848000e-03 3.373280e-01
297 6.570680e-01 4.792000e-03 3.381400e-01
298 6.562400e-01 4.880000e-03 3.388800e-01
299 6.553040e-01 5.092000e-03 3.396040e-01
300 6.543880e-01 5.124000e-03 3.404880e-01
301 6.534080e-01 5.192000e-03 3.414000e-01
302 6.524240e-01 5.188000e-03 3.423880e-01
303 6.516440e-01 5.016000e-03 3.433400e-01
304 6.508240e-01 4.924000e-03 3.442520e-01
305 6.500200e-01 4.784000e-03 3.451960e-01
306 6.493040e-01 4.684000e-03 3.460120e-01
307 6.485080e-01 4.652000e-03 3.468400e-01
308 6.477520e-01 4.468000e-03 3.477800e-01
309 6.470160e-01 4.376000e-03 3.486080e-01
310 6.462080e-01 4.376000e-03 3.494160e-01
311 6.454840e-01 4.384000e-03 3.501320e-01
312 6.445840e-01 4.504000e-03 3.509120e-01
313 6.438600e-01 4.504000e-03 3.516360e-01
314 6.431840e-01 4.336000e-03 3.524800e-01
315 6.425560e-01 4.176000e-03 3.532680e-01
316 6.419160e-01 4.144000e-03 3.539400e-01
317 6.413520e-01 3.984000e-03 3.546640e-01
318 6.407680e-01 3.860000e-03 3.553720e-01
319 6.402720e-01 3.684000e-03 3.560440e-01
320 6.396680e-01 3.660000e-03 3.566720e-01
321 6.390320e-01 3.664000e-03 3.573040e-01
322 6.385080e-01 3.556000e-03 3.579360e-01
323 6.379040e-01 3.596000e-03 3.585000e-01
324 6.373160e-01 3.524000e-03 3.591600e-01
325 6.367360e-01 3.512000e-03 3.597520e-01
326 6.361800e-01 3.464000e-03 3.603560e-01
327 6.356480e-01 3.396000e-03 3.609560e-01
328 6.352200e-01 3.284000e-03 3.614960e-01
329 6.348000e-01 3.148000e-03 3.620520e-01
330 6.343320e-01 3.032000e-03 3.626360e-01
331 6.338320e-01 2.964000e-03 3.632040e-01
332 6.334040e-01 2.904000e-03 3.636920e-01
333 6.329640e-01 2.836000e-03 3.642000e-01
334 6.324360e-01 2.964000e-03 3.646000e-01
335 6.319880e-01 2.880000e-03 3.651320e-01
336 6.315600e-01 2.752000e-03 3.656880e-01
337 6.310680e-01 2.708000e-03 3.662240e-01
338 6.306040e-01 2.660000e-03 3.667360e-01
339 6.301080e-01 2.672000e-03 3.672200e-01
340 6.297320e-01 2.568000e-03 3.677000e-01
341 6.293040e-01 2.520000e-03 3.681760e-01
342 6.288360e-01 2.548000e-03 3.686160e-01
343 6.283360e-01 2.616000e-03 3.690480e-01
344 6.279400e-01 2.568000e-03 3.694920e-01
345 6.274840e-01 2.628000e-03 3.698880e-01
346 6.270280e-01 2.556000e-03 3.704160e-01
347 6.265800e-01 2.596000e-03 3.708240e-01
348 6.261120e-01 2.636000e-03 3.712520e-01
349 6.257000e-01 2.608000e-03 3.716920e-01
350 6.252920e-01 2.572000e-03 3.721360e-01
351 6.249040e-01 2.484000e-03 3.726120e-01
352 6.245080e-01 2.492000e-03 3.730000e-01
353 6.240440e-01 2.448000e-03 3.735080e-01
354 6.235680e-01 2.540000e-03 3.738920e-01
355 6.231240e-01 2.540000e-03 3.743360e-01
356 6.227080e-01 2.548000e-03 3.747440e-01
357 6.222920e-01 2.512000e-03 3.751960e-01
358 6.218040e-01 2.560000e-03 3.756360e-01
359 6.214240e-01 2.392000e-03 3.761840e-01
360 6.210240e-01 2.404000e-03 3.765720e-01
361 6.206200e-01 2.348000e-03 3.770320e-01
362 6.202200e-01 2.332000e-03 3.774480e-01
363 6.197840e-01 2.340000e-03 3.778760e-01
364 6.193360e-01 2.380000e-03 3.782840e-01
365 6.189680e-01 2.316000e-03 3.787160e-01
366 6.185240e-01 2.352000e-03 3.791240e-01
367 6.180320e-01 2.452000e-03 3.795160e-01
368 6.176400e-01 2.400000e-03 3.799600e-01
369 6.172080e-01 2.296000e-03 3.804960e-01
370 6.168600e-01 2.184000e-03 3.809560e-01
371 6.164800e-01 2.204000e-03 3.813160e-01
372 6.160480e-01 2.236000e-03 3.817160e-01
373 6.156240e-01 2.216000e-03 3.821600e-01
374 6.152440e-01 2.228000e-03 3.825280e-01
375 6.149280e-01 2.116000e-03 3.829560e-01
376 6.146240e-01 2.096000e-03 3.832800e-01
377 6.142960e-01 2.076000e-03 3.836280e-01
378 6.139360e-01 2.060000e-03 3.840040e-01
379 6.135720e-01 2.052000e-03 3.843760e-01
380 6.132320e-01 2.088000e-03 3.846800e-01
381 6.129360e-01 2.052000e-03 3.850120e-01
382 6.125400e-01 2.144000e-03 3.853160e-01
383 6.120760e-01 2.236000e-03 3.856880e-01
384 6.117040e-01 2.256000e-03 3.860400e-01
385 6.113360e-01 2.240000e-03 3.864240e-01
386 6.110320e-01 2.160000e-03 3.868080e-01
387 6.106640e-01 2.180000e-03 3.871560e-01
388 6.102760e-01 2.136000e-03 3.875880e-01
389 6.098840e-01 2.172000e-03 3.879440e-01
390 6.095160e-01 2.136000e-03 3.883480e-01
391 6.091560e-01 2.116000e-03 3.887280e-01
392 6.087880e-01 2.120000e-03 3.890920e-01
393 6.084200e-01 2.056000e-03 3.895240e-01
394 6.081200e-01 2.024000e-03 3.898560e-01
395 6.078160e-01 1.976000e-03 3.902080e-01
396 6.074360e-01 2.012000e-03 3.905520e-01
397 6.071400e-01 2.004000e-03 3.908560e-01
398 6.068200e-01 1.956000e-03 3.912240e-01
399 6.065520e-01 1.880000e-03 3.915680e-01
400 6.062880e-01 1.792000e-03 3.919200e-01
401 6.060960e-01 1.664000e-03 3.922400e-01
402 6.058080e-01 1.664000e-03 3.925280e-01
403 6.054960e-01 1.624000e-03 3.928800e-01
404 6.052400e-01 1.636000e-03 3.931240e-01
405 6.050320e-01 1.580000e-03 3.933880e-01
406 6.047840e-01 1.540000e-03 3.936760e-01
407 6.045120e-01 1.488000e-03 3.940000e-01
408 6.042240e-01 1.488000e-03 3.942880e-01
409 6.039600e-01 1.492000e-03 3.945480e-01
410 6.036120e-01 1.544000e-03 3.948440e-01
411 6.033240e-01 1.532000e-03 3.951440e-01
412 6.029880e-01 1.568000e-03 3.954440e-01
413 6.027080e-01 1.584000e-03 3.957080e-01
414 6.023920e-01 1.568000e-03 3.960400e-01
415 6.021120e-01 1.612000e-03 3.962760e-01
416 6.019000e-01 1.556000e-03 3.965440e-01
417 6.016080e-01 1.548000e-03 3.968440e-01
418 6.013320e-01 1.552000e-03 3.971160e-01
419 6.010760e-01 1.520000e-03 3.974040e-01
420 6.007960e-01 1.544000e-03 3.976600e-01
421 6.004480e-01 1.624000e-03 3.979280e-01
422 6.000880e-01 1.728000e-03 3.981840e-01
423 5.998160e-01 1.708000e-03 3.984760e-01
424 5.995480e-01 1.684000e-03 3.987680e-01
425 5.992720e-01 1.760000e-03 3.989680e-01
426 5.989640e-01 1.784000e-03 3.992520e-01
427 5.986480e-01 1.784000e-03 3.995680e-01
428 5.983440e-01 1.816000e-03 3.998400e-01
429 5.980760e-01 1.752000e-03 4.001720e-01
430 5.977560e-01 1.804000e-03 4.004400e-01
431 5.974600e-01 1.792000e-03 4.007480e-01
432 5.971080e-01 1.844000e-03 4.010480e-01
433 5.968480e-01 1.748000e-03 4.014040e-01
434 5.965680e-01 1.784000e-03 4.016480e-01
435 5.962960e-01 1.716000e-03 4.019880e-01
436 5.959560e-01 1.768000e-03 4.022760e-01
437 5.956200e-01 1.796000e-03 4.025840e-01
438 5.952560e-01 1.852000e-03 4.028920e-01
439 5.949600e-01 1.880000e-03 4.031600e-01
440 5.946520e-01 1.872000e-03 4.034760e-01
441 5.943560e-01 1.844000e-03 4.038000e-01
442 5.940480e-01 1.812000e-03 4.041400e-01
443 5.937640e-01 1.776000e-03 4.044600e-01
444 5.934840e-01 1.732000e-03 4.047840e-01
445 5.932280e-01 1.676000e-03 4.050960e-01
446 5.929760e-01 1.620000e-03 4.054040e-01
447 5.926920e-01 1.604000e-03 4.057040e-01
448 5.924360e-01 1.560000e-03 4.060040e-01
449 5.921560e-01 1.580000e-03 4.062640e-01
450 5.919360e-01 1.512000e-03 4.065520e-01
451 5.916600e-01 1.500000e-03 4.068400e-01
452 5.913960e-01 1.504000e-03 4.071000e-01
453 5.911440e-01 1.480000e-03 4.073760e-01
454 5.909560e-01 1.448000e-03 4.075960e-01
455 5.907080e-01 1.464000e-03 4.078280e-01
456 5.904520e-01 1.464000e-03 4.080840e-01
457 5.901600e-01 1.460000e-03 4.083800e-01
458 5.899080e-01 1.432000e-03 4.086600e-01
459 5.896320e-01 1.524000e-03 4.088440e-01
460 5.894080e-01 1.432000e-03 4.091600e-01
461 5.891760e-01 1.420000e-03 4.094040e-01
462 5.889520e-01 1.352000e-03 4.096960e-01
463 5.888080e-01 1.244000e-03 4.099480e-01
464 5.885640e-01 1.292000e-03 4.101440e-01
465 5.883800e-01 1.292000e-03 4.103280e-01
466 5.881640e-01 1.308000e-03 4.105280e-01
467 5.879440e-01 1.296000e-03 4.107600e-01
468 5.877960e-01 1.200000e-03 4.110040e-01
469 5.876520e-01 1.096000e-03 4.112520e-01
470 5.875440e-01 1.000000e-03 4.114560e-01
471 5.873760e-01 1.004000e-03 4.116200e-01
472 5.872040e-01 1.008000e-03 4.117880e-01
473 5.870720e-01 9.680000e-04 4.119600e-01
474 5.869360e-01 9.320000e-04 4.121320e-01
475 5.868440e-01 8.640000e-04 4.122920e-01
476 5.866840e-01 9.040000e-04 4.124120e-01
477 5.865760e-01 8.760000e-04 4.125480e-01
478 5.864320e-01 8.760000e-04 4.126920e-01
479 5.862560e-01 9.080000e-04 4.128360e-01
480 5.861240e-01 8.960000e-04 4.129800e-01
481 5.860000e-01 8.760000e-04 4.131240e-01
482 5.857920e-01 9.440000e-04 4.132640e-01
483 5.856120e-01 9.600000e-04 4.134280e-01
484 5.854480e-01 9.840000e-04 4.135680e-01
485 5.853120e-01 9.840000e-04 4.137040e-01
486 5.852200e-01 9.280000e-04 4.138520e-01
487 5.850920e-01 9.000000e-04 4.140080e-01
488 5.849680e-01 8.440000e-04 4.141880e-01
489 5.849000e-01 7.720000e-04 4.143280e-01
490 5.848040e-01 7.240000e-04 4.144720e-01
491 5.846880e-01 7.040000e-04 4.146080e-01
492 5.845800e-01 6.440000e-04 4.147760e-01
493 5.844520e-01 6.360000e-04 4.149120e-01
494 5.843520e-01 6.480000e-04 4.150000e-01
495 5.842520e-01 6.200000e-04 4.151280e-01
496 5.841400e-01 6.160000e-04 4.152440e-01
497 5.840520e-01 6.040000e-04 4.153440e-01
498 5.839520e-01 5.800000e-04 4.154680e-01
499 5.838480e-01 5.480000e-04 4.156040e-01
500 5.837520e-01 5.520000e-04 4.156960e-01
