1 9.991840e-01 7.440000e-04 7.200000e-05
2 9.986400e-01 1.100000e-03 2.600000e-04
3 9.979600e-01 1.556000e-03 4.840000e-04
4 9.972640e-01 1.928000e-03 8.080000e-04
5 9.964760e-01 2.412000e-03 1.112000e-03
6 9.954680e-01 2.900000e-03 1.632000e-03
7 9.945200e-01 3.368000e-03 2.112000e-03
8 9.935840e-01 3.708000e-03 2.708000e-03
9 9.925200e-01 4.040000e-03 3.440000e-03
10 9.914000e-01 4.468000e-03 4.132000e-03
11 9.902840e-01 4.776000e-03 4.940000e-03
12 9.892480e-01 5.040000e-03 5.712000e-03
13 9.880040e-01 5.428000e-03 6.568000e-03
14 9.867160e-01 5.604000e-03 7.680000e-03
15 9.854480e-01 5.800000e-03 8.752000e-03
16 9.840680e-01 6.108000e-03 9.824000e-03
17 9.826600e-01 6.520000e-03 1.082000e-02
18 9.814040e-01 6.768000e-03 1.182800e-02
19 9.798640e-01 7.116000e-03 1.302000e-02
20 9.784560e-01 7.256000e-03 1.428800e-02
21 9.771360e-01 7.368000e-03 1.549600e-02
22 9.756600e-01 7.632000e-03 1.670800e-02
23 9.740880e-01 7.868000e-03 1.804400e-02
24 9.726880e-01 7.980000e-03 1.933200e-02
25 9.712400e-01 8.072000e-03 2.068800e-02
26 9.695560e-01 8.204000e-03 2.224000e-02
27 9.679920e-01 8.264000e-03 2.374400e-02
28 9.664640e-01 8.276000e-03 2.526000e-02
29 9.649680e-01 8.372000e-03 2.666000e-02
30 9.633880e-01 8.516000e-03 2.809600e-02
31 9.616760e-01 8.584000e-03 2.974000e-02
32 9.601080e-01 8.756000e-03 3.113600e-02
33 9.585760e-01 8.808000e-03 3.261600e-02
34 9.569360e-01 8.888000e-03 3.417600e-02
35 9.551440e-01 9.148000e-03 3.570800e-02
36 9.535800e-01 9.264000e-03 3.715600e-02
37 9.518720e-01 9.476000e-03 3.865200e-02
38 9.500560e-01 9.600000e-03 4.034400e-02
39 9.483400e-01 9.664000e-03 4.199600e-02
40 9.465440e-01 9.716000e-03 4.374000e-02
41 9.447080e-01 9.900000e-03 4.539200e-02
42 9.428880e-01 1.004800e-02 4.706400e-02
43 9.409880e-01 1.013600e-02 4.887600e-02
44 9.391120e-01 1.032000e-02 5.056800e-02
45 9.371520e-01 1.038400e-02 5.246400e-02
46 9.352640e-01 1.058400e-02 5.415200e-02
47 9.333240e-01 1.060400e-02 5.607200e-02
48 9.314760e-01 1.062400e-02 5.790000e-02
49 9.296240e-01 1.061600e-02 5.976000e-02
50 9.278680e-01 1.061600e-02 6.151600e-02
51 9.260080e-01 1.050400e-02 6.348800e-02
52 9.242320e-01 1.046000e-02 6.530800e-02
53 9.225800e-01 1.039600e-02 6.702400e-02
54 9.209440e-01 1.020400e-02 6.885200e-02
55 9.191040e-01 1.019200e-02 7.070400e-02
56 9.173200e-01 1.010400e-02 7.257600e-02
57 9.154640e-01 1.030400e-02 7.423200e-02
58 9.137480e-01 1.016400e-02 7.608800e-02
59 9.120440e-01 1.011600e-02 7.784000e-02
60 9.101400e-01 1.013600e-02 7.972400e-02
61 9.082480e-01 1.029200e-02 8.146000e-02
62 9.063920e-01 1.040400e-02 8.320400e-02
63 9.045000e-01 1.044000e-02 8.506000e-02
64 9.025960e-01 1.040000e-02 8.700400e-02
65 9.008000e-01 1.030000e-02 8.890000e-02
66 8.988680e-01 1.042000e-02 9.071200e-02
67 8.969720e-01 1.045200e-02 9.257600e-02
68 8.950840e-01 1.056800e-02 9.434800e-02
69 8.932960e-01 1.055600e-02 9.614800e-02
70 8.915360e-01 1.045200e-02 9.801200e-02
71 8.896320e-01 1.050800e-02 9.986000e-02
72 8.876800e-01 1.062400e-02 1.016960e-01
73 8.856160e-01 1.084000e-02 1.035440e-01
74 8.836760e-01 1.083200e-02 1.054920e-01
75 8.818880e-01 1.083600e-02 1.072760e-01
76 8.797120e-01 1.120800e-02 1.090800e-01
77 8.779120e-01 1.093600e-02 1.111520e-01
78 8.762200e-01 1.064400e-02 1.131360e-01
79 8.744040e-01 1.073200e-02 1.148640e-01
80 8.727200e-01 1.055600e-02 1.167240e-01
81 8.709880e-01 1.046000e-02 1.185520e-01
82 8.692080e-01 1.051200e-02 1.202800e-01
83 8.673960e-01 1.056400e-02 1.220400e-01
84 8.656440e-01 1.054800e-02 1.238080e-01
85 8.638200e-01 1.052400e-02 1.256560e-01
86 8.619720e-01 1.047200e-02 1.275560e-01
87 8.602440e-01 1.030000e-02 1.294560e-01
88 8.585560e-01 1.015600e-02 1.312880e-01
89 8.569080e-01 1.003600e-02 1.330560e-01
90 8.553720e-01 9.820000e-03 1.348080e-01
91 8.537480e-01 9.760000e-03 1.364920e-01
92 8.522440e-01 9.540000e-03 1.382160e-01
93 8.505960e-01 9.540000e-03 1.398640e-01
94 8.488000e-01 9.596000e-03 1.416040e-01
95 8.470120e-01 9.652000e-03 1.433360e-01
96 8.452040e-01 9.804000e-03 1.449920e-01
97 8.433680e-01 9.800000e-03 1.468320e-01
98 8.414960e-01 9.920000e-03 1.485840e-01
99 8.395960e-01 1.000400e-02 1.504000e-01
100 8.376720e-01 1.023200e-02 1.520960e-01
101 8.358840e-01 1.020000e-02 1.539160e-01
102 8.341080e-01 1.022400e-02 1.556680e-01
103 8.321600e-01 1.054400e-02 1.572960e-01
104 8.304720e-01 1.029600e-02 1.592320e-01
105 8.287120e-01 1.028000e-02 1.610080e-01
106 8.271560e-01 9.988000e-03 1.628560e-01
107 8.256320e-01 9.752000e-03 1.646160e-01
108 8.240640e-01 9.632000e-03 1.663040e-01
109 8.225480e-01 9.484000e-03 1.679680e-01
110 8.210600e-01 9.352000e-03 1.695880e-01
111 8.194400e-01 9.256000e-03 1.713040e-01
112 8.180000e-01 9.060000e-03 1.729400e-01
113 8.164160e-01 8.928000e-03 1.746560e-01
114 8.148720e-01 8.952000e-03 1.761760e-01
115 8.133000e-01 8.892000e-03 1.778080e-01
116 8.116920e-01 9.012000e-03 1.792960e-01
117 8.101560e-01 8.896000e-03 1.809480e-01
118 8.085400e-01 8.916000e-03 1.825440e-01
119 8.069000e-01 9.072000e-03 1.840280e-01
120 8.053400e-01 9.096000e-03 1.855640e-01
121 8.035960e-01 9.264000e-03 1.871400e-01
122 8.018360e-01 9.396000e-03 1.887680e-01
123 8.000840e-01 9.540000e-03 1.903760e-01
124 7.985560e-01 9.352000e-03 1.920920e-01
125 7.969440e-01 9.460000e-03 1.935960e-01
126 7.954000e-01 9.288000e-03 1.953120e-01
127 7.939000e-01 9.044000e-03 1.970560e-01
128 7.925880e-01 8.796000e-03 1.986160e-01
129 7.911480e-01 8.784000e-03 2.000680e-01
130 7.897360e-01 8.704000e-03 2.015600e-01
131 7.881840e-01 8.812000e-03 2.030040e-01
132 7.867440e-01 8.840000e-03 2.044160e-01
133 7.852680e-01 8.728000e-03 2.060040e-01
134 7.838760e-01 8.608000e-03 2.075160e-01
135 7.825680e-01 8.568000e-03 2.088640e-01
136 7.812360e-01 8.516000e-03 2.102480e-01
137 7.799000e-01 8.284000e-03 2.118160e-01
138 7.786400e-01 7.996000e-03 2.133640e-01
139 7.773920e-01 7.928000e-03 2.146800e-01
140 7.759040e-01 7.944000e-03 2.161520e-01
141 7.745920e-01 7.824000e-03 2.175840e-01
142 7.731400e-01 7.992000e-03 2.188680e-01
143 7.719200e-01 7.916000e-03 2.201640e-01
144 7.705960e-01 8.004000e-03 2.214000e-01
145 7.692320e-01 8.128000e-03 2.226400e-01
146 7.678040e-01 8.344000e-03 2.238520e-01
147 7.664080e-01 8.212000e-03 2.253800e-01
148 7.651560e-01 8.104000e-03 2.267400e-01
149 7.639000e-01 7.964000e-03 2.281360e-01
150 7.625600e-01 7.756000e-03 2.296840e-01
151 7.612560e-01 7.696000e-03 2.310480e-01
152 7.602680e-01 7.280000e-03 2.324520e-01
153 7.591160e-01 7.224000e-03 2.336600e-01
154 7.580280e-01 7.076000e-03 2.348960e-01
155 7.569840e-01 6.868000e-03 2.361480e-01
156 7.558720e-01 6.776000e-03 2.373520e-01
157 7.548160e-01 6.616000e-03 2.385680e-01
158 7.536760e-01 6.608000e-03 2.397160e-01
159 7.525960e-01 6.612000e-03 2.407920e-01
160 7.515360e-01 6.624000e-03 2.418400e-01
161 7.505400e-01 6.532000e-03 2.429280e-01
162 7.495080e-01 6.560000e-03 2.439320e-01
163 7.484240e-01 6.496000e-03 2.450800e-01
164 7.472600e-01 6.500000e-03 2.462400e-01
165 7.462440e-01 6.296000e-03 2.474600e-01
166 7.452200e-01 6.272000e-03 2.485080e-01
167 7.441480e-01 6.248000e-03 2.496040e-01
168 7.431320e-01 6.244000e-03 2.506240e-01
169 7.421120e-01 6.108000e-03 2.517800e-01
170 7.410680e-01 6.024000e-03 2.529080e-01
171 7.400640e-01 5.976000e-03 2.539600e-01
172 7.391480e-01 5.852000e-03 2.550000e-01
173 7.380080e-01 5.912000e-03 2.560800e-01
174 7.369800e-01 5.904000e-03 2.571160e-01
175 7.361320e-01 5.628000e-03 2.582400e-01
176 7.351840e-01 5.612000e-03 2.592040e-01
177 7.342440e-01 5.632000e-03 2.601240e-01
178 7.331320e-01 5.784000e-03 2.610840e-01
179 7.320520e-01 5.856000e-03 2.620920e-01
180 7.309960e-01 5.912000e-03 2.630920e-01
181 7.299920e-01 5.972000e-03 2.640360e-01
182 7.290800e-01 5.840000e-03 2.650800e-01
183 7.280400e-01 5.748000e-03 2.662120e-01
184 7.271120e-01 5.720000e-03 2.671680e-01
185 7.262200e-01 5.632000e-03 2.681480e-01
186 7.253560e-01 5.488000e-03 2.691560e-01
187 7.244520e-01 5.520000e-03 2.700280e-01
188 7.235080e-01 5.572000e-03 2.709200e-01
189 7.224480e-01 5.716000e-03 2.718360e-01
190 7.214920e-01 5.656000e-03 2.728520e-01
191 7.204600e-01 5.756000e-03 2.737840e-01
192 7.194240e-01 5.828000e-03 2.747480e-01
193 7.185360e-01 5.756000e-03 2.757080e-01
194 7.176440e-01 5.700000e-03 2.766560e-01
195 7.167560e-01 5.576000e-03 2.776680e-01
196 7.157520e-01 5.608000e-03 2.786400e-01
197 7.147880e-01 5.572000e-03 2.796400e-01
198 7.136720e-01 5.684000e-03 2.806440e-01
199 7.126800e-01 5.732000e-03 2.815880e-01
200 7.116680e-01 5.736000e-03 2.825960e-01
201 7.107560e-01 5.668000e-03 2.835760e-01
202 7.097480e-01 5.688000e-03 2.845640e-01
203 7.088000e-01 5.684000e-03 2.855160e-01
204 7.080000e-01 5.472000e-03 2.865280e-01
205 7.070440e-01 5.460000e-03 2.874960e-01
206 7.061240e-01 5.380000e-03 2.884960e-01
207 7.052240e-01 5.368000e-03 2.894080e-01
208 7.043280e-01 5.416000e-03 2.902560e-01
209 7.033120e-01 5.416000e-03 2.912720e-01
210 7.024240e-01 5.352000e-03 2.922240e-01
211 7.015200e-01 5.236000e-03 2.932440e-01
212 7.005760e-01 5.244000e-03 2.941800e-01
213 6.997560e-01 5.180000e-03 2.950640e-01
214 6.989000e-01 5.036000e-03 2.960640e-01
215 6.979000e-01 5.132000e-03 2.969680e-01
216 6.969680e-01 5.148000e-03 2.978840e-01
217 6.961760e-01 5.120000e-03 2.987040e-01
218 6.953280e-01 5.080000e-03 2.995920e-01
219 6.942880e-01 5.264000e-03 3.004480e-01
220 6.934080e-01 5.132000e-03 3.014600e-01
221 6.925120e-01 5.108000e-03 3.023800e-01
222 6.916320e-01 5.184000e-03 3.031840e-01
223 6.907720e-01 5.144000e-03 3.040840e-01
224 6.899880e-01 4.980000e-03 3.050320e-01
225 6.892680e-01 4.808000e-03 3.059240e-01
226 6.884440e-01 4.836000e-03 3.067200e-01
227 6.876080e-01 4.828000e-03 3.075640e-01
228 6.867760e-01 4.832000e-03 3.083920e-01
229 6.859320e-01 5.000000e-03 3.090680e-01
230 6.851400e-01 4.896000e-03 3.099640e-01
231 6.842560e-01 5.004000e-03 3.107400e-01
232 6.834360e-01 5.072000e-03 3.114920e-01
233 6.824840e-01 5.192000e-03 3.123240e-01
234 6.815880e-01 5.120000e-03 3.132920e-01
235 6.806640e-01 5.184000e-03 3.141520e-01
236 6.797560e-01 5.184000e-03 3.150600e-01
237 6.788720e-01 5.092000e-03 3.160360e-01
238 6.780040e-01 5.068000e-03 3.169280e-01
239 6.772120e-01 4.968000e-03 3.178200e-01
240 6.764000e-01 4.904000e-03 3.186960e-01
241 6.755840e-01 4.872000e-03 3.195440e-01
242 6.746440e-01 4.872000e-03 3.204840e-01
243 6.738760e-01 4.824000e-03 3.213000e-01
244 6.731160e-01 4.832000e-03 3.220520e-01
245 6.722760e-01 4.812000e-03 3.229120e-01
246 6.714920e-01 4.824000e-03 3.236840e-01
247 6.706600e-01 4.836000e-03 3.245040e-01
248 6.699000e-01 4.748000e-03 3.253520e-01
249 6.692400e-01 4.488000e-03 3.262720e-01
250 6.685960e-01 4.316000e-03 3.270880e-01
251 6.679000e-01 4.280000e-03 3.278200e-01
252 6.672520e-01 4.180000e-03 3.285680e-01
253 6.665280e-01 4.216000e-03 3.292560e-01
254 6.658320e-01 4.196000e-03 3.299720e-01
255 6.650400e-01 4.248000e-03 3.307120e-01
256 6.643520e-01 4.260000e-03 3.313880e-01
257 6.636920e-01 4.188000e-03 3.321200e-01
258 6.629080e-01 4.200000e-03 3.328920e-01
259 6.621240e-01 4.252000e-03 3.336240e-01
260 6.614040e-01 4.100000e-03 3.344960e-01
261 6.606200e-01 4.144000e-03 3.352360e-01
262 6.600080e-01 4.092000e-03 3.359000e-01
263 6.593320e-01 4.032000e-03 3.366360e-01
264 6.587320e-01 3.876000e-03 3.373920e-01
265 6.581160e-01 3.840000e-03 3.380440e-01
266 6.576000e-01 3.724000e-03 3.386760e-01
267 6.570040e-01 3.732000e-03 3.392640e-01
268 6.564840e-01 3.608000e-03 3.399080e-01
269 6.557880e-01 3.740000e-03 3.404720e-01
270 6.550400e-01 3.792000e-03 3.411680e-01
271 6.545440e-01 3.624000e-03 3.418320e-01
272 6.539880e-01 3.592000e-03 3.424200e-01
273 6.534320e-01 3.540000e-03 3.430280e-01
274 6.529760e-01 3.424000e-03 3.436000e-01
275 6.524920e-01 3.308000e-03 3.442000e-01
276 6.520080e-01 3.188000e-03 3.448040e-01
277 6.514840e-01 3.208000e-03 3.453080e-01
278 6.509280e-01 3.172000e-03 3.459000e-01
279 6.504320e-01 3.064000e-03 3.465040e-01
280 6.499840e-01 3.052000e-03 3.469640e-01
281 6.494960e-01 3.024000e-03 3.474800e-01
282 6.488880e-01 3.052000e-03 3.480600e-01
283 6.483520e-01 3.080000e-03 3.485680e-01
284 6.478760e-01 3.028000e-03 3.490960e-01
285 6.473920e-01 2.968000e-03 3.496400e-01
286 6.468600e-01 3.028000e-03 3.501120e-01
287 6.461880e-01 3.144000e-03 3.506680e-01
288 6.456160e-01 3.128000e-03 3.512560e-01
289 6.450720e-01 3.092000e-03 3.518360e-01
290 6.445360e-01 3.116000e-03 3.523480e-01
291 6.438960e-01 3.228000e-03 3.528760e-01
292 6.433240e-01 3.224000e-03 3.534520e-01
293 6.428840e-01 3.072000e-03 3.540440e-01
294 6.423000e-01 3.168000e-03 3.545320e-01
295 6.418400e-01 3.036000e-03 3.551240e-01
296 6.413760e-01 2.996000e-03 3.556280e-01
297 6.408760e-01 3.068000e-03 3.560560e-01
298 6.404240e-01 2.996000e-03 3.565800e-01
299 6.399720e-01 2.952000e-03 3.570760e-01
300 6.395080e-01 2.876000e-03 3.576160e-01
301 6.391120e-01 2.772000e-03 3.581160e-01
302 6.386600e-01 2.812000e-03 3.585280e-01
303 6.382040e-01 2.764000e-03 3.590320e-01
304 6.377240e-01 2.780000e-03 3.594960e-01
305 6.372320e-01 2.768000e-03 3.600000e-01
306 6.367720e-01 2.740000e-03 3.604880e-01
307 6.362680e-01 2.788000e-03 3.609440e-01
308 6.358240e-01 2.788000e-03 3.613880e-01
309 6.352120e-01 2.976000e-03 3.618120e-01
310 6.346920e-01 2.984000e-03 3.623240e-01
311 6.342560e-01 2.952000e-03 3.627920e-01
312 6.338800e-01 2.864000e-03 3.632560e-01
313 6.334160e-01 2.808000e-03 3.637760e-01
314 6.329200e-01 2.844000e-03 3.642360e-01
315 6.325040e-01 2.716000e-03 3.647800e-01
316 6.320640e-01 2.644000e-03 3.652920e-01
317 6.316400e-01 2.648000e-03 3.657120e-01
318 6.312080e-01 2.708000e-03 3.660840e-01
319 6.307600e-01 2.708000e-03 3.665320e-01
320 6.303920e-01 2.516000e-03 3.670920e-01
321 6.299800e-01 2.448000e-03 3.675720e-01
322 6.295880e-01 2.384000e-03 3.680280e-01
323 6.291000e-01 2.456000e-03 3.684440e-01
324 6.286840e-01 2.448000e-03 3.688680e-01
325 6.282560e-01 2.456000e-03 3.692880e-01
326 6.278480e-01 2.412000e-03 3.697400e-01
327 6.274720e-01 2.372000e-03 3.701560e-01
328 6.270880e-01 2.388000e-03 3.705240e-01
329 6.266920e-01 2.448000e-03 3.708600e-01
330 6.263240e-01 2.440000e-03 3.712360e-01
331 6.259400e-01 2.448000e-03 3.716120e-01
332 6.255520e-01 2.392000e-03 3.720560e-01
333 6.251600e-01 2.396000e-03 3.724440e-01
334 6.247640e-01 2.376000e-03 3.728600e-01
335 6.243560e-01 2.368000e-03 3.732760e-01
336 6.239200e-01 2.340000e-03 3.737400e-01
337 6.235480e-01 2.312000e-03 3.741400e-01
338 6.231560e-01 2.308000e-03 3.745360e-01
339 6.226680e-01 2.404000e-03 3.749280e-01
340 6.222520e-01 2.376000e-03 3.753720e-01
341 6.219240e-01 2.268000e-03 3.758080e-01
342 6.215920e-01 2.240000e-03 3.761680e-01
343 6.212480e-01 2.176000e-03 3.765760e-01
344 6.208760e-01 2.144000e-03 3.769800e-01
345 6.204960e-01 2.176000e-03 3.773280e-01
346 6.200320e-01 2.240000e-03 3.777280e-01
347 6.196240e-01 2.316000e-03 3.780600e-01
348 6.192400e-01 2.300000e-03 3.784600e-01
349 6.188480e-01 2.284000e-03 3.788680e-01
350 6.184080e-01 2.328000e-03 3.792640e-01
351 6.180480e-01 2.224000e-03 3.797280e-01
352 6.176800e-01 2.200000e-03 3.801200e-01
353 6.172520e-01 2.200000e-03 3.805480e-01
354 6.168560e-01 2.160000e-03 3.809840e-01
355 6.164560e-01 2.168000e-03 3.813760e-01
356 6.160600e-01 2.164000e-03 3.817760e-01
357 6.156920e-01 2.224000e-03 3.820840e-01
358 6.153760e-01 2.116000e-03 3.825080e-01
359 6.149720e-01 2.104000e-03 3.829240e-01
360 6.145160e-01 2.184000e-03 3.833000e-01
361 6.141560e-01 2.164000e-03 3.836800e-01
362 6.137880e-01 2.216000e-03 3.839960e-01
363 6.133840e-01 2.180000e-03 3.844360e-01
364 6.130040e-01 2.176000e-03 3.848200e-01
365 6.126120e-01 2.196000e-03 3.851920e-01
366 6.122680e-01 2.184000e-03 3.855480e-01
367 6.119640e-01 2.124000e-03 3.859120e-01
368 6.115640e-01 2.136000e-03 3.863000e-01
369 6.112200e-01 2.140000e-03 3.866400e-01
370 6.108960e-01 2.120000e-03 3.869840e-01
371 6.105240e-01 2.136000e-03 3.873400e-01
372 6.101280e-01 2.152000e-03 3.877200e-01
373 6.097400e-01 2.164000e-03 3.880960e-01
374 6.093800e-01 2.116000e-03 3.885040e-01
375 6.089760e-01 2.168000e-03 3.888560e-01
376 6.086280e-01 2.152000e-03 3.892200e-01
377 6.082440e-01 2.180000e-03 3.895760e-01
378 6.078840e-01 2.144000e-03 3.899720e-01
379 6.075360e-01 2.068000e-03 3.903960e-01
380 6.072240e-01 2.040000e-03 3.907360e-01
381 6.069240e-01 2.020000e-03 3.910560e-01
382 6.066240e-01 2.000000e-03 3.913760e-01
383 6.063240e-01 1.928000e-03 3.917480e-01
384 6.060360e-01 1.896000e-03 3.920680e-01
385 6.057200e-01 1.844000e-03 3.924360e-01
386 6.053640e-01 1.824000e-03 3.928120e-01
387 6.050760e-01 1.780000e-03 3.931440e-01
388 6.048080e-01 1.724000e-03 3.934680e-01
389 6.044800e-01 1.732000e-03 3.937880e-01
390 6.042320e-01 1.644000e-03 3.941240e-01
391 6.038920e-01 1.728000e-03 3.943800e-01
392 6.035600e-01 1.744000e-03 3.946960e-01
393 6.032880e-01 1.672000e-03 3.950400e-01
394 6.030160e-01 1.676000e-03 3.953080e-01
395 6.027680e-01 1.660000e-03 3.955720e-01
396 6.024720e-01 1.664000e-03 3.958640e-01
397 6.022560e-01 1.632000e-03 3.961120e-01
398 6.019880e-01 1.640000e-03 3.963720e-01
399 6.017400e-01 1.628000e-03 3.966320e-01
400 6.015160e-01 1.636000e-03 3.968480e-01
401 6.012200e-01 1.700000e-03 3.970800e-01
402 6.009520e-01 1.672000e-03 3.973760e-01
403 6.007080e-01 1.608000e-03 3.976840e-01
404 6.004720e-01 1.588000e-03 3.979400e-01
405 6.002520e-01 1.480000e-03 3.982680e-01
406 6.000080e-01 1.508000e-03 3.984840e-01
407 5.997840e-01 1.468000e-03 3.987480e-01
408 5.995560e-01 1.404000e-03 3.990400e-01
409 5.992400e-01 1.464000e-03 3.992960e-01
410 5.989960e-01 1.396000e-03 3.996080e-01
411 5.987120e-01 1.472000e-03 3.998160e-01
412 5.984000e-01 1.484000e-03 4.001160e-01
413 5.980960e-01 1.536000e-03 4.003680e-01
414 5.978560e-01 1.532000e-03 4.006120e-01
415 5.976480e-01 1.452000e-03 4.009000e-01
416 5.974800e-01 1.312000e-03 4.012080e-01
417 5.973120e-01 1.296000e-03 4.013920e-01
418 5.970520e-01 1.316000e-03 4.016320e-01
419 5.969000e-01 1.252000e-03 4.018480e-01
420 5.967520e-01 1.188000e-03 4.020600e-01
421 5.965960e-01 1.176000e-03 4.022280e-01
422 5.964520e-01 1.088000e-03 4.024600e-01
423 5.962560e-01 1.104000e-03 4.026400e-01
424 5.961000e-01 1.032000e-03 4.028680e-01
425 5.959480e-01 1.040000e-03 4.030120e-01
426 5.957280e-01 1.072000e-03 4.032000e-01
427 5.954680e-01 1.112000e-03 4.034200e-01
428 5.952640e-01 1.100000e-03 4.036360e-01
429 5.950960e-01 1.076000e-03 4.038280e-01
430 5.948480e-01 1.160000e-03 4.039920e-01
431 5.946680e-01 1.156000e-03 4.041760e-01
432 5.944880e-01 1.192000e-03 4.043200e-01
433 5.942960e-01 1.180000e-03 4.045240e-01
434 5.940160e-01 1.228000e-03 4.047560e-01
435 5.937480e-01 1.212000e-03 4.050400e-01
436 5.935280e-01 1.240000e-03 4.052320e-01
437 5.933160e-01 1.240000e-03 4.054440e-01
438 5.930480e-01 1.268000e-03 4.056840e-01
439 5.928120e-01 1.260000e-03 4.059280e-01
440 5.926040e-01 1.268000e-03 4.061280e-01
441 5.924400e-01 1.180000e-03 4.063800e-01
442 5.922720e-01 1.176000e-03 4.065520e-01
443 5.920480e-01 1.244000e-03 4.067080e-01
444 5.918480e-01 1.260000e-03 4.068920e-01
445 5.916840e-01 1.216000e-03 4.071000e-01
446 5.914640e-01 1.220000e-03 4.073160e-01
447 5.912640e-01 1.196000e-03 4.075400e-01
448 5.910000e-01 1.244000e-03 4.077560e-01
449 5.907520e-01 1.320000e-03 4.079280e-01
450 5.905320e-01 1.272000e-03 4.081960e-01
451 5.902600e-01 1.312000e-03 4.084280e-01
452 5.900720e-01 1.272000e-03 4.086560e-01
453 5.898960e-01 1.244000e-03 4.088600e-01
454 5.896720e-01 1.248000e-03 4.090800e-01
455 5.894640e-01 1.272000e-03 4.092640e-01
456 5.892280e-01 1.312000e-03 4.094600e-01
457 5.889880e-01 1.320000e-03 4.096920e-01
458 5.887560e-01 1.308000e-03 4.099360e-01
459 5.884840e-01 1.352000e-03 4.101640e-01
460 5.882120e-01 1.332000e-03 4.104560e-01
461 5.879760e-01 1.308000e-03 4.107160e-01
462 5.877280e-01 1.344000e-03 4.109280e-01
463 5.874600e-01 1.364000e-03 4.111760e-01
464 5.871720e-01 1.404000e-03 4.114240e-01
465 5.869160e-01 1.444000e-03 4.116400e-01
466 5.866400e-01 1.452000e-03 4.119080e-01
467 5.863760e-01 1.412000e-03 4.122120e-01
468 5.861560e-01 1.376000e-03 4.124680e-01
469 5.859280e-01 1.360000e-03 4.127120e-01
470 5.857920e-01 1.232000e-03 4.129760e-01
471 5.855680e-01 1.288000e-03 4.131440e-01
472 5.854000e-01 1.200000e-03 4.134000e-01
473 5.852800e-01 1.124000e-03 4.135960e-01
474 5.851240e-01 1.072000e-03 4.138040e-01
475 5.849600e-01 1.072000e-03 4.139680e-01
476 5.847720e-01 9.960000e-04 4.142320e-01
477 5.846600e-01 9.520000e-04 4.143880e-01
478 5.844960e-01 9.680000e-04 4.145360e-01
479 5.843400e-01 9.400000e-04 4.147200e-01
480 5.841840e-01 8.440000e-04 4.149720e-01
481 5.841320e-01 7.160000e-04 4.151520e-01
482 5.840240e-01 6.920000e-04 4.152840e-01
483 5.838800e-01 7.280000e-04 4.153920e-01
484 5.837280e-01 7.440000e-04 4.155280e-01
485 5.836200e-01 7.240000e-04 4.156560e-01
486 5.835160e-01 7.400000e-04 4.157440e-01
487 5.834080e-01 7.200000e-04 4.158720e-01
488 5.832720e-01 7.280000e-04 4.160000e-01
489 5.831640e-01 7.040000e-04 4.161320e-01
490 5.830960e-01 6.240000e-04 4.162800e-01
491 5.830080e-01 6.600000e-04 4.163320e-01
492 5.828640e-01 6.920000e-04 4.164440e-01
493 5.827800e-01 6.560000e-04 4.165640e-01
494 5.826760e-01 6.240000e-04 4.167000e-01
495 5.825320e-01 6.920000e-04 4.167760e-01
496 5.824200e-01 6.920000e-04 4.168880e-01
497 5.823040e-01 6.880000e-04 4.170080e-01
498 5.822000e-01 6.480000e-04 4.171520e-01
499 5.820960e-01 6.320000e-04 4.172720e-01
500 5.819720e-01 6.320000e-04 4.173960e-01
