1 9.992560e-01 6.360000e-04 1.080000e-04
2 9.986840e-01 1.088000e-03 2.280000e-04
3 9.980000e-01 1.516000e-03 4.840000e-04
4 9.971120e-01 2.160000e-03 7.280000e-04
5 9.962480e-01 2.588000e-03 1.164000e-03
6 9.952640e-01 3.132000e-03 1.604000e-03
7 9.944840e-01 3.372000e-03 2.144000e-03
8 9.935240e-01 3.748000e-03 2.728000e-03
9 9.925080e-01 4.036000e-03 3.456000e-03
10 9.914120e-01 4.336000e-03 4.252000e-03
11 9.903480e-01 4.652000e-03 5.000000e-03
12 9.892040e-01 4.936000e-03 5.860000e-03
13 9.880400e-01 5.140000e-03 6.820000e-03
14 9.868400e-01 5.404000e-03 7.756000e-03
15 9.856720e-01 5.556000e-03 8.772000e-03
16 9.843440e-01 5.956000e-03 9.700000e-03
17 9.830480e-01 6.224000e-03 1.072800e-02
18 9.817680e-01 6.420000e-03 1.181200e-02
19 9.803640e-01 6.644000e-03 1.299200e-02
20 9.790080e-01 6.828000e-03 1.416400e-02
21 9.775400e-01 7.056000e-03 1.540400e-02
22 9.761120e-01 7.160000e-03 1.672800e-02
23 9.745920e-01 7.284000e-03 1.812400e-02
24 9.733360e-01 7.160000e-03 1.950400e-02
25 9.718920e-01 7.396000e-03 2.071200e-02
26 9.704760e-01 7.536000e-03 2.198800e-02
27 9.691800e-01 7.484000e-03 2.333600e-02
28 9.677600e-01 7.472000e-03 2.476800e-02
29 9.663280e-01 7.552000e-03 2.612000e-02
30 9.649640e-01 7.696000e-03 2.734000e-02
31 9.634360e-01 7.824000e-03 2.874000e-02
32 9.619080e-01 8.080000e-03 3.001200e-02
33 9.603840e-01 8.300000e-03 3.131600e-02
34 9.588160e-01 8.304000e-03 3.288000e-02
35 9.574120e-01 8.348000e-03 3.424000e-02
36 9.558040e-01 8.352000e-03 3.584400e-02
37 9.542560e-01 8.408000e-03 3.733600e-02
38 9.526600e-01 8.492000e-03 3.884800e-02
39 9.511320e-01 8.492000e-03 4.037600e-02
40 9.496120e-01 8.492000e-03 4.189600e-02
41 9.479640e-01 8.620000e-03 4.341600e-02
42 9.462600e-01 8.916000e-03 4.482400e-02
43 9.444440e-01 9.232000e-03 4.632400e-02
44 9.426880e-01 9.456000e-03 4.785600e-02
45 9.409840e-01 9.496000e-03 4.952000e-02
46 9.393640e-01 9.452000e-03 5.118400e-02
47 9.378520e-01 9.284000e-03 5.286400e-02
48 9.361840e-01 9.380000e-03 5.443600e-02
49 9.345640e-01 9.360000e-03 5.607600e-02
50 9.330080e-01 9.328000e-03 5.766400e-02
51 9.313160e-01 9.356000e-03 5.932800e-02
52 9.297080e-01 9.296000e-03 6.099600e-02
53 9.280000e-01 9.388000e-03 6.261200e-02
54 9.264840e-01 9.256000e-03 6.426000e-02
55 9.249560e-01 9.196000e-03 6.584800e-02
56 9.232720e-01 9.212000e-03 6.751600e-02
57 9.216720e-01 9.196000e-03 6.913200e-02
58 9.201000e-01 9.104000e-03 7.079600e-02
59 9.184760e-01 9.192000e-03 7.233200e-02
60 9.168960e-01 9.164000e-03 7.394000e-02
61 9.152120e-01 9.092000e-03 7.569600e-02
62 9.135120e-01 9.232000e-03 7.725600e-02
63 9.118640e-01 9.284000e-03 7.885200e-02
64 9.102200e-01 9.392000e-03 8.038800e-02
65 9.086080e-01 9.492000e-03 8.190000e-02
66 9.069240e-01 9.540000e-03 8.353600e-02
67 9.052280e-01 9.608000e-03 8.516400e-02
68 9.036840e-01 9.528000e-03 8.678800e-02
69 9.022640e-01 9.272000e-03 8.846400e-02
70 9.007840e-01 9.348000e-03 8.986800e-02
71 8.991920e-01 9.320000e-03 9.148800e-02
72 8.977080e-01 9.152000e-03 9.314000e-02
73 8.961800e-01 9.060000e-03 9.476000e-02
74 8.947240e-01 9.040000e-03 9.623600e-02
75 8.933680e-01 8.952000e-03 9.768000e-02
76 8.920760e-01 8.732000e-03 9.919200e-02
77 8.907720e-01 8.488000e-03 1.007400e-01
78 8.895320e-01 8.244000e-03 1.022240e-01
79 8.882200e-01 8.240000e-03 1.035400e-01
80 8.869800e-01 8.120000e-03 1.049000e-01
81 8.856000e-01 8.080000e-03 1.063200e-01
82 8.842080e-01 7.868000e-03 1.079240e-01
83 8.827000e-01 8.028000e-03 1.092720e-01
84 8.812040e-01 8.068000e-03 1.107280e-01
85 8.798080e-01 8.032000e-03 1.121600e-01
86 8.785240e-01 7.900000e-03 1.135760e-01
87 8.772160e-01 7.840000e-03 1.149440e-01
88 8.758160e-01 7.832000e-03 1.163520e-01
89 8.743240e-01 7.932000e-03 1.177440e-01
90 8.728800e-01 7.932000e-03 1.191880e-01
91 8.714760e-01 8.000000e-03 1.205240e-01
92 8.700440e-01 8.076000e-03 1.218800e-01
93 8.685280e-01 8.184000e-03 1.232880e-01
94 8.671840e-01 8.240000e-03 1.245760e-01
95 8.657520e-01 8.380000e-03 1.258680e-01
96 8.645080e-01 8.084000e-03 1.274080e-01
97 8.632080e-01 7.988000e-03 1.288040e-01
98 8.618360e-01 7.888000e-03 1.302760e-01
99 8.605240e-01 7.800000e-03 1.316760e-01
100 8.589680e-01 8.128000e-03 1.329040e-01
101 8.576200e-01 7.888000e-03 1.344920e-01
102 8.561800e-01 7.920000e-03 1.359000e-01
103 8.547720e-01 7.892000e-03 1.373360e-01
104 8.532440e-01 8.024000e-03 1.387320e-01
105 8.516640e-01 8.196000e-03 1.401400e-01
106 8.501760e-01 8.292000e-03 1.415320e-01
107 8.485880e-01 8.384000e-03 1.430280e-01
108 8.471040e-01 8.448000e-03 1.444480e-01
109 8.456360e-01 8.472000e-03 1.458920e-01
110 8.442680e-01 8.332000e-03 1.474000e-01
111 8.427600e-01 8.440000e-03 1.488000e-01
112 8.412120e-01 8.468000e-03 1.503200e-01
113 8.396520e-01 8.644000e-03 1.517040e-01
114 8.380240e-01 8.820000e-03 1.531560e-01
115 8.364720e-01 8.884000e-03 1.546440e-01
116 8.347240e-01 8.936000e-03 1.563400e-01
117 8.331560e-01 8.976000e-03 1.578680e-01
118 8.315880e-01 9.104000e-03 1.593080e-01
119 8.299680e-01 9.064000e-03 1.609680e-01
120 8.282680e-01 9.212000e-03 1.625200e-01
121 8.266440e-01 9.156000e-03 1.642000e-01
122 8.251560e-01 8.952000e-03 1.658920e-01
123 8.236640e-01 9.008000e-03 1.673280e-01
124 8.220680e-01 8.968000e-03 1.689640e-01
125 8.206120e-01 8.804000e-03 1.705840e-01
126 8.190720e-01 8.932000e-03 1.719960e-01
127 8.175520e-01 8.948000e-03 1.735000e-01
128 8.160160e-01 8.772000e-03 1.752120e-01
129 8.146040e-01 8.792000e-03 1.766040e-01
130 8.130800e-01 8.788000e-03 1.781320e-01
131 8.116040e-01 8.796000e-03 1.796000e-01
132 8.102120e-01 8.572000e-03 1.812160e-01
133 8.087160e-01 8.456000e-03 1.828280e-01
134 8.072680e-01 8.500000e-03 1.842320e-01
135 8.057640e-01 8.416000e-03 1.858200e-01
136 8.043240e-01 8.376000e-03 1.873000e-01
137 8.027840e-01 8.420000e-03 1.887960e-01
138 8.014040e-01 8.244000e-03 1.903520e-01
139 7.999360e-01 8.380000e-03 1.916840e-01
140 7.983800e-01 8.540000e-03 1.930800e-01
141 7.967760e-01 8.728000e-03 1.944960e-01
142 7.951800e-01 8.720000e-03 1.961000e-01
143 7.938360e-01 8.516000e-03 1.976480e-01
144 7.924840e-01 8.420000e-03 1.990960e-01
145 7.909200e-01 8.416000e-03 2.006640e-01
146 7.894440e-01 8.388000e-03 2.021680e-01
147 7.879520e-01 8.392000e-03 2.036560e-01
148 7.866240e-01 8.220000e-03 2.051560e-01
149 7.854120e-01 7.996000e-03 2.065920e-01
150 7.841440e-01 7.932000e-03 2.079240e-01
151 7.828480e-01 7.848000e-03 2.093040e-01
152 7.815840e-01 7.848000e-03 2.105680e-01
153 7.801600e-01 7.896000e-03 2.119440e-01
154 7.789440e-01 7.840000e-03 2.132160e-01
155 7.775360e-01 7.796000e-03 2.146680e-01
156 7.762760e-01 7.712000e-03 2.160120e-01
157 7.750800e-01 7.616000e-03 2.173040e-01
158 7.736280e-01 7.776000e-03 2.185960e-01
159 7.723600e-01 7.700000e-03 2.199400e-01
160 7.710880e-01 7.652000e-03 2.212600e-01
161 7.697840e-01 7.592000e-03 2.226240e-01
162 7.685360e-01 7.572000e-03 2.238920e-01
163 7.674040e-01 7.364000e-03 2.252320e-01
164 7.661600e-01 7.396000e-03 2.264440e-01
165 7.649800e-01 7.336000e-03 2.276840e-01
166 7.637800e-01 7.188000e-03 2.290320e-01
167 7.625480e-01 7.212000e-03 2.302400e-01
168 7.614800e-01 7.028000e-03 2.314920e-01
169 7.603520e-01 6.932000e-03 2.327160e-01
170 7.591920e-01 7.028000e-03 2.337800e-01
171 7.580840e-01 7.048000e-03 2.348680e-01
172 7.569080e-01 6.976000e-03 2.361160e-01
173 7.557080e-01 6.904000e-03 2.373880e-01
174 7.544880e-01 6.868000e-03 2.386440e-01
175 7.533000e-01 6.972000e-03 2.397280e-01
176 7.521520e-01 6.964000e-03 2.408840e-01
177 7.509520e-01 6.852000e-03 2.421960e-01
178 7.498000e-01 6.828000e-03 2.433720e-01
179 7.486480e-01 6.824000e-03 2.445280e-01
180 7.474880e-01 6.804000e-03 2.457080e-01
181 7.464600e-01 6.628000e-03 2.469120e-01
182 7.454040e-01 6.568000e-03 2.480280e-01
183 7.443440e-01 6.472000e-03 2.491840e-01
184 7.433080e-01 6.304000e-03 2.503880e-01
185 7.422000e-01 6.264000e-03 2.515360e-01
186 7.412160e-01 6.172000e-03 2.526120e-01
187 7.402800e-01 6.140000e-03 2.535800e-01
188 7.392240e-01 6.124000e-03 2.546520e-01
189 7.382040e-01 6.072000e-03 2.557240e-01
190 7.372400e-01 6.048000e-03 2.567120e-01
191 7.361640e-01 5.900000e-03 2.579360e-01
192 7.351800e-01 5.832000e-03 2.589880e-01
193 7.341040e-01 5.864000e-03 2.600320e-01
194 7.331560e-01 5.836000e-03 2.610080e-01
195 7.320560e-01 5.932000e-03 2.620120e-01
196 7.310960e-01 5.868000e-03 2.630360e-01
197 7.300920e-01 5.900000e-03 2.640080e-01
198 7.290880e-01 5.960000e-03 2.649520e-01
199 7.280440e-01 6.024000e-03 2.659320e-01
200 7.270200e-01 5.972000e-03 2.670080e-01
201 7.259920e-01 6.068000e-03 2.679400e-01
202 7.249960e-01 5.996000e-03 2.690080e-01
203 7.239800e-01 5.952000e-03 2.700680e-01
204 7.229880e-01 5.860000e-03 2.711520e-01
205 7.220440e-01 5.800000e-03 2.721560e-01
206 7.210880e-01 5.732000e-03 2.731800e-01
207 7.202320e-01 5.560000e-03 2.742080e-01
208 7.193560e-01 5.444000e-03 2.752000e-01
209 7.183960e-01 5.452000e-03 2.761520e-01
210 7.175000e-01 5.548000e-03 2.769520e-01
211 7.165200e-01 5.416000e-03 2.780640e-01
212 7.155560e-01 5.400000e-03 2.790440e-01
213 7.146320e-01 5.448000e-03 2.799200e-01
214 7.138200e-01 5.324000e-03 2.808560e-01
215 7.129640e-01 5.240000e-03 2.817960e-01
216 7.121200e-01 5.084000e-03 2.827960e-01
217 7.112440e-01 5.052000e-03 2.837040e-01
218 7.105000e-01 4.912000e-03 2.845880e-01
219 7.096960e-01 4.748000e-03 2.855560e-01
220 7.090120e-01 4.584000e-03 2.864040e-01
221 7.081760e-01 4.648000e-03 2.871760e-01
222 7.074080e-01 4.580000e-03 2.880120e-01
223 7.066280e-01 4.524000e-03 2.888480e-01
224 7.058360e-01 4.472000e-03 2.896920e-01
225 7.049480e-01 4.552000e-03 2.905000e-01
226 7.039960e-01 4.624000e-03 2.913800e-01
227 7.031120e-01 4.672000e-03 2.922160e-01
228 7.022680e-01 4.640000e-03 2.930920e-01
229 7.014960e-01 4.444000e-03 2.940600e-01
230 7.007160e-01 4.468000e-03 2.948160e-01
231 6.999760e-01 4.468000e-03 2.955560e-01
232 6.991840e-01 4.504000e-03 2.963120e-01
233 6.984520e-01 4.516000e-03 2.970320e-01
234 6.976040e-01 4.532000e-03 2.978640e-01
235 6.968040e-01 4.544000e-03 2.986520e-01
236 6.961640e-01 4.480000e-03 2.993560e-01
237 6.954520e-01 4.448000e-03 3.001000e-01
238 6.947920e-01 4.360000e-03 3.008480e-01
239 6.940400e-01 4.428000e-03 3.015320e-01
240 6.934000e-01 4.312000e-03 3.022880e-01
241 6.927320e-01 4.152000e-03 3.031160e-01
242 6.921120e-01 3.976000e-03 3.039120e-01
243 6.915400e-01 3.836000e-03 3.046240e-01
244 6.909280e-01 3.748000e-03 3.053240e-01
245 6.903040e-01 3.728000e-03 3.059680e-01
246 6.897080e-01 3.632000e-03 3.066600e-01
247 6.891440e-01 3.588000e-03 3.072680e-01
248 6.885360e-01 3.540000e-03 3.079240e-01
249 6.879760e-01 3.520000e-03 3.085040e-01
250 6.873680e-01 3.480000e-03 3.091520e-01
251 6.867040e-01 3.504000e-03 3.097920e-01
252 6.860240e-01 3.516000e-03 3.104600e-01
253 6.853600e-01 3.608000e-03 3.110320e-01
254 6.846720e-01 3.700000e-03 3.116280e-01
255 6.839720e-01 3.720000e-03 3.123080e-01
256 6.832880e-01 3.744000e-03 3.129680e-01
257 6.826920e-01 3.760000e-03 3.135480e-01
258 6.820360e-01 3.752000e-03 3.142120e-01
259 6.813440e-01 3.800000e-03 3.148560e-01
260 6.807760e-01 3.692000e-03 3.155320e-01
261 6.800560e-01 3.740000e-03 3.162040e-01
262 6.795000e-01 3.708000e-03 3.167920e-01
263 6.789080e-01 3.692000e-03 3.174000e-01
264 6.783160e-01 3.656000e-03 3.180280e-01
265 6.777480e-01 3.560000e-03 3.186920e-01
266 6.770880e-01 3.584000e-03 3.193280e-01
267 6.765160e-01 3.528000e-03 3.199560e-01
268 6.758520e-01 3.612000e-03 3.205360e-01
269 6.752160e-01 3.584000e-03 3.212000e-01
270 6.745240e-01 3.708000e-03 3.217680e-01
271 6.738480e-01 3.684000e-03 3.224680e-01
272 6.731640e-01 3.748000e-03 3.230880e-01
273 6.725520e-01 3.756000e-03 3.236920e-01
274 6.719240e-01 3.648000e-03 3.244280e-01
275 6.713240e-01 3.532000e-03 3.251440e-01
276 6.707080e-01 3.544000e-03 3.257480e-01
277 6.701960e-01 3.480000e-03 3.263240e-01
278 6.696520e-01 3.416000e-03 3.269320e-01
279 6.691560e-01 3.244000e-03 3.276000e-01
280 6.686040e-01 3.208000e-03 3.281880e-01
281 6.680760e-01 3.132000e-03 3.287920e-01
282 6.674880e-01 3.128000e-03 3.293840e-01
283 6.669920e-01 3.132000e-03 3.298760e-01
284 6.664800e-01 3.008000e-03 3.305120e-01
285 6.660160e-01 2.940000e-03 3.310440e-01
286 6.653960e-01 3.040000e-03 3.315640e-01
287 6.648520e-01 3.068000e-03 3.320800e-01
288 6.642360e-01 3.168000e-03 3.325960e-01
289 6.637080e-01 3.220000e-03 3.330720e-01
290 6.631920e-01 3.188000e-03 3.336200e-01
291 6.626640e-01 3.176000e-03 3.341600e-01
292 6.621120e-01 3.188000e-03 3.347000e-01
293 6.615640e-01 3.224000e-03 3.352120e-01
294 6.610080e-01 3.176000e-03 3.358160e-01
295 6.604840e-01 3.148000e-03 3.363680e-01
296 6.598800e-01 3.196000e-03 3.369240e-01
297 6.592160e-01 3.276000e-03 3.375080e-01
298 6.587040e-01 3.216000e-03 3.380800e-01
299 6.582480e-01 3.100000e-03 3.386520e-01
300 6.578120e-01 2.896000e-03 3.392920e-01
301 6.573480e-01 2.812000e-03 3.398400e-01
302 6.569120e-01 2.772000e-03 3.403160e-01
303 6.565000e-01 2.760000e-03 3.407400e-01
304 6.560200e-01 2.776000e-03 3.412040e-01
305 6.555640e-01 2.752000e-03 3.416840e-01
306 6.550440e-01 2.868000e-03 3.420880e-01
307 6.545400e-01 2.892000e-03 3.425680e-01
308 6.540840e-01 2.820000e-03 3.430960e-01
309 6.536760e-01 2.732000e-03 3.435920e-01
310 6.531760e-01 2.784000e-03 3.440400e-01
311 6.526800e-01 2.772000e-03 3.445480e-01
312 6.521880e-01 2.748000e-03 3.450640e-01
313 6.516480e-01 2.848000e-03 3.455040e-01
314 6.511240e-01 2.892000e-03 3.459840e-01
315 6.506000e-01 2.896000e-03 3.465040e-01
316 6.500800e-01 2.896000e-03 3.470240e-01
317 6.495400e-01 2.912000e-03 3.475480e-01
318 6.490160e-01 2.920000e-03 3.480640e-01
319 6.485440e-01 2.912000e-03 3.485440e-01
320 6.481120e-01 2.860000e-03 3.490280e-01
321 6.475840e-01 2.940000e-03 3.494760e-01
322 6.471480e-01 2.840000e-03 3.500120e-01
323 6.466280e-01 2.848000e-03 3.505240e-01
324 6.461480e-01 2.840000e-03 3.510120e-01
325 6.456960e-01 2.816000e-03 3.514880e-01
326 6.453200e-01 2.716000e-03 3.519640e-01
327 6.448400e-01 2.708000e-03 3.524520e-01
328 6.443280e-01 2.688000e-03 3.529840e-01
329 6.438240e-01 2.752000e-03 3.534240e-01
330 6.432920e-01 2.788000e-03 3.539200e-01
331 6.428400e-01 2.708000e-03 3.544520e-01
332 6.423840e-01 2.708000e-03 3.549080e-01
333 6.419160e-01 2.692000e-03 3.553920e-01
334 6.414640e-01 2.632000e-03 3.559040e-01
335 6.409840e-01 2.696000e-03 3.563200e-01
336 6.403600e-01 2.896000e-03 3.567440e-01
337 6.396640e-01 3.052000e-03 3.572840e-01
338 6.390760e-01 3.112000e-03 3.578120e-01
339 6.385080e-01 3.136000e-03 3.583560e-01
340 6.380880e-01 3.012000e-03 3.589000e-01
341 6.375200e-01 3.020000e-03 3.594600e-01
342 6.370320e-01 2.972000e-03 3.599960e-01
343 6.365040e-01 2.948000e-03 3.605480e-01
344 6.359640e-01 2.948000e-03 3.610880e-01
345 6.354720e-01 2.860000e-03 3.616680e-01
346 6.350200e-01 2.752000e-03 3.622280e-01
347 6.345640e-01 2.720000e-03 3.627160e-01
348 6.340360e-01 2.844000e-03 3.631200e-01
349 6.335440e-01 2.876000e-03 3.635800e-01
350 6.331000e-01 2.780000e-03 3.641200e-01
351 6.326480e-01 2.728000e-03 3.646240e-01
352 6.321760e-01 2.736000e-03 3.650880e-01
353 6.317080e-01 2.716000e-03 3.655760e-01
354 6.312120e-01 2.788000e-03 3.660000e-01
355 6.306880e-01 2.796000e-03 3.665160e-01
356 6.301400e-01 2.884000e-03 3.669760e-01
357 6.297240e-01 2.720000e-03 3.675560e-01
358 6.293160e-01 2.708000e-03 3.679760e-01
359 6.289000e-01 2.616000e-03 3.684840e-01
360 6.284160e-01 2.688000e-03 3.688960e-01
361 6.280040e-01 2.624000e-03 3.693720e-01
362 6.276880e-01 2.504000e-03 3.698080e-01
363 6.273080e-01 2.420000e-03 3.702720e-01
364 6.268840e-01 2.396000e-03 3.707200e-01
365 6.264400e-01 2.436000e-03 3.711240e-01
366 6.259640e-01 2.508000e-03 3.715280e-01
367 6.253840e-01 2.644000e-03 3.719720e-01
368 6.248880e-01 2.700000e-03 3.724120e-01
369 6.243520e-01 2.676000e-03 3.729720e-01
370 6.238520e-01 2.748000e-03 3.734000e-01
371 6.233480e-01 2.784000e-03 3.738680e-01
372 6.228680e-01 2.796000e-03 3.743360e-01
373 6.224320e-01 2.776000e-03 3.747920e-01
374 6.219520e-01 2.820000e-03 3.752280e-01
375 6.215200e-01 2.704000e-03 3.757760e-01
376 6.211080e-01 2.684000e-03 3.762080e-01
377 6.206920e-01 2.676000e-03 3.766320e-01
378 6.203480e-01 2.588000e-03 3.770640e-01
379 6.200160e-01 2.464000e-03 3.775200e-01
380 6.196440e-01 2.408000e-03 3.779480e-01
381 6.192560e-01 2.416000e-03 3.783280e-01
382 6.188760e-01 2.320000e-03 3.788040e-01
383 6.184520e-01 2.268000e-03 3.792800e-01
384 6.180960e-01 2.224000e-03 3.796800e-01
385 6.176880e-01 2.272000e-03 3.800400e-01
386 6.172560e-01 2.284000e-03 3.804600e-01
387 6.168560e-01 2.236000e-03 3.809080e-01
388 6.164960e-01 2.260000e-03 3.812440e-01
389 6.161640e-01 2.184000e-03 3.816520e-01
390 6.158160e-01 2.136000e-03 3.820480e-01
391 6.154720e-01 2.100000e-03 3.824280e-01
392 6.151200e-01 2.060000e-03 3.828200e-01
393 6.147520e-01 2.144000e-03 3.831040e-01
394 6.143920e-01 2.156000e-03 3.834520e-01
395 6.140520e-01 2.152000e-03 3.837960e-01
396 6.136600e-01 2.180000e-03 3.841600e-01
397 6.134000e-01 2.108000e-03 3.844920e-01
398 6.130960e-01 2.048000e-03 3.848560e-01
399 6.127040e-01 2.108000e-03 3.851880e-01
400 6.123520e-01 2.104000e-03 3.855440e-01
401 6.120000e-01 2.156000e-03 3.858440e-01
402 6.116120e-01 2.180000e-03 3.862080e-01
403 6.112400e-01 2.228000e-03 3.865320e-01
404 6.108960e-01 2.188000e-03 3.869160e-01
405 6.106160e-01 2.132000e-03 3.872520e-01
406 6.103200e-01 2.064000e-03 3.876160e-01
407 6.099880e-01 1.996000e-03 3.880160e-01
408 6.096720e-01 2.032000e-03 3.882960e-01
409 6.093840e-01 1.956000e-03 3.886600e-01
410 6.091200e-01 1.936000e-03 3.889440e-01
411 6.088280e-01 1.924000e-03 3.892480e-01
412 6.086200e-01 1.836000e-03 3.895440e-01
413 6.083840e-01 1.732000e-03 3.898840e-01
414 6.081200e-01 1.720000e-03 3.901600e-01
415 6.078640e-01 1.620000e-03 3.905160e-01
416 6.076240e-01 1.564000e-03 3.908120e-01
417 6.073240e-01 1.612000e-03 3.910640e-01
418 6.070440e-01 1.628000e-03 3.913280e-01
419 6.068280e-01 1.560000e-03 3.916120e-01
420 6.066560e-01 1.456000e-03 3.918880e-01
421 6.064440e-01 1.396000e-03 3.921600e-01
422 6.062280e-01 1.372000e-03 3.924000e-01
423 6.060680e-01 1.320000e-03 3.926120e-01
424 6.058520e-01 1.308000e-03 3.928400e-01
425 6.055760e-01 1.304000e-03 3.931200e-01
426 6.053440e-01 1.304000e-03 3.933520e-01
427 6.051080e-01 1.284000e-03 3.936080e-01
428 6.048760e-01 1.296000e-03 3.938280e-01
429 6.046120e-01 1.364000e-03 3.940240e-01
430 6.044080e-01 1.356000e-03 3.942360e-01
431 6.042280e-01 1.240000e-03 3.945320e-01
432 6.039680e-01 1.340000e-03 3.946920e-01
433 6.037000e-01 1.400000e-03 3.949000e-01
434 6.034840e-01 1.380000e-03 3.951360e-01
435 6.032200e-01 1.392000e-03 3.953880e-01
436 6.029400e-01 1.420000e-03 3.956400e-01
437 6.026440e-01 1.468000e-03 3.958880e-01
438 6.024080e-01 1.460000e-03 3.961320e-01
439 6.022120e-01 1.364000e-03 3.964240e-01
440 6.020120e-01 1.320000e-03 3.966680e-01
441 6.018720e-01 1.216000e-03 3.969120e-01
442 6.017280e-01 1.160000e-03 3.971120e-01
443 6.015120e-01 1.116000e-03 3.973720e-01
444 6.012640e-01 1.160000e-03 3.975760e-01
445 6.010880e-01 1.156000e-03 3.977560e-01
446 6.008840e-01 1.188000e-03 3.979280e-01
447 6.006760e-01 1.192000e-03 3.981320e-01
448 6.005160e-01 1.148000e-03 3.983360e-01
449 6.003600e-01 1.108000e-03 3.985320e-01
450 6.001600e-01 1.160000e-03 3.986800e-01
451 5.999440e-01 1.164000e-03 3.988920e-01
452 5.997720e-01 1.108000e-03 3.991200e-01
453 5.995680e-01 1.112000e-03 3.993200e-01
454 5.993600e-01 1.104000e-03 3.995360e-01
455 5.991400e-01 1.112000e-03 3.997480e-01
456 5.990280e-01 1.076000e-03 3.998960e-01
457 5.988640e-01 1.064000e-03 4.000720e-01
458 5.987080e-01 1.020000e-03 4.002720e-01
459 5.985720e-01 9.680000e-04 4.004600e-01
460 5.984320e-01 9.600000e-04 4.006080e-01
461 5.983400e-01 9.120000e-04 4.007480e-01
462 5.982400e-01 7.920000e-04 4.009680e-01
463 5.981240e-01 7.520000e-04 4.011240e-01
464 5.980120e-01 7.240000e-04 4.012640e-01
465 5.979280e-01 6.920000e-04 4.013800e-01
466 5.978000e-01 7.040000e-04 4.014960e-01
467 5.976360e-01 7.480000e-04 4.016160e-01
468 5.975120e-01 7.520000e-04 4.017360e-01
469 5.973840e-01 7.600000e-04 4.018560e-01
470 5.972680e-01 7.480000e-04 4.019840e-01
471 5.971200e-01 7.320000e-04 4.021480e-01
472 5.969680e-01 7.560000e-04 4.022760e-01
473 5.968600e-01 7.040000e-04 4.024360e-01
474 5.967600e-01 6.920000e-04 4.025480e-01
475 5.966560e-01 6.520000e-04 4.026920e-01
476 5.965440e-01 6.400000e-04 4.028160e-01
477 5.964240e-01 6.840000e-04 4.028920e-01
478 5.962800e-01 7.200000e-04 4.030000e-01
479 5.961880e-01 6.760000e-04 4.031360e-01
480 5.960720e-01 6.800000e-04 4.032480e-01
481 5.959480e-01 6.920000e-04 4.033600e-01
482 5.958120e-01 7.040000e-04 4.034840e-01
483 5.956920e-01 7.160000e-04 4.035920e-01
484 5.955800e-01 7.120000e-04 4.037080e-01
485 5.954640e-01 7.000000e-04 4.038360e-01
486 5.953200e-01 7.080000e-04 4.039720e-01
487 5.951840e-01 7.320000e-04 4.040840e-01
488 5.950760e-01 7.040000e-04 4.042200e-01
489 5.949280e-01 7.080000e-04 4.043640e-01
490 5.948360e-01 6.720000e-04 4.044920e-01
491 5.947040e-01 6.440000e-04 4.046520e-01
492 5.945520e-01 6.960000e-04 4.047520e-01
493 5.944480e-01 6.840000e-04 4.048680e-01
494 5.943280e-01 6.800000e-04 4.049920e-01
495 5.941120e-01 7.640000e-04 4.051240e-01
496 5.939840e-01 7.360000e-04 4.052800e-01
497 5.938760e-01 7.320000e-04 4.053920e-01
498 5.937320e-01 7.440000e-04 4.055240e-01
499 5.936280e-01 7.040000e-04 4.056680e-01
500 5.935120e-01 6.880000e-04 4.058000e-01
