1 9.992320e-01 6.960000e-04 7.200000e-05
2 9.987200e-01 1.072000e-03 2.080000e-04
3 9.980240e-01 1.464000e-03 5.120000e-04
4 9.971640e-01 2.044000e-03 7.920000e-04
5 9.962480e-01 2.500000e-03 1.252000e-03
6 9.953720e-01 2.912000e-03 1.716000e-03
7 9.944920e-01 3.156000e-03 2.352000e-03
8 9.936240e-01 3.452000e-03 2.924000e-03
9 9.926880e-01 3.772000e-03 3.540000e-03
10 9.915840e-01 4.284000e-03 4.132000e-03
11 9.903240e-01 4.688000e-03 4.988000e-03
12 9.892000e-01 4.944000e-03 5.856000e-03
13 9.880160e-01 5.400000e-03 6.584000e-03
14 9.867200e-01 5.772000e-03 7.508000e-03
15 9.854960e-01 5.980000e-03 8.524000e-03
16 9.842320e-01 6.144000e-03 9.624000e-03
17 9.828960e-01 6.364000e-03 1.074000e-02
18 9.815040e-01 6.580000e-03 1.191600e-02
19 9.798680e-01 7.052000e-03 1.308000e-02
20 9.783680e-01 7.272000e-03 1.436000e-02
21 9.768560e-01 7.576000e-03 1.556800e-02
22 9.753160e-01 7.848000e-03 1.683600e-02
23 9.736480e-01 8.076000e-03 1.827600e-02
24 9.720920e-01 8.092000e-03 1.981600e-02
25 9.705920e-01 8.112000e-03 2.129600e-02
26 9.688960e-01 8.400000e-03 2.270400e-02
27 9.673440e-01 8.516000e-03 2.414000e-02
28 9.657280e-01 8.704000e-03 2.556800e-02
29 9.640240e-01 8.780000e-03 2.719600e-02
30 9.625320e-01 8.756000e-03 2.871200e-02
31 9.609800e-01 8.988000e-03 3.003200e-02
32 9.593000e-01 9.096000e-03 3.160400e-02
33 9.576440e-01 9.064000e-03 3.329200e-02
34 9.560280e-01 9.088000e-03 3.488400e-02
35 9.543880e-01 9.140000e-03 3.647200e-02
36 9.527800e-01 9.116000e-03 3.810400e-02
37 9.510600e-01 9.328000e-03 3.961200e-02
38 9.495080e-01 9.200000e-03 4.129200e-02
39 9.477840e-01 9.380000e-03 4.283600e-02
40 9.461520e-01 9.340000e-03 4.450800e-02
41 9.444080e-01 9.480000e-03 4.611200e-02
42 9.427280e-01 9.408000e-03 4.786400e-02
43 9.411200e-01 9.408000e-03 4.947200e-02
44 9.394560e-01 9.420000e-03 5.112400e-02
45 9.378440e-01 9.432000e-03 5.272400e-02
46 9.361800e-01 9.368000e-03 5.445200e-02
47 9.346960e-01 9.304000e-03 5.600000e-02
48 9.330080e-01 9.464000e-03 5.752800e-02
49 9.313680e-01 9.544000e-03 5.908800e-02
50 9.296040e-01 9.552000e-03 6.084400e-02
51 9.277040e-01 9.764000e-03 6.253200e-02
52 9.259160e-01 9.924000e-03 6.416000e-02
53 9.242000e-01 9.948000e-03 6.585200e-02
54 9.226480e-01 9.860000e-03 6.749200e-02
55 9.210720e-01 9.700000e-03 6.922800e-02
56 9.193360e-01 9.732000e-03 7.093200e-02
57 9.176040e-01 9.680000e-03 7.271600e-02
58 9.158120e-01 9.712000e-03 7.447600e-02
59 9.140080e-01 9.816000e-03 7.617600e-02
60 9.122800e-01 9.812000e-03 7.790800e-02
61 9.104600e-01 9.892000e-03 7.964800e-02
62 9.088200e-01 9.756000e-03 8.142400e-02
63 9.070800e-01 9.788000e-03 8.313200e-02
64 9.051800e-01 9.952000e-03 8.486800e-02
65 9.032400e-01 1.012800e-02 8.663200e-02
66 9.013840e-01 1.018000e-02 8.843600e-02
67 8.995080e-01 1.021200e-02 9.028000e-02
68 8.977760e-01 1.021600e-02 9.200800e-02
69 8.960240e-01 1.022400e-02 9.375200e-02
70 8.944160e-01 9.868000e-03 9.571600e-02
71 8.928560e-01 9.664000e-03 9.748000e-02
72 8.913640e-01 9.300000e-03 9.933600e-02
73 8.897600e-01 9.284000e-03 1.009560e-01
74 8.881480e-01 9.312000e-03 1.025400e-01
75 8.864280e-01 9.400000e-03 1.041720e-01
76 8.846200e-01 9.444000e-03 1.059360e-01
77 8.829200e-01 9.460000e-03 1.076200e-01
78 8.813120e-01 9.460000e-03 1.092280e-01
79 8.795440e-01 9.572000e-03 1.108840e-01
80 8.779360e-01 9.536000e-03 1.125280e-01
81 8.763640e-01 9.364000e-03 1.142720e-01
82 8.747280e-01 9.420000e-03 1.158520e-01
83 8.731120e-01 9.432000e-03 1.174560e-01
84 8.716240e-01 9.144000e-03 1.192320e-01
85 8.701800e-01 8.984000e-03 1.208360e-01
86 8.683800e-01 9.340000e-03 1.222800e-01
87 8.668280e-01 9.124000e-03 1.240480e-01
88 8.652880e-01 9.144000e-03 1.255680e-01
89 8.637080e-01 9.136000e-03 1.271560e-01
90 8.621880e-01 9.132000e-03 1.286800e-01
91 8.606320e-01 9.008000e-03 1.303600e-01
92 8.591040e-01 9.020000e-03 1.318760e-01
93 8.577040e-01 8.840000e-03 1.334560e-01
94 8.560000e-01 8.804000e-03 1.351960e-01
95 8.546880e-01 8.560000e-03 1.367520e-01
96 8.531280e-01 8.744000e-03 1.381280e-01
97 8.516880e-01 8.620000e-03 1.396920e-01
98 8.501640e-01 8.492000e-03 1.413440e-01
99 8.486480e-01 8.412000e-03 1.429400e-01
100 8.473000e-01 8.136000e-03 1.445640e-01
101 8.459160e-01 8.128000e-03 1.459560e-01
102 8.444960e-01 8.140000e-03 1.473640e-01
103 8.431720e-01 7.980000e-03 1.488480e-01
104 8.419760e-01 7.852000e-03 1.501720e-01
105 8.406120e-01 7.880000e-03 1.515080e-01
106 8.391880e-01 7.968000e-03 1.528440e-01
107 8.377280e-01 8.144000e-03 1.541280e-01
108 8.365280e-01 7.876000e-03 1.555960e-01
109 8.351680e-01 7.884000e-03 1.569480e-01
110 8.337440e-01 7.868000e-03 1.583880e-01
111 8.322600e-01 7.908000e-03 1.598320e-01
112 8.309000e-01 7.920000e-03 1.611800e-01
113 8.294880e-01 7.860000e-03 1.626520e-01
114 8.281160e-01 7.924000e-03 1.639600e-01
115 8.267520e-01 7.852000e-03 1.653960e-01
116 8.254120e-01 7.804000e-03 1.667840e-01
117 8.240720e-01 7.784000e-03 1.681440e-01
118 8.226440e-01 7.764000e-03 1.695920e-01
119 8.211920e-01 7.788000e-03 1.710200e-01
120 8.199840e-01 7.744000e-03 1.722720e-01
121 8.186000e-01 7.720000e-03 1.736800e-01
122 8.172520e-01 7.592000e-03 1.751560e-01
123 8.158920e-01 7.688000e-03 1.764200e-01
124 8.145440e-01 7.828000e-03 1.776280e-01
125 8.131320e-01 7.860000e-03 1.790080e-01
126 8.117280e-01 7.848000e-03 1.804240e-01
127 8.102920e-01 7.904000e-03 1.818040e-01
128 8.086760e-01 8.124000e-03 1.832000e-01
129 8.072840e-01 8.160000e-03 1.845560e-01
130 8.056120e-01 8.432000e-03 1.859560e-01
131 8.041120e-01 8.400000e-03 1.874880e-01
132 8.024160e-01 8.656000e-03 1.889280e-01
133 8.010440e-01 8.516000e-03 1.904400e-01
134 7.996080e-01 8.432000e-03 1.919600e-01
135 7.978960e-01 8.752000e-03 1.933520e-01
136 7.962600e-01 8.788000e-03 1.949520e-01
137 7.948040e-01 8.720000e-03 1.964760e-01
138 7.932520e-01 8.716000e-03 1.980320e-01
139 7.915760e-01 8.920000e-03 1.995040e-01
140 7.900600e-01 8.888000e-03 2.010520e-01
141 7.884320e-01 8.860000e-03 2.027080e-01
142 7.867840e-01 9.032000e-03 2.041840e-01
143 7.853160e-01 8.896000e-03 2.057880e-01
144 7.837680e-01 8.992000e-03 2.072400e-01
145 7.823560e-01 8.904000e-03 2.087400e-01
146 7.808680e-01 8.924000e-03 2.102080e-01
147 7.792320e-01 8.852000e-03 2.119160e-01
148 7.778200e-01 8.712000e-03 2.134680e-01
149 7.763280e-01 8.816000e-03 2.148560e-01
150 7.747680e-01 8.892000e-03 2.163400e-01
151 7.733320e-01 8.636000e-03 2.180320e-01
152 7.720040e-01 8.508000e-03 2.194880e-01
153 7.705200e-01 8.436000e-03 2.210440e-01
154 7.690720e-01 8.332000e-03 2.225960e-01
155 7.676600e-01 8.236000e-03 2.241040e-01
156 7.663440e-01 8.236000e-03 2.254200e-01
157 7.650600e-01 8.088000e-03 2.268520e-01
158 7.637120e-01 7.960000e-03 2.283280e-01
159 7.623680e-01 7.980000e-03 2.296520e-01
160 7.610040e-01 7.896000e-03 2.311000e-01
161 7.597080e-01 7.908000e-03 2.323840e-01
162 7.583040e-01 7.964000e-03 2.337320e-01
163 7.570280e-01 7.860000e-03 2.351120e-01
164 7.557960e-01 7.700000e-03 2.365040e-01
165 7.544640e-01 7.712000e-03 2.378240e-01
166 7.531600e-01 7.640000e-03 2.392000e-01
167 7.519000e-01 7.592000e-03 2.405080e-01
168 7.506680e-01 7.412000e-03 2.419200e-01
169 7.495000e-01 7.300000e-03 2.432000e-01
170 7.482800e-01 7.232000e-03 2.444880e-01
171 7.472040e-01 7.128000e-03 2.456680e-01
172 7.460280e-01 7.056000e-03 2.469160e-01
173 7.448240e-01 7.108000e-03 2.480680e-01
174 7.434080e-01 7.200000e-03 2.493920e-01
175 7.420280e-01 7.196000e-03 2.507760e-01
176 7.407880e-01 7.248000e-03 2.519640e-01
177 7.395560e-01 7.224000e-03 2.532200e-01
178 7.384720e-01 7.132000e-03 2.543960e-01
179 7.374240e-01 6.828000e-03 2.557480e-01
180 7.362720e-01 6.712000e-03 2.570160e-01
181 7.350680e-01 6.736000e-03 2.581960e-01
182 7.340120e-01 6.680000e-03 2.593080e-01
183 7.329440e-01 6.564000e-03 2.604920e-01
184 7.317920e-01 6.516000e-03 2.616920e-01
185 7.308560e-01 6.416000e-03 2.627280e-01
186 7.298560e-01 6.288000e-03 2.638560e-01
187 7.288560e-01 6.160000e-03 2.649840e-01
188 7.279760e-01 6.044000e-03 2.659800e-01
189 7.268720e-01 6.124000e-03 2.670040e-01
190 7.259440e-01 6.008000e-03 2.680480e-01
191 7.250240e-01 5.876000e-03 2.691000e-01
192 7.240280e-01 5.836000e-03 2.701360e-01
193 7.230440e-01 5.836000e-03 2.711200e-01
194 7.220160e-01 5.844000e-03 2.721400e-01
195 7.210640e-01 5.772000e-03 2.731640e-01
196 7.200440e-01 5.796000e-03 2.741600e-01
197 7.190160e-01 5.856000e-03 2.751280e-01
198 7.180320e-01 5.872000e-03 2.760960e-01
199 7.170000e-01 5.780000e-03 2.772200e-01
200 7.159600e-01 5.956000e-03 2.780840e-01
201 7.148480e-01 6.056000e-03 2.790960e-01
202 7.138560e-01 5.972000e-03 2.801720e-01
203 7.128680e-01 5.920000e-03 2.812120e-01
204 7.118400e-01 5.904000e-03 2.822560e-01
205 7.107480e-01 5.924000e-03 2.833280e-01
206 7.098120e-01 5.804000e-03 2.843840e-01
207 7.089840e-01 5.624000e-03 2.853920e-01
208 7.081720e-01 5.432000e-03 2.863960e-01
209 7.073920e-01 5.240000e-03 2.873680e-01
210 7.064600e-01 5.180000e-03 2.883600e-01
211 7.056480e-01 5.104000e-03 2.892480e-01
212 7.048800e-01 5.096000e-03 2.900240e-01
213 7.039880e-01 5.084000e-03 2.909280e-01
214 7.030760e-01 4.960000e-03 2.919640e-01
215 7.020760e-01 5.148000e-03 2.927760e-01
216 7.010920e-01 5.212000e-03 2.936960e-01
217 7.001360e-01 5.280000e-03 2.945840e-01
218 6.991520e-01 5.288000e-03 2.955600e-01
219 6.982080e-01 5.316000e-03 2.964760e-01
220 6.972880e-01 5.328000e-03 2.973840e-01
221 6.963640e-01 5.216000e-03 2.984200e-01
222 6.954520e-01 5.156000e-03 2.993920e-01
223 6.945240e-01 5.300000e-03 3.001760e-01
224 6.935840e-01 5.276000e-03 3.011400e-01
225 6.926800e-01 5.288000e-03 3.020320e-01
226 6.917920e-01 5.232000e-03 3.029760e-01
227 6.909040e-01 5.228000e-03 3.038680e-01
228 6.900880e-01 5.140000e-03 3.047720e-01
229 6.892800e-01 5.088000e-03 3.056320e-01
230 6.884720e-01 4.904000e-03 3.066240e-01
231 6.876280e-01 4.800000e-03 3.075720e-01
232 6.868520e-01 4.760000e-03 3.083880e-01
233 6.861440e-01 4.700000e-03 3.091560e-01
234 6.853320e-01 4.696000e-03 3.099720e-01
235 6.844680e-01 4.684000e-03 3.108480e-01
236 6.837280e-01 4.616000e-03 3.116560e-01
237 6.829640e-01 4.612000e-03 3.124240e-01
238 6.822400e-01 4.452000e-03 3.133080e-01
239 6.814720e-01 4.372000e-03 3.141560e-01
240 6.807120e-01 4.392000e-03 3.148960e-01
241 6.799880e-01 4.292000e-03 3.157200e-01
242 6.791960e-01 4.304000e-03 3.165000e-01
243 6.785080e-01 4.184000e-03 3.173080e-01
244 6.777000e-01 4.252000e-03 3.180480e-01
245 6.767720e-01 4.548000e-03 3.186800e-01
246 6.759880e-01 4.632000e-03 3.193800e-01
247 6.753160e-01 4.484000e-03 3.202000e-01
248 6.745400e-01 4.480000e-03 3.209800e-01
249 6.738120e-01 4.396000e-03 3.217920e-01
250 6.731280e-01 4.344000e-03 3.225280e-01
251 6.724400e-01 4.332000e-03 3.232280e-01
252 6.717640e-01 4.364000e-03 3.238720e-01
253 6.710920e-01 4.224000e-03 3.246840e-01
254 6.703720e-01 4.272000e-03 3.253560e-01
255 6.696960e-01 4.260000e-03 3.260440e-01
256 6.691840e-01 4.056000e-03 3.267600e-01
257 6.684560e-01 4.032000e-03 3.275120e-01
258 6.677560e-01 4.068000e-03 3.281760e-01
259 6.671600e-01 3.920000e-03 3.289200e-01
260 6.664120e-01 4.008000e-03 3.295800e-01
261 6.658240e-01 3.868000e-03 3.303080e-01
262 6.651440e-01 3.876000e-03 3.309800e-01
263 6.644240e-01 3.844000e-03 3.317320e-01
264 6.637880e-01 3.832000e-03 3.323800e-01
265 6.631240e-01 3.864000e-03 3.330120e-01
266 6.625000e-01 3.732000e-03 3.337680e-01
267 6.619120e-01 3.720000e-03 3.343680e-01
268 6.613160e-01 3.676000e-03 3.350080e-01
269 6.607920e-01 3.592000e-03 3.356160e-01
270 6.602000e-01 3.544000e-03 3.362560e-01
271 6.597080e-01 3.400000e-03 3.368920e-01
272 6.591320e-01 3.372000e-03 3.374960e-01
273 6.584640e-01 3.524000e-03 3.380120e-01
274 6.578840e-01 3.536000e-03 3.385800e-01
275 6.572680e-01 3.508000e-03 3.392240e-01
276 6.566720e-01 3.416000e-03 3.399120e-01
277 6.561760e-01 3.256000e-03 3.405680e-01
278 6.555160e-01 3.348000e-03 3.411360e-01
279 6.550360e-01 3.264000e-03 3.417000e-01
280 6.545360e-01 3.160000e-03 3.423040e-01
281 6.539080e-01 3.256000e-03 3.428360e-01
282 6.533800e-01 3.236000e-03 3.433840e-01
283 6.527800e-01 3.236000e-03 3.439840e-01
284 6.522040e-01 3.216000e-03 3.445800e-01
285 6.516760e-01 3.196000e-03 3.451280e-01
286 6.511320e-01 3.168000e-03 3.457000e-01
287 6.505920e-01 3.084000e-03 3.463240e-01
288 6.500120e-01 3.136000e-03 3.468520e-01
289 6.494520e-01 3.156000e-03 3.473920e-01
290 6.489280e-01 3.092000e-03 3.479800e-01
291 6.484240e-01 3.116000e-03 3.484600e-01
292 6.479160e-01 3.180000e-03 3.489040e-01
293 6.474160e-01 3.112000e-03 3.494720e-01
294 6.468600e-01 3.052000e-03 3.500880e-01
295 6.464120e-01 2.948000e-03 3.506400e-01
296 6.459840e-01 2.924000e-03 3.510920e-01
297 6.454320e-01 2.952000e-03 3.516160e-01
298 6.449080e-01 2.980000e-03 3.521120e-01
299 6.443880e-01 2.916000e-03 3.526960e-01
300 6.439000e-01 2.860000e-03 3.532400e-01
301 6.433960e-01 2.812000e-03 3.537920e-01
302 6.429480e-01 2.760000e-03 3.542920e-01
303 6.425280e-01 2.696000e-03 3.547760e-01
304 6.421200e-01 2.680000e-03 3.552000e-01
305 6.417000e-01 2.600000e-03 3.557000e-01
306 6.412840e-01 2.512000e-03 3.562040e-01
307 6.409000e-01 2.496000e-03 3.566040e-01
308 6.405000e-01 2.500000e-03 3.570000e-01
309 6.399960e-01 2.512000e-03 3.574920e-01
310 6.395560e-01 2.472000e-03 3.579720e-01
311 6.390600e-01 2.564000e-03 3.583760e-01
312 6.385760e-01 2.584000e-03 3.588400e-01
313 6.380200e-01 2.728000e-03 3.592520e-01
314 6.375440e-01 2.732000e-03 3.597240e-01
315 6.370360e-01 2.788000e-03 3.601760e-01
316 6.365160e-01 2.872000e-03 3.606120e-01
317 6.361120e-01 2.784000e-03 3.611040e-01
318 6.356080e-01 2.832000e-03 3.615600e-01
319 6.351520e-01 2.716000e-03 3.621320e-01
320 6.347480e-01 2.660000e-03 3.625920e-01
321 6.343200e-01 2.692000e-03 3.629880e-01
322 6.338880e-01 2.660000e-03 3.634520e-01
323 6.335000e-01 2.632000e-03 3.638680e-01
324 6.331160e-01 2.552000e-03 3.643320e-01
325 6.327440e-01 2.500000e-03 3.647560e-01
326 6.324320e-01 2.336000e-03 3.652320e-01
327 6.320920e-01 2.316000e-03 3.655920e-01
328 6.317200e-01 2.328000e-03 3.659520e-01
329 6.314200e-01 2.168000e-03 3.664120e-01
330 6.310800e-01 2.148000e-03 3.667720e-01
331 6.307200e-01 2.184000e-03 3.670960e-01
332 6.303720e-01 2.152000e-03 3.674760e-01
333 6.300400e-01 2.096000e-03 3.678640e-01
334 6.296440e-01 2.148000e-03 3.682080e-01
335 6.292480e-01 2.160000e-03 3.685920e-01
336 6.288320e-01 2.156000e-03 3.690120e-01
337 6.285600e-01 2.032000e-03 3.694080e-01
338 6.282440e-01 2.016000e-03 3.697400e-01
339 6.278040e-01 2.088000e-03 3.701080e-01
340 6.274440e-01 2.068000e-03 3.704880e-01
341 6.270360e-01 2.080000e-03 3.708840e-01
342 6.267480e-01 2.064000e-03 3.711880e-01
343 6.264320e-01 2.036000e-03 3.715320e-01
344 6.260520e-01 2.036000e-03 3.719120e-01
345 6.256400e-01 2.056000e-03 3.723040e-01
346 6.252520e-01 2.072000e-03 3.726760e-01
347 6.248640e-01 2.084000e-03 3.730520e-01
348 6.243960e-01 2.188000e-03 3.734160e-01
349 6.239680e-01 2.264000e-03 3.737680e-01
350 6.235440e-01 2.224000e-03 3.742320e-01
351 6.231680e-01 2.264000e-03 3.745680e-01
352 6.227600e-01 2.240000e-03 3.750000e-01
353 6.223640e-01 2.264000e-03 3.753720e-01
354 6.220240e-01 2.236000e-03 3.757400e-01
355 6.216560e-01 2.260000e-03 3.760840e-01
356 6.213080e-01 2.212000e-03 3.764800e-01
357 6.209200e-01 2.240000e-03 3.768400e-01
358 6.205160e-01 2.224000e-03 3.772600e-01
359 6.201960e-01 2.120000e-03 3.776840e-01
360 6.197600e-01 2.144000e-03 3.780960e-01
361 6.193920e-01 2.176000e-03 3.784320e-01
362 6.189640e-01 2.220000e-03 3.788160e-01
363 6.184680e-01 2.376000e-03 3.791560e-01
364 6.179680e-01 2.428000e-03 3.796040e-01
365 6.175120e-01 2.484000e-03 3.800040e-01
366 6.170920e-01 2.436000e-03 3.804720e-01
367 6.167280e-01 2.444000e-03 3.808280e-01
368 6.163840e-01 2.372000e-03 3.812440e-01
369 6.160120e-01 2.252000e-03 3.817360e-01
370 6.156640e-01 2.192000e-03 3.821440e-01
371 6.153120e-01 2.104000e-03 3.825840e-01
372 6.150280e-01 2.040000e-03 3.829320e-01
373 6.147360e-01 1.924000e-03 3.833400e-01
374 6.143280e-01 1.956000e-03 3.837160e-01
375 6.139840e-01 1.896000e-03 3.841200e-01
376 6.136560e-01 1.928000e-03 3.844160e-01
377 6.133560e-01 1.896000e-03 3.847480e-01
378 6.130560e-01 1.820000e-03 3.851240e-01
379 6.127560e-01 1.792000e-03 3.854520e-01
380 6.125080e-01 1.776000e-03 3.857160e-01
381 6.122560e-01 1.660000e-03 3.860840e-01
382 6.120080e-01 1.604000e-03 3.863880e-01
383 6.117560e-01 1.592000e-03 3.866520e-01
384 6.114160e-01 1.600000e-03 3.869840e-01
385 6.111280e-01 1.652000e-03 3.872200e-01
386 6.108440e-01 1.640000e-03 3.875160e-01
387 6.104880e-01 1.676000e-03 3.878360e-01
388 6.101280e-01 1.748000e-03 3.881240e-01
389 6.097480e-01 1.848000e-03 3.884040e-01
390 6.093040e-01 1.908000e-03 3.887880e-01
391 6.089320e-01 1.888000e-03 3.891800e-01
392 6.085800e-01 1.900000e-03 3.895200e-01
393 6.081720e-01 1.964000e-03 3.898640e-01
394 6.077440e-01 2.044000e-03 3.902120e-01
395 6.073200e-01 2.096000e-03 3.905840e-01
396 6.069040e-01 2.104000e-03 3.909920e-01
397 6.064120e-01 2.260000e-03 3.913280e-01
398 6.060160e-01 2.260000e-03 3.917240e-01
399 6.056080e-01 2.272000e-03 3.921200e-01
400 6.052280e-01 2.308000e-03 3.924640e-01
401 6.048120e-01 2.276000e-03 3.929120e-01
402 6.043680e-01 2.280000e-03 3.933520e-01
403 6.039440e-01 2.320000e-03 3.937360e-01
404 6.035560e-01 2.316000e-03 3.941280e-01
405 6.031160e-01 2.408000e-03 3.944760e-01
406 6.027000e-01 2.380000e-03 3.949200e-01
407 6.023640e-01 2.280000e-03 3.953560e-01
408 6.018840e-01 2.420000e-03 3.956960e-01
409 6.014800e-01 2.428000e-03 3.960920e-01
410 6.010680e-01 2.456000e-03 3.964760e-01
411 6.007000e-01 2.428000e-03 3.968720e-01
412 6.003440e-01 2.324000e-03 3.973320e-01
413 6.000400e-01 2.188000e-03 3.977720e-01
414 5.996440e-01 2.220000e-03 3.981360e-01
415 5.993200e-01 2.216000e-03 3.984640e-01
416 5.989920e-01 2.152000e-03 3.988560e-01
417 5.985560e-01 2.160000e-03 3.992840e-01
418 5.982240e-01 2.188000e-03 3.995880e-01
419 5.978280e-01 2.188000e-03 3.999840e-01
420 5.973360e-01 2.264000e-03 4.004000e-01
421 5.968920e-01 2.396000e-03 4.007120e-01
422 5.964160e-01 2.464000e-03 4.011200e-01
423 5.959960e-01 2.480000e-03 4.015240e-01
424 5.954920e-01 2.564000e-03 4.019440e-01
425 5.950720e-01 2.544000e-03 4.023840e-01
426 5.946920e-01 2.528000e-03 4.027800e-01
427 5.942760e-01 2.516000e-03 4.032080e-01
428 5.938120e-01 2.504000e-03 4.036840e-01
429 5.934800e-01 2.416000e-03 4.041040e-01
430 5.931440e-01 2.348000e-03 4.045080e-01
431 5.928240e-01 2.284000e-03 4.048920e-01
432 5.924280e-01 2.312000e-03 4.052600e-01
433 5.920800e-01 2.268000e-03 4.056520e-01
434 5.916960e-01 2.276000e-03 4.060280e-01
435 5.914160e-01 2.172000e-03 4.064120e-01
436 5.910840e-01 2.100000e-03 4.068160e-01
437 5.907960e-01 1.996000e-03 4.072080e-01
438 5.904400e-01 1.960000e-03 4.076000e-01
439 5.900120e-01 2.052000e-03 4.079360e-01
440 5.896720e-01 2.092000e-03 4.082360e-01
441 5.892640e-01 2.176000e-03 4.085600e-01
442 5.890000e-01 2.028000e-03 4.089720e-01
443 5.888080e-01 1.840000e-03 4.093520e-01
444 5.884320e-01 1.892000e-03 4.096760e-01
445 5.882040e-01 1.820000e-03 4.099760e-01
446 5.879280e-01 1.768000e-03 4.103040e-01
447 5.876040e-01 1.688000e-03 4.107080e-01
448 5.873400e-01 1.672000e-03 4.109880e-01
449 5.871520e-01 1.544000e-03 4.113040e-01
450 5.869400e-01 1.416000e-03 4.116440e-01
451 5.866840e-01 1.416000e-03 4.119000e-01
452 5.864280e-01 1.412000e-03 4.121600e-01
453 5.862120e-01 1.380000e-03 4.124080e-01
454 5.859920e-01 1.344000e-03 4.126640e-01
455 5.858080e-01 1.292000e-03 4.129000e-01
456 5.856000e-01 1.268000e-03 4.131320e-01
457 5.853880e-01 1.248000e-03 4.133640e-01
458 5.851680e-01 1.248000e-03 4.135840e-01
459 5.849360e-01 1.288000e-03 4.137760e-01
460 5.846760e-01 1.328000e-03 4.139960e-01
461 5.844560e-01 1.368000e-03 4.141760e-01
462 5.842240e-01 1.332000e-03 4.144440e-01
463 5.840120e-01 1.360000e-03 4.146280e-01
464 5.838000e-01 1.328000e-03 4.148720e-01
465 5.836520e-01 1.320000e-03 4.150280e-01
466 5.834000e-01 1.344000e-03 4.152560e-01
467 5.831440e-01 1.324000e-03 4.155320e-01
468 5.828480e-01 1.376000e-03 4.157760e-01
469 5.826040e-01 1.392000e-03 4.160040e-01
470 5.824240e-01 1.336000e-03 4.162400e-01
471 5.821240e-01 1.424000e-03 4.164520e-01
472 5.818560e-01 1.444000e-03 4.167000e-01
473 5.816120e-01 1.460000e-03 4.169280e-01
474 5.814240e-01 1.416000e-03 4.171600e-01
475 5.811840e-01 1.392000e-03 4.174240e-01
476 5.809200e-01 1.400000e-03 4.176800e-01
477 5.806560e-01 1.456000e-03 4.178880e-01
478 5.803840e-01 1.476000e-03 4.181400e-01
479 5.801240e-01 1.524000e-03 4.183520e-01
480 5.799280e-01 1.476000e-03 4.185960e-01
481 5.796760e-01 1.464000e-03 4.188600e-01
482 5.794520e-01 1.448000e-03 4.191000e-01
483 5.792240e-01 1.388000e-03 4.193880e-01
484 5.790560e-01 1.240000e-03 4.197040e-01
485 5.788680e-01 1.232000e-03 4.199000e-01
486 5.786560e-01 1.244000e-03 4.201000e-01
487 5.785160e-01 1.168000e-03 4.203160e-01
488 5.783240e-01 1.128000e-03 4.205480e-01
489 5.781320e-01 1.120000e-03 4.207480e-01
490 5.779160e-01 1.144000e-03 4.209400e-01
491 5.776880e-01 1.168000e-03 4.211440e-01
492 5.774560e-01 1.172000e-03 4.213720e-01
493 5.773280e-01 1.100000e-03 4.215720e-01
494 5.772000e-01 1.036000e-03 4.217640e-01
495 5.770360e-01 1.032000e-03 4.219320e-01
496 5.768920e-01 9.880000e-04 4.221200e-01
497 5.767200e-01 1.020000e-03 4.222600e-01
498 5.765520e-01 1.064000e-03 4.223840e-01
499 5.763720e-01 1.064000e-03 4.225640e-01
500 5.761680e-01 1.080000e-03 4.227520e-01
