1 9.991640e-01 7.520000e-04 8.400000e-05
2 9.985760e-01 1.144000e-03 2.800000e-04
3 9.980080e-01 1.512000e-03 4.800000e-04
4 9.972920e-01 1.820000e-03 8.880000e-04
5 9.964440e-01 2.264000e-03 1.292000e-03
6 9.956200e-01 2.624000e-03 1.756000e-03
7 9.946920e-01 3.008000e-03 2.300000e-03
8 9.937640e-01 3.312000e-03 2.924000e-03
9 9.927920e-01 3.656000e-03 3.552000e-03
10 9.918000e-01 3.972000e-03 4.228000e-03
11 9.907760e-01 4.264000e-03 4.960000e-03
12 9.896800e-01 4.588000e-03 5.732000e-03
13 9.886080e-01 4.828000e-03 6.564000e-03
14 9.875280e-01 5.128000e-03 7.344000e-03
15 9.864560e-01 5.256000e-03 8.288000e-03
16 9.854080e-01 5.276000e-03 9.316000e-03
17 9.842320e-01 5.544000e-03 1.022400e-02
18 9.829240e-01 5.892000e-03 1.118400e-02
19 9.818000e-01 6.024000e-03 1.217600e-02
20 9.805120e-01 6.240000e-03 1.324800e-02
21 9.793720e-01 6.220000e-03 1.440800e-02
22 9.779800e-01 6.496000e-03 1.552400e-02
23 9.765480e-01 6.784000e-03 1.666800e-02
24 9.753160e-01 6.784000e-03 1.790000e-02
25 9.739760e-01 6.960000e-03 1.906400e-02
26 9.726960e-01 6.892000e-03 2.041200e-02
27 9.711240e-01 7.228000e-03 2.164800e-02
28 9.696120e-01 7.460000e-03 2.292800e-02
29 9.680640e-01 7.704000e-03 2.423200e-02
30 9.665240e-01 7.708000e-03 2.576800e-02
31 9.649480e-01 7.992000e-03 2.706000e-02
32 9.636480e-01 7.988000e-03 2.836400e-02
33 9.622520e-01 7.924000e-03 2.982400e-02
34 9.608760e-01 8.024000e-03 3.110000e-02
35 9.593840e-01 8.080000e-03 3.253600e-02
36 9.579960e-01 8.000000e-03 3.400400e-02
37 9.565880e-01 8.000000e-03 3.541200e-02
38 9.551640e-01 8.028000e-03 3.680800e-02
39 9.537480e-01 8.108000e-03 3.814400e-02
40 9.523360e-01 7.948000e-03 3.971600e-02
41 9.508480e-01 8.084000e-03 4.106800e-02
42 9.494320e-01 7.956000e-03 4.261200e-02
43 9.480920e-01 7.972000e-03 4.393600e-02
44 9.466640e-01 8.084000e-03 4.525200e-02
45 9.450680e-01 8.264000e-03 4.666800e-02
46 9.435520e-01 8.364000e-03 4.808400e-02
47 9.421040e-01 8.384000e-03 4.951200e-02
48 9.406000e-01 8.384000e-03 5.101600e-02
49 9.391400e-01 8.392000e-03 5.246800e-02
50 9.376040e-01 8.404000e-03 5.399200e-02
51 9.363680e-01 8.176000e-03 5.545600e-02
52 9.350560e-01 7.952000e-03 5.699200e-02
53 9.335280e-01 8.160000e-03 5.831200e-02
54 9.320240e-01 8.208000e-03 5.976800e-02
55 9.306040e-01 8.136000e-03 6.126000e-02
56 9.290240e-01 8.360000e-03 6.261600e-02
57 9.274920e-01 8.436000e-03 6.407200e-02
58 9.260640e-01 8.428000e-03 6.550800e-02
59 9.243960e-01 8.552000e-03 6.705200e-02
60 9.228640e-01 8.688000e-03 6.844800e-02
61 9.214880e-01 8.520000e-03 6.999200e-02
62 9.200040e-01 8.380000e-03 7.161600e-02
63 9.186720e-01 8.272000e-03 7.305600e-02
64 9.173400e-01 8.244000e-03 7.441600e-02
65 9.158920e-01 8.252000e-03 7.585600e-02
66 9.146040e-01 8.120000e-03 7.727600e-02
67 9.132040e-01 8.080000e-03 7.871600e-02
68 9.117840e-01 8.048000e-03 8.016800e-02
69 9.102560e-01 8.116000e-03 8.162800e-02
70 9.087320e-01 8.200000e-03 8.306800e-02
71 9.070760e-01 8.416000e-03 8.450800e-02
72 9.056360e-01 8.344000e-03 8.602000e-02
73 9.041840e-01 8.348000e-03 8.746800e-02
74 9.027760e-01 8.248000e-03 8.897600e-02
75 9.012760e-01 8.236000e-03 9.048800e-02
76 8.998280e-01 8.128000e-03 9.204400e-02
77 8.983760e-01 8.040000e-03 9.358400e-02
78 8.969040e-01 8.108000e-03 9.498800e-02
79 8.955400e-01 7.972000e-03 9.648800e-02
80 8.942000e-01 7.980000e-03 9.782000e-02
81 8.928520e-01 7.916000e-03 9.923200e-02
82 8.916400e-01 7.828000e-03 1.005320e-01
83 8.904760e-01 7.460000e-03 1.020640e-01
84 8.893360e-01 7.324000e-03 1.033400e-01
85 8.880760e-01 7.364000e-03 1.045600e-01
86 8.870040e-01 7.172000e-03 1.058240e-01
87 8.857560e-01 7.180000e-03 1.070640e-01
88 8.845240e-01 7.212000e-03 1.082640e-01
89 8.834320e-01 7.144000e-03 1.094240e-01
90 8.821600e-01 7.016000e-03 1.108240e-01
91 8.809000e-01 7.040000e-03 1.120600e-01
92 8.795920e-01 7.224000e-03 1.131840e-01
93 8.781520e-01 7.368000e-03 1.144800e-01
94 8.767600e-01 7.456000e-03 1.157840e-01
95 8.754760e-01 7.420000e-03 1.171040e-01
96 8.742000e-01 7.452000e-03 1.183480e-01
97 8.729440e-01 7.324000e-03 1.197320e-01
98 8.717840e-01 7.320000e-03 1.208960e-01
99 8.706720e-01 7.164000e-03 1.221640e-01
100 8.695040e-01 6.964000e-03 1.235320e-01
101 8.685480e-01 6.632000e-03 1.248200e-01
102 8.675560e-01 6.452000e-03 1.259920e-01
103 8.666400e-01 6.208000e-03 1.271520e-01
104 8.656400e-01 6.168000e-03 1.281920e-01
105 8.646680e-01 5.996000e-03 1.293360e-01
106 8.637680e-01 5.780000e-03 1.304520e-01
107 8.627160e-01 5.880000e-03 1.314040e-01
108 8.616240e-01 5.952000e-03 1.324240e-01
109 8.607240e-01 5.776000e-03 1.335000e-01
110 8.598800e-01 5.708000e-03 1.344120e-01
111 8.590040e-01 5.548000e-03 1.354480e-01
112 8.581240e-01 5.472000e-03 1.364040e-01
113 8.572760e-01 5.364000e-03 1.373600e-01
114 8.564120e-01 5.228000e-03 1.383600e-01
115 8.555520e-01 5.272000e-03 1.391760e-01
116 8.547560e-01 5.120000e-03 1.401240e-01
117 8.538840e-01 5.104000e-03 1.410120e-01
118 8.530480e-01 5.008000e-03 1.419440e-01
119 8.522080e-01 4.848000e-03 1.429440e-01
120 8.514720e-01 4.784000e-03 1.437440e-01
121 8.506560e-01 4.680000e-03 1.446640e-01
122 8.498120e-01 4.704000e-03 1.454840e-01
123 8.490320e-01 4.588000e-03 1.463800e-01
124 8.481600e-01 4.640000e-03 1.472000e-01
125 8.473120e-01 4.680000e-03 1.480080e-01
126 8.463960e-01 4.788000e-03 1.488160e-01
127 8.455400e-01 4.728000e-03 1.497320e-01
128 8.446400e-01 4.784000e-03 1.505760e-01
129 8.437000e-01 4.948000e-03 1.513520e-01
130 8.426440e-01 5.128000e-03 1.522280e-01
131 8.416240e-01 5.180000e-03 1.531960e-01
132 8.405840e-01 5.296000e-03 1.541200e-01
133 8.396560e-01 5.384000e-03 1.549600e-01
134 8.387000e-01 5.420000e-03 1.558800e-01
135 8.378200e-01 5.388000e-03 1.567920e-01
136 8.368240e-01 5.460000e-03 1.577160e-01
137 8.358640e-01 5.408000e-03 1.587280e-01
138 8.349080e-01 5.388000e-03 1.597040e-01
139 8.339280e-01 5.424000e-03 1.606480e-01
140 8.329840e-01 5.464000e-03 1.615520e-01
141 8.320040e-01 5.572000e-03 1.624240e-01
142 8.309600e-01 5.648000e-03 1.633920e-01
143 8.299600e-01 5.644000e-03 1.643960e-01
144 8.290240e-01 5.532000e-03 1.654440e-01
145 8.279640e-01 5.600000e-03 1.664360e-01
146 8.269560e-01 5.608000e-03 1.674360e-01
147 8.259640e-01 5.636000e-03 1.684000e-01
148 8.249840e-01 5.668000e-03 1.693480e-01
149 8.239720e-01 5.676000e-03 1.703520e-01
150 8.229960e-01 5.628000e-03 1.713760e-01
151 8.219920e-01 5.680000e-03 1.723280e-01
152 8.210800e-01 5.504000e-03 1.734160e-01
153 8.201040e-01 5.488000e-03 1.744080e-01
154 8.192120e-01 5.456000e-03 1.753320e-01
155 8.183200e-01 5.468000e-03 1.762120e-01
156 8.173600e-01 5.524000e-03 1.771160e-01
157 8.165280e-01 5.440000e-03 1.780320e-01
158 8.156280e-01 5.380000e-03 1.789920e-01
159 8.146720e-01 5.316000e-03 1.800120e-01
160 8.137920e-01 5.248000e-03 1.809600e-01
161 8.128520e-01 5.272000e-03 1.818760e-01
162 8.120320e-01 5.204000e-03 1.827640e-01
163 8.111200e-01 5.208000e-03 1.836720e-01
164 8.102680e-01 5.200000e-03 1.845320e-01
165 8.093880e-01 5.212000e-03 1.854000e-01
166 8.083680e-01 5.388000e-03 1.862440e-01
167 8.074880e-01 5.296000e-03 1.872160e-01
168 8.065240e-01 5.240000e-03 1.882360e-01
169 8.055120e-01 5.292000e-03 1.891960e-01
170 8.046040e-01 5.308000e-03 1.900880e-01
171 8.036480e-01 5.324000e-03 1.910280e-01
172 8.028080e-01 5.332000e-03 1.918600e-01
173 8.019600e-01 5.292000e-03 1.927480e-01
174 8.011280e-01 5.196000e-03 1.936760e-01
175 8.002960e-01 5.016000e-03 1.946880e-01
176 7.994400e-01 5.028000e-03 1.955320e-01
177 7.985040e-01 4.992000e-03 1.965040e-01
178 7.976720e-01 5.000000e-03 1.973280e-01
179 7.969280e-01 4.968000e-03 1.981040e-01
180 7.960200e-01 5.076000e-03 1.989040e-01
181 7.951280e-01 5.068000e-03 1.998040e-01
182 7.942360e-01 4.980000e-03 2.007840e-01
183 7.933440e-01 5.088000e-03 2.015680e-01
184 7.924560e-01 5.028000e-03 2.025160e-01
185 7.916160e-01 5.008000e-03 2.033760e-01
186 7.909680e-01 4.772000e-03 2.042600e-01
187 7.901760e-01 4.744000e-03 2.050800e-01
188 7.894880e-01 4.640000e-03 2.058720e-01
189 7.887880e-01 4.556000e-03 2.066560e-01
190 7.881080e-01 4.480000e-03 2.074120e-01
191 7.874480e-01 4.336000e-03 2.082160e-01
192 7.867800e-01 4.356000e-03 2.088640e-01
193 7.861040e-01 4.244000e-03 2.096520e-01
194 7.854400e-01 4.160000e-03 2.104000e-01
195 7.847440e-01 4.220000e-03 2.110360e-01
196 7.840360e-01 4.240000e-03 2.117240e-01
197 7.834160e-01 4.132000e-03 2.124520e-01
198 7.826840e-01 4.188000e-03 2.131280e-01
199 7.819480e-01 4.140000e-03 2.139120e-01
200 7.813520e-01 4.024000e-03 2.146240e-01
201 7.806960e-01 3.964000e-03 2.153400e-01
202 7.799080e-01 4.072000e-03 2.160200e-01
203 7.792640e-01 4.064000e-03 2.166720e-01
204 7.785160e-01 4.116000e-03 2.173680e-01
205 7.777440e-01 4.144000e-03 2.181120e-01
206 7.771480e-01 4.028000e-03 2.188240e-01
207 7.765400e-01 3.924000e-03 2.195360e-01
208 7.758320e-01 3.928000e-03 2.202400e-01
209 7.751600e-01 3.968000e-03 2.208720e-01
210 7.744400e-01 4.004000e-03 2.215560e-01
211 7.737480e-01 3.940000e-03 2.223120e-01
212 7.731160e-01 3.884000e-03 2.230000e-01
213 7.724320e-01 3.952000e-03 2.236160e-01
214 7.717600e-01 3.940000e-03 2.243000e-01
215 7.710400e-01 4.036000e-03 2.249240e-01
216 7.704800e-01 3.928000e-03 2.255920e-01
217 7.697880e-01 3.988000e-03 2.262240e-01
218 7.690440e-01 3.984000e-03 2.269720e-01
219 7.682720e-01 4.016000e-03 2.277120e-01
220 7.676080e-01 4.100000e-03 2.282920e-01
221 7.669280e-01 4.112000e-03 2.289600e-01
222 7.662360e-01 4.096000e-03 2.296680e-01
223 7.655800e-01 4.004000e-03 2.304160e-01
224 7.649920e-01 3.928000e-03 2.310800e-01
225 7.643640e-01 3.876000e-03 2.317600e-01
226 7.636840e-01 3.836000e-03 2.324800e-01
227 7.630040e-01 3.860000e-03 2.331360e-01
228 7.624040e-01 3.820000e-03 2.337760e-01
229 7.617360e-01 3.800000e-03 2.344640e-01
230 7.612160e-01 3.676000e-03 2.351080e-01
231 7.605960e-01 3.648000e-03 2.357560e-01
232 7.600520e-01 3.528000e-03 2.364200e-01
233 7.595200e-01 3.444000e-03 2.370360e-01
234 7.589840e-01 3.408000e-03 2.376080e-01
235 7.584240e-01 3.380000e-03 2.381960e-01
236 7.579120e-01 3.332000e-03 2.387560e-01
237 7.572920e-01 3.412000e-03 2.392960e-01
238 7.568040e-01 3.264000e-03 2.399320e-01
239 7.561880e-01 3.284000e-03 2.405280e-01
240 7.555840e-01 3.292000e-03 2.411240e-01
241 7.550680e-01 3.236000e-03 2.416960e-01
242 7.544520e-01 3.232000e-03 2.423160e-01
243 7.538640e-01 3.256000e-03 2.428800e-01
244 7.532440e-01 3.284000e-03 2.434720e-01
245 7.525640e-01 3.316000e-03 2.441200e-01
246 7.519560e-01 3.292000e-03 2.447520e-01
247 7.513920e-01 3.312000e-03 2.452960e-01
248 7.507800e-01 3.404000e-03 2.458160e-01
249 7.501240e-01 3.440000e-03 2.464360e-01
250 7.495360e-01 3.388000e-03 2.470760e-01
251 7.489880e-01 3.356000e-03 2.476560e-01
252 7.484000e-01 3.308000e-03 2.482920e-01
253 7.477760e-01 3.352000e-03 2.488720e-01
254 7.471840e-01 3.340000e-03 2.494760e-01
255 7.466800e-01 3.248000e-03 2.500720e-01
256 7.460800e-01 3.276000e-03 2.506440e-01
257 7.453880e-01 3.420000e-03 2.511920e-01
258 7.447240e-01 3.540000e-03 2.517360e-01
259 7.440600e-01 3.628000e-03 2.523120e-01
260 7.433080e-01 3.736000e-03 2.529560e-01
261 7.426600e-01 3.664000e-03 2.536760e-01
262 7.420240e-01 3.524000e-03 2.544520e-01
263 7.413120e-01 3.672000e-03 2.550160e-01
264 7.405960e-01 3.712000e-03 2.556920e-01
265 7.399640e-01 3.736000e-03 2.563000e-01
266 7.393920e-01 3.644000e-03 2.569640e-01
267 7.387400e-01 3.704000e-03 2.575560e-01
268 7.381760e-01 3.644000e-03 2.581800e-01
269 7.376000e-01 3.532000e-03 2.588680e-01
270 7.370720e-01 3.468000e-03 2.594600e-01
271 7.363840e-01 3.596000e-03 2.600200e-01
272 7.357920e-01 3.608000e-03 2.606000e-01
273 7.351520e-01 3.744000e-03 2.611040e-01
274 7.343440e-01 3.868000e-03 2.617880e-01
275 7.335680e-01 3.924000e-03 2.625080e-01
276 7.329120e-01 3.852000e-03 2.632360e-01
277 7.322680e-01 3.852000e-03 2.638800e-01
278 7.316360e-01 3.812000e-03 2.645520e-01
279 7.310640e-01 3.768000e-03 2.651680e-01
280 7.303600e-01 3.788000e-03 2.658520e-01
281 7.297680e-01 3.716000e-03 2.665160e-01
282 7.290680e-01 3.752000e-03 2.671800e-01
283 7.284080e-01 3.704000e-03 2.678880e-01
284 7.278440e-01 3.572000e-03 2.685840e-01
285 7.272160e-01 3.604000e-03 2.691800e-01
286 7.266200e-01 3.552000e-03 2.698280e-01
287 7.260320e-01 3.528000e-03 2.704400e-01
288 7.254080e-01 3.468000e-03 2.711240e-01
289 7.247280e-01 3.528000e-03 2.717440e-01
290 7.240440e-01 3.692000e-03 2.722640e-01
291 7.233400e-01 3.812000e-03 2.728480e-01
292 7.226680e-01 3.808000e-03 2.735240e-01
293 7.220160e-01 3.832000e-03 2.741520e-01
294 7.213760e-01 3.756000e-03 2.748680e-01
295 7.207600e-01 3.620000e-03 2.756200e-01
296 7.200880e-01 3.620000e-03 2.762920e-01
297 7.195120e-01 3.588000e-03 2.769000e-01
298 7.188160e-01 3.680000e-03 2.775040e-01
299 7.181920e-01 3.660000e-03 2.781480e-01
300 7.175960e-01 3.652000e-03 2.787520e-01
301 7.169960e-01 3.600000e-03 2.794040e-01
302 7.163680e-01 3.576000e-03 2.800560e-01
303 7.158600e-01 3.492000e-03 2.806480e-01
304 7.153160e-01 3.420000e-03 2.812640e-01
305 7.147240e-01 3.360000e-03 2.819160e-01
306 7.141200e-01 3.376000e-03 2.825040e-01
307 7.135840e-01 3.300000e-03 2.831160e-01
308 7.131080e-01 3.204000e-03 2.836880e-01
309 7.126040e-01 3.168000e-03 2.842280e-01
310 7.121040e-01 3.152000e-03 2.847440e-01
311 7.116080e-01 3.148000e-03 2.852440e-01
312 7.110560e-01 3.140000e-03 2.858040e-01
313 7.105240e-01 3.076000e-03 2.864000e-01
314 7.099640e-01 3.096000e-03 2.869400e-01
315 7.094880e-01 3.064000e-03 2.874480e-01
316 7.088560e-01 3.216000e-03 2.879280e-01
317 7.081880e-01 3.280000e-03 2.885320e-01
318 7.075520e-01 3.320000e-03 2.891280e-01
319 7.068800e-01 3.396000e-03 2.897240e-01
320 7.062800e-01 3.356000e-03 2.903640e-01
321 7.056000e-01 3.412000e-03 2.909880e-01
322 7.049800e-01 3.448000e-03 2.915720e-01
323 7.043080e-01 3.536000e-03 2.921560e-01
324 7.036960e-01 3.528000e-03 2.927760e-01
325 7.031080e-01 3.480000e-03 2.934120e-01
326 7.025720e-01 3.380000e-03 2.940480e-01
327 7.020040e-01 3.344000e-03 2.946520e-01
328 7.013840e-01 3.256000e-03 2.953600e-01
329 7.008920e-01 3.260000e-03 2.958480e-01
330 7.004320e-01 3.072000e-03 2.964960e-01
331 6.999600e-01 2.952000e-03 2.970880e-01
332 6.994280e-01 3.004000e-03 2.975680e-01
333 6.989320e-01 3.012000e-03 2.980560e-01
334 6.985040e-01 2.888000e-03 2.986080e-01
335 6.980160e-01 2.912000e-03 2.990720e-01
336 6.975800e-01 2.836000e-03 2.995840e-01
337 6.969720e-01 2.932000e-03 3.000960e-01
338 6.964760e-01 2.964000e-03 3.005600e-01
339 6.960760e-01 2.864000e-03 3.010600e-01
340 6.956600e-01 2.788000e-03 3.015520e-01
341 6.951520e-01 2.812000e-03 3.020360e-01
342 6.946400e-01 2.864000e-03 3.024960e-01
343 6.941760e-01 2.788000e-03 3.030360e-01
344 6.937040e-01 2.776000e-03 3.035200e-01
345 6.932760e-01 2.688000e-03 3.040360e-01
346 6.928160e-01 2.708000e-03 3.044760e-01
347 6.922920e-01 2.760000e-03 3.049480e-01
348 6.917920e-01 2.708000e-03 3.055000e-01
349 6.913360e-01 2.684000e-03 3.059800e-01
350 6.909120e-01 2.632000e-03 3.064560e-01
351 6.904920e-01 2.564000e-03 3.069440e-01
352 6.900680e-01 2.544000e-03 3.073880e-01
353 6.896680e-01 2.500000e-03 3.078320e-01
354 6.892600e-01 2.504000e-03 3.082360e-01
355 6.888480e-01 2.492000e-03 3.086600e-01
356 6.883920e-01 2.556000e-03 3.090520e-01
357 6.879400e-01 2.564000e-03 3.094960e-01
358 6.874800e-01 2.568000e-03 3.099520e-01
359 6.869920e-01 2.604000e-03 3.104040e-01
360 6.865640e-01 2.544000e-03 3.108920e-01
361 6.861360e-01 2.540000e-03 3.113240e-01
362 6.857160e-01 2.504000e-03 3.117800e-01
363 6.852400e-01 2.576000e-03 3.121840e-01
364 6.847960e-01 2.600000e-03 3.126040e-01
365 6.843760e-01 2.540000e-03 3.130840e-01
366 6.839640e-01 2.476000e-03 3.135600e-01
367 6.836560e-01 2.380000e-03 3.139640e-01
368 6.832880e-01 2.396000e-03 3.143160e-01
369 6.828800e-01 2.396000e-03 3.147240e-01
370 6.825000e-01 2.352000e-03 3.151480e-01
371 6.820840e-01 2.356000e-03 3.155600e-01
372 6.816640e-01 2.304000e-03 3.160320e-01
373 6.812640e-01 2.380000e-03 3.163560e-01
374 6.807840e-01 2.408000e-03 3.168080e-01
375 6.803480e-01 2.420000e-03 3.172320e-01
376 6.800000e-01 2.388000e-03 3.176120e-01
377 6.796080e-01 2.328000e-03 3.180640e-01
378 6.791080e-01 2.404000e-03 3.184880e-01
379 6.787000e-01 2.372000e-03 3.189280e-01
380 6.783400e-01 2.360000e-03 3.193000e-01
381 6.779240e-01 2.380000e-03 3.196960e-01
382 6.774760e-01 2.396000e-03 3.201280e-01
383 6.770880e-01 2.384000e-03 3.205280e-01
384 6.767400e-01 2.320000e-03 3.209400e-01
385 6.762880e-01 2.340000e-03 3.213720e-01
386 6.758560e-01 2.360000e-03 3.217840e-01
387 6.754800e-01 2.340000e-03 3.221800e-01
388 6.750320e-01 2.380000e-03 3.225880e-01
389 6.746480e-01 2.328000e-03 3.230240e-01
390 6.741960e-01 2.356000e-03 3.234480e-01
391 6.738160e-01 2.300000e-03 3.238840e-01
392 6.734000e-01 2.324000e-03 3.242760e-01
393 6.729800e-01 2.336000e-03 3.246840e-01
394 6.725560e-01 2.316000e-03 3.251280e-01
395 6.720840e-01 2.404000e-03 3.255120e-01
396 6.716080e-01 2.456000e-03 3.259360e-01
397 6.710720e-01 2.612000e-03 3.263160e-01
398 6.706160e-01 2.600000e-03 3.267840e-01
399 6.701840e-01 2.612000e-03 3.272040e-01
400 6.696600e-01 2.672000e-03 3.276680e-01
401 6.692200e-01 2.632000e-03 3.281480e-01
402 6.687000e-01 2.660000e-03 3.286400e-01
403 6.681240e-01 2.776000e-03 3.291000e-01
404 6.675960e-01 2.848000e-03 3.295560e-01
405 6.670640e-01 2.916000e-03 3.300200e-01
406 6.665840e-01 2.964000e-03 3.304520e-01
407 6.661880e-01 2.788000e-03 3.310240e-01
408 6.657680e-01 2.728000e-03 3.315040e-01
409 6.653280e-01 2.636000e-03 3.320360e-01
410 6.649160e-01 2.576000e-03 3.325080e-01
411 6.645080e-01 2.532000e-03 3.329600e-01
412 6.640600e-01 2.532000e-03 3.334080e-01
413 6.636320e-01 2.520000e-03 3.338480e-01
414 6.632400e-01 2.532000e-03 3.342280e-01
415 6.627760e-01 2.564000e-03 3.346600e-01
416 6.624240e-01 2.508000e-03 3.350680e-01
417 6.620640e-01 2.408000e-03 3.355280e-01
418 6.617200e-01 2.384000e-03 3.358960e-01
419 6.614120e-01 2.304000e-03 3.362840e-01
420 6.610880e-01 2.340000e-03 3.365720e-01
421 6.607120e-01 2.352000e-03 3.369360e-01
422 6.602680e-01 2.388000e-03 3.373440e-01
423 6.598320e-01 2.456000e-03 3.377120e-01
424 6.594000e-01 2.436000e-03 3.381640e-01
425 6.589320e-01 2.520000e-03 3.385480e-01
426 6.584760e-01 2.580000e-03 3.389440e-01
427 6.580560e-01 2.580000e-03 3.393640e-01
428 6.576520e-01 2.552000e-03 3.397960e-01
429 6.572520e-01 2.500000e-03 3.402480e-01
430 6.569040e-01 2.420000e-03 3.406760e-01
431 6.566080e-01 2.276000e-03 3.411160e-01
432 6.562000e-01 2.352000e-03 3.414480e-01
433 6.558200e-01 2.392000e-03 3.417880e-01
434 6.553880e-01 2.328000e-03 3.422840e-01
435 6.550440e-01 2.320000e-03 3.426360e-01
436 6.547080e-01 2.232000e-03 3.430600e-01
437 6.543440e-01 2.180000e-03 3.434760e-01
438 6.540320e-01 2.056000e-03 3.439120e-01
439 6.536720e-01 2.060000e-03 3.442680e-01
440 6.534000e-01 1.940000e-03 3.446600e-01
441 6.530520e-01 2.000000e-03 3.449480e-01
442 6.527640e-01 1.952000e-03 3.452840e-01
443 6.524680e-01 1.928000e-03 3.456040e-01
444 6.521440e-01 1.936000e-03 3.459200e-01
445 6.518480e-01 1.872000e-03 3.462800e-01
446 6.515080e-01 1.896000e-03 3.465960e-01
447 6.511360e-01 1.940000e-03 3.469240e-01
448 6.507520e-01 1.924000e-03 3.473240e-01
449 6.504440e-01 1.884000e-03 3.476720e-01
450 6.500680e-01 1.928000e-03 3.480040e-01
451 6.495360e-01 2.140000e-03 3.483240e-01
452 6.491120e-01 2.184000e-03 3.487040e-01
453 6.486680e-01 2.212000e-03 3.491200e-01
454 6.482680e-01 2.204000e-03 3.495280e-01
455 6.478400e-01 2.248000e-03 3.499120e-01
456 6.473200e-01 2.344000e-03 3.503360e-01
457 6.469320e-01 2.320000e-03 3.507480e-01
458 6.465400e-01 2.260000e-03 3.512000e-01
459 6.462200e-01 2.176000e-03 3.516040e-01
460 6.457600e-01 2.228000e-03 3.520120e-01
461 6.453200e-01 2.300000e-03 3.523800e-01
462 6.449400e-01 2.292000e-03 3.527680e-01
463 6.446120e-01 2.208000e-03 3.531800e-01
464 6.443280e-01 2.052000e-03 3.536200e-01
465 6.440360e-01 2.008000e-03 3.539560e-01
466 6.437160e-01 1.944000e-03 3.543400e-01
467 6.433360e-01 1.960000e-03 3.547040e-01
468 6.430440e-01 1.864000e-03 3.550920e-01
469 6.426400e-01 1.932000e-03 3.554280e-01
470 6.423200e-01 1.900000e-03 3.557800e-01
471 6.420040e-01 1.920000e-03 3.560760e-01
472 6.417280e-01 1.840000e-03 3.564320e-01
473 6.413800e-01 1.912000e-03 3.567080e-01
474 6.411360e-01 1.808000e-03 3.570560e-01
475 6.407880e-01 1.836000e-03 3.573760e-01
476 6.404800e-01 1.800000e-03 3.577200e-01
477 6.401200e-01 1.868000e-03 3.580120e-01
478 6.397600e-01 1.860000e-03 3.583800e-01
479 6.393920e-01 1.948000e-03 3.586600e-01
480 6.390120e-01 2.016000e-03 3.589720e-01
481 6.386320e-01 2.052000e-03 3.593160e-01
482 6.382200e-01 2.108000e-03 3.596720e-01
483 6.378600e-01 2.080000e-03 3.600600e-01
484 6.375640e-01 1.960000e-03 3.604760e-01
485 6.372120e-01 1.976000e-03 3.608120e-01
486 6.368520e-01 1.972000e-03 3.611760e-01
487 6.364280e-01 2.044000e-03 3.615280e-01
488 6.360680e-01 1.968000e-03 3.619640e-01
489 6.357440e-01 1.956000e-03 3.623000e-01
490 6.354200e-01 1.916000e-03 3.626640e-01
491 6.350720e-01 1.924000e-03 3.630040e-01
492 6.347400e-01 1.908000e-03 3.633520e-01
493 6.343680e-01 1.936000e-03 3.636960e-01
494 6.339960e-01 1.988000e-03 3.640160e-01
495 6.336520e-01 1.988000e-03 3.643600e-01
496 6.333160e-01 1.992000e-03 3.646920e-01
497 6.329280e-01 1.968000e-03 3.651040e-01
498 6.325600e-01 1.952000e-03 3.654880e-01
499 6.322720e-01 1.888000e-03 3.658400e-01
500 6.318840e-01 1.988000e-03 3.661280e-01
