1 9.992760e-01 6.360000e-04 8.800000e-05
2 9.987760e-01 9.680000e-04 2.560000e-04
3 9.981960e-01 1.332000e-03 4.720000e-04
4 9.974840e-01 1.808000e-03 7.080000e-04
5 9.968280e-01 2.096000e-03 1.076000e-03
6 9.959800e-01 2.592000e-03 1.428000e-03
7 9.950040e-01 3.060000e-03 1.936000e-03
8 9.941360e-01 3.408000e-03 2.456000e-03
9 9.930800e-01 3.852000e-03 3.068000e-03
10 9.920840e-01 4.116000e-03 3.800000e-03
11 9.910120e-01 4.460000e-03 4.528000e-03
12 9.898400e-01 4.788000e-03 5.372000e-03
13 9.888040e-01 4.924000e-03 6.272000e-03
14 9.875960e-01 5.164000e-03 7.240000e-03
15 9.864720e-01 5.376000e-03 8.152000e-03
16 9.852640e-01 5.652000e-03 9.084000e-03
17 9.841000e-01 5.832000e-03 1.006800e-02
18 9.828320e-01 6.140000e-03 1.102800e-02
19 9.816480e-01 6.220000e-03 1.213200e-02
20 9.803160e-01 6.372000e-03 1.331200e-02
21 9.790760e-01 6.460000e-03 1.446400e-02
22 9.777400e-01 6.688000e-03 1.557200e-02
23 9.764400e-01 6.736000e-03 1.682400e-02
24 9.750240e-01 6.836000e-03 1.814000e-02
25 9.736600e-01 6.956000e-03 1.938400e-02
26 9.721200e-01 7.316000e-03 2.056400e-02
27 9.705880e-01 7.592000e-03 2.182000e-02
28 9.691800e-01 7.644000e-03 2.317600e-02
29 9.678240e-01 7.632000e-03 2.454400e-02
30 9.665600e-01 7.732000e-03 2.570800e-02
31 9.652160e-01 7.748000e-03 2.703600e-02
32 9.639480e-01 7.708000e-03 2.834400e-02
33 9.626160e-01 7.676000e-03 2.970800e-02
34 9.610720e-01 7.876000e-03 3.105200e-02
35 9.596160e-01 7.920000e-03 3.246400e-02
36 9.580520e-01 8.104000e-03 3.384400e-02
37 9.565720e-01 8.168000e-03 3.526000e-02
38 9.550560e-01 8.180000e-03 3.676400e-02
39 9.535520e-01 8.284000e-03 3.816400e-02
40 9.520960e-01 8.184000e-03 3.972000e-02
41 9.506280e-01 8.176000e-03 4.119600e-02
42 9.492480e-01 8.124000e-03 4.262800e-02
43 9.477080e-01 8.264000e-03 4.402800e-02
44 9.461840e-01 8.332000e-03 4.548400e-02
45 9.445720e-01 8.504000e-03 4.692400e-02
46 9.430840e-01 8.740000e-03 4.817600e-02
47 9.415080e-01 8.816000e-03 4.967600e-02
48 9.398800e-01 8.808000e-03 5.131200e-02
49 9.383720e-01 8.764000e-03 5.286400e-02
50 9.368440e-01 8.640000e-03 5.451600e-02
51 9.353600e-01 8.664000e-03 5.597600e-02
52 9.337800e-01 8.680000e-03 5.754000e-02
53 9.320800e-01 8.820000e-03 5.910000e-02
54 9.305200e-01 8.784000e-03 6.069600e-02
55 9.288920e-01 8.916000e-03 6.219200e-02
56 9.271520e-01 9.188000e-03 6.366000e-02
57 9.255080e-01 9.220000e-03 6.527200e-02
58 9.238120e-01 9.372000e-03 6.681600e-02
59 9.222320e-01 9.496000e-03 6.827200e-02
60 9.205440e-01 9.540000e-03 6.991600e-02
61 9.188600e-01 9.580000e-03 7.156000e-02
62 9.172760e-01 9.636000e-03 7.308800e-02
63 9.155960e-01 9.680000e-03 7.472400e-02
64 9.140760e-01 9.592000e-03 7.633200e-02
65 9.125360e-01 9.432000e-03 7.803200e-02
66 9.110760e-01 9.272000e-03 7.965200e-02
67 9.095400e-01 9.184000e-03 8.127600e-02
68 9.079080e-01 9.308000e-03 8.278400e-02
69 9.062840e-01 9.372000e-03 8.434400e-02
70 9.046440e-01 9.472000e-03 8.588400e-02
71 9.029280e-01 9.548000e-03 8.752400e-02
72 9.013880e-01 9.436000e-03 8.917600e-02
73 8.996960e-01 9.584000e-03 9.072000e-02
74 8.979480e-01 9.672000e-03 9.238000e-02
75 8.963200e-01 9.648000e-03 9.403200e-02
76 8.946480e-01 9.632000e-03 9.572000e-02
77 8.928760e-01 9.820000e-03 9.730400e-02
78 8.912960e-01 9.660000e-03 9.904400e-02
79 8.895120e-01 9.776000e-03 1.007120e-01
80 8.878120e-01 9.764000e-03 1.024240e-01
81 8.860360e-01 9.860000e-03 1.041040e-01
82 8.843880e-01 9.768000e-03 1.058440e-01
83 8.827080e-01 9.804000e-03 1.074880e-01
84 8.810800e-01 9.640000e-03 1.092800e-01
85 8.792920e-01 9.744000e-03 1.109640e-01
86 8.777320e-01 9.524000e-03 1.127440e-01
87 8.761600e-01 9.388000e-03 1.144520e-01
88 8.745120e-01 9.536000e-03 1.159520e-01
89 8.726920e-01 9.636000e-03 1.176720e-01
90 8.710680e-01 9.516000e-03 1.194160e-01
91 8.695120e-01 9.480000e-03 1.210080e-01
92 8.679440e-01 9.452000e-03 1.226040e-01
93 8.662320e-01 9.476000e-03 1.242920e-01
94 8.645640e-01 9.480000e-03 1.259560e-01
95 8.629360e-01 9.540000e-03 1.275240e-01
96 8.612600e-01 9.572000e-03 1.291680e-01
97 8.596400e-01 9.492000e-03 1.308680e-01
98 8.580240e-01 9.440000e-03 1.325360e-01
99 8.563880e-01 9.512000e-03 1.341000e-01
100 8.549600e-01 9.252000e-03 1.357880e-01
101 8.534560e-01 9.212000e-03 1.373320e-01
102 8.519240e-01 9.100000e-03 1.389760e-01
103 8.505000e-01 8.940000e-03 1.405600e-01
104 8.492120e-01 8.680000e-03 1.421080e-01
105 8.478320e-01 8.524000e-03 1.436440e-01
106 8.464040e-01 8.416000e-03 1.451800e-01
107 8.450520e-01 8.304000e-03 1.466440e-01
108 8.435320e-01 8.360000e-03 1.481080e-01
109 8.422520e-01 8.116000e-03 1.496320e-01
110 8.409360e-01 7.972000e-03 1.510920e-01
111 8.397280e-01 7.764000e-03 1.525080e-01
112 8.385200e-01 7.676000e-03 1.538040e-01
113 8.370680e-01 7.932000e-03 1.550000e-01
114 8.357960e-01 7.864000e-03 1.563400e-01
115 8.345760e-01 7.752000e-03 1.576720e-01
116 8.332080e-01 7.812000e-03 1.589800e-01
117 8.321240e-01 7.428000e-03 1.604480e-01
118 8.309560e-01 7.344000e-03 1.617000e-01
119 8.298040e-01 7.240000e-03 1.629560e-01
120 8.287880e-01 7.172000e-03 1.640400e-01
121 8.276400e-01 7.096000e-03 1.652640e-01
122 8.265520e-01 6.972000e-03 1.664760e-01
123 8.252560e-01 7.000000e-03 1.677440e-01
124 8.240080e-01 7.092000e-03 1.689000e-01
125 8.228360e-01 7.036000e-03 1.701280e-01
126 8.216920e-01 6.960000e-03 1.713480e-01
127 8.204600e-01 6.940000e-03 1.726000e-01
128 8.192720e-01 7.012000e-03 1.737160e-01
129 8.182040e-01 6.764000e-03 1.750320e-01
130 8.170480e-01 6.800000e-03 1.761520e-01
131 8.158560e-01 6.748000e-03 1.773960e-01
132 8.146760e-01 6.824000e-03 1.785000e-01
133 8.135200e-01 6.768000e-03 1.797120e-01
134 8.124040e-01 6.792000e-03 1.808040e-01
135 8.112560e-01 6.800000e-03 1.819440e-01
136 8.099880e-01 6.840000e-03 1.831720e-01
137 8.085640e-01 6.960000e-03 1.844760e-01
138 8.073840e-01 6.920000e-03 1.856960e-01
139 8.061440e-01 6.940000e-03 1.869160e-01
140 8.049480e-01 6.940000e-03 1.881120e-01
141 8.038600e-01 6.844000e-03 1.892960e-01
142 8.027360e-01 6.864000e-03 1.904000e-01
143 8.015800e-01 6.784000e-03 1.916360e-01
144 8.005560e-01 6.580000e-03 1.928640e-01
145 7.995480e-01 6.372000e-03 1.940800e-01
146 7.985000e-01 6.300000e-03 1.952000e-01
147 7.974000e-01 6.216000e-03 1.963840e-01
148 7.963000e-01 6.184000e-03 1.975160e-01
149 7.953560e-01 6.052000e-03 1.985920e-01
150 7.942880e-01 6.000000e-03 1.997120e-01
151 7.933640e-01 5.912000e-03 2.007240e-01
152 7.923760e-01 5.964000e-03 2.016600e-01
153 7.914920e-01 5.804000e-03 2.027040e-01
154 7.905120e-01 5.780000e-03 2.037080e-01
155 7.897080e-01 5.528000e-03 2.047640e-01
156 7.888040e-01 5.340000e-03 2.058560e-01
157 7.879320e-01 5.288000e-03 2.067800e-01
158 7.870920e-01 5.320000e-03 2.075880e-01
159 7.862000e-01 5.284000e-03 2.085160e-01
160 7.852000e-01 5.420000e-03 2.093800e-01
161 7.841240e-01 5.572000e-03 2.103040e-01
162 7.831360e-01 5.672000e-03 2.111920e-01
163 7.821280e-01 5.720000e-03 2.121520e-01
164 7.811080e-01 5.728000e-03 2.131640e-01
165 7.801440e-01 5.684000e-03 2.141720e-01
166 7.790600e-01 5.804000e-03 2.151360e-01
167 7.781280e-01 5.748000e-03 2.161240e-01
168 7.771800e-01 5.824000e-03 2.169960e-01
169 7.763080e-01 5.672000e-03 2.180200e-01
170 7.755240e-01 5.468000e-03 2.190080e-01
171 7.747200e-01 5.380000e-03 2.199000e-01
172 7.738800e-01 5.292000e-03 2.208280e-01
173 7.729520e-01 5.272000e-03 2.217760e-01
174 7.720360e-01 5.208000e-03 2.227560e-01
175 7.711880e-01 5.144000e-03 2.236680e-01
176 7.704400e-01 4.952000e-03 2.246080e-01
177 7.696760e-01 4.844000e-03 2.254800e-01
178 7.689440e-01 4.720000e-03 2.263360e-01
179 7.682360e-01 4.608000e-03 2.271560e-01
180 7.673880e-01 4.716000e-03 2.278960e-01
181 7.665040e-01 4.860000e-03 2.286360e-01
182 7.657640e-01 4.820000e-03 2.294160e-01
183 7.649320e-01 4.840000e-03 2.302280e-01
184 7.640960e-01 4.804000e-03 2.311000e-01
185 7.632600e-01 4.848000e-03 2.318920e-01
186 7.625400e-01 4.844000e-03 2.326160e-01
187 7.616440e-01 4.924000e-03 2.334320e-01
188 7.607440e-01 4.908000e-03 2.343480e-01
189 7.597920e-01 5.068000e-03 2.351400e-01
190 7.589800e-01 4.956000e-03 2.360640e-01
191 7.581400e-01 4.932000e-03 2.369280e-01
192 7.574080e-01 4.844000e-03 2.377480e-01
193 7.566040e-01 4.792000e-03 2.386040e-01
194 7.558560e-01 4.624000e-03 2.395200e-01
195 7.550880e-01 4.572000e-03 2.403400e-01
196 7.542000e-01 4.664000e-03 2.411360e-01
197 7.535080e-01 4.552000e-03 2.419400e-01
198 7.527600e-01 4.636000e-03 2.426040e-01
199 7.520080e-01 4.556000e-03 2.434360e-01
200 7.512600e-01 4.528000e-03 2.442120e-01
201 7.505360e-01 4.532000e-03 2.449320e-01
202 7.497560e-01 4.420000e-03 2.458240e-01
203 7.489520e-01 4.388000e-03 2.466600e-01
204 7.482080e-01 4.356000e-03 2.474360e-01
205 7.473920e-01 4.380000e-03 2.482280e-01
206 7.465800e-01 4.456000e-03 2.489640e-01
207 7.457920e-01 4.480000e-03 2.497280e-01
208 7.450160e-01 4.528000e-03 2.504560e-01
209 7.442280e-01 4.520000e-03 2.512520e-01
210 7.434400e-01 4.596000e-03 2.519640e-01
211 7.425960e-01 4.672000e-03 2.527320e-01
212 7.418240e-01 4.592000e-03 2.535840e-01
213 7.411040e-01 4.516000e-03 2.543800e-01
214 7.404520e-01 4.352000e-03 2.551960e-01
215 7.398520e-01 4.220000e-03 2.559280e-01
216 7.391640e-01 4.260000e-03 2.565760e-01
217 7.385600e-01 4.116000e-03 2.573240e-01
218 7.379560e-01 3.968000e-03 2.580760e-01
219 7.372920e-01 3.940000e-03 2.587680e-01
220 7.365800e-01 3.984000e-03 2.594360e-01
221 7.360080e-01 3.860000e-03 2.601320e-01
222 7.353280e-01 3.932000e-03 2.607400e-01
223 7.347080e-01 3.872000e-03 2.614200e-01
224 7.340920e-01 3.764000e-03 2.621440e-01
225 7.333520e-01 3.872000e-03 2.627760e-01
226 7.327160e-01 3.844000e-03 2.634400e-01
227 7.321520e-01 3.740000e-03 2.641080e-01
228 7.315240e-01 3.720000e-03 2.647560e-01
229 7.309360e-01 3.640000e-03 2.654240e-01
230 7.303280e-01 3.580000e-03 2.660920e-01
231 7.297200e-01 3.536000e-03 2.667440e-01
232 7.291880e-01 3.396000e-03 2.674160e-01
233 7.286000e-01 3.400000e-03 2.680000e-01
234 7.280120e-01 3.372000e-03 2.686160e-01
235 7.274120e-01 3.416000e-03 2.691720e-01
236 7.268320e-01 3.400000e-03 2.697680e-01
237 7.263000e-01 3.312000e-03 2.703880e-01
238 7.257840e-01 3.252000e-03 2.709640e-01
239 7.251920e-01 3.244000e-03 2.715640e-01
240 7.245280e-01 3.316000e-03 2.721560e-01
241 7.239200e-01 3.356000e-03 2.727240e-01
242 7.233800e-01 3.292000e-03 2.733280e-01
243 7.227640e-01 3.312000e-03 2.739240e-01
244 7.222640e-01 3.256000e-03 2.744800e-01
245 7.217840e-01 3.144000e-03 2.750720e-01
246 7.212200e-01 3.124000e-03 2.756560e-01
247 7.206840e-01 3.076000e-03 2.762400e-01
248 7.200840e-01 3.164000e-03 2.767520e-01
249 7.195720e-01 3.160000e-03 2.772680e-01
250 7.189600e-01 3.280000e-03 2.777600e-01
251 7.184520e-01 3.236000e-03 2.783120e-01
252 7.179320e-01 3.172000e-03 2.788960e-01
253 7.173760e-01 3.084000e-03 2.795400e-01
254 7.169240e-01 3.052000e-03 2.800240e-01
255 7.164400e-01 3.028000e-03 2.805320e-01
256 7.159120e-01 3.048000e-03 2.810400e-01
257 7.154880e-01 2.908000e-03 2.816040e-01
258 7.150520e-01 2.880000e-03 2.820680e-01
259 7.144840e-01 2.952000e-03 2.825640e-01
260 7.137840e-01 3.124000e-03 2.830920e-01
261 7.132320e-01 3.104000e-03 2.836640e-01
262 7.126520e-01 3.084000e-03 2.842640e-01
263 7.121320e-01 3.028000e-03 2.848400e-01
264 7.116640e-01 2.880000e-03 2.854560e-01
265 7.111280e-01 2.916000e-03 2.859560e-01
266 7.106120e-01 2.936000e-03 2.864520e-01
267 7.100600e-01 2.992000e-03 2.869480e-01
268 7.095320e-01 3.028000e-03 2.874400e-01
269 7.090920e-01 2.904000e-03 2.880040e-01
270 7.086520e-01 2.804000e-03 2.885440e-01
271 7.081000e-01 2.852000e-03 2.890480e-01
272 7.075680e-01 2.860000e-03 2.895720e-01
273 7.070000e-01 2.936000e-03 2.900640e-01
274 7.065200e-01 2.936000e-03 2.905440e-01
275 7.059200e-01 3.096000e-03 2.909840e-01
276 7.053320e-01 3.112000e-03 2.915560e-01
277 7.047400e-01 3.096000e-03 2.921640e-01
278 7.042280e-01 3.060000e-03 2.927120e-01
279 7.036640e-01 3.120000e-03 2.932160e-01
280 7.030400e-01 3.148000e-03 2.938120e-01
281 7.024800e-01 3.136000e-03 2.943840e-01
282 7.019320e-01 3.144000e-03 2.949240e-01
283 7.013840e-01 3.200000e-03 2.954160e-01
284 7.008120e-01 3.196000e-03 2.959920e-01
285 7.002080e-01 3.196000e-03 2.965960e-01
286 6.996880e-01 3.240000e-03 2.970720e-01
287 6.991320e-01 3.240000e-03 2.976280e-01
288 6.985560e-01 3.220000e-03 2.982240e-01
289 6.979760e-01 3.224000e-03 2.988000e-01
290 6.975040e-01 3.148000e-03 2.993480e-01
291 6.969880e-01 3.044000e-03 2.999680e-01
292 6.963760e-01 3.072000e-03 3.005520e-01
293 6.958640e-01 3.068000e-03 3.010680e-01
294 6.952800e-01 3.124000e-03 3.015960e-01
295 6.947920e-01 3.092000e-03 3.021160e-01
296 6.942600e-01 3.044000e-03 3.026960e-01
297 6.938440e-01 2.768000e-03 3.033880e-01
298 6.934040e-01 2.720000e-03 3.038760e-01
299 6.929680e-01 2.736000e-03 3.042960e-01
300 6.925120e-01 2.744000e-03 3.047440e-01
301 6.921200e-01 2.672000e-03 3.052080e-01
302 6.917320e-01 2.640000e-03 3.056280e-01
303 6.913600e-01 2.528000e-03 3.061120e-01
304 6.909760e-01 2.464000e-03 3.065600e-01
305 6.906080e-01 2.444000e-03 3.069480e-01
306 6.901840e-01 2.504000e-03 3.073120e-01
307 6.897520e-01 2.548000e-03 3.077000e-01
308 6.893160e-01 2.528000e-03 3.081560e-01
309 6.889000e-01 2.556000e-03 3.085440e-01
310 6.884880e-01 2.548000e-03 3.089640e-01
311 6.881400e-01 2.492000e-03 3.093680e-01
312 6.877400e-01 2.492000e-03 3.097680e-01
313 6.872880e-01 2.496000e-03 3.102160e-01
314 6.869920e-01 2.368000e-03 3.106400e-01
315 6.865760e-01 2.384000e-03 3.110400e-01
316 6.861920e-01 2.400000e-03 3.114080e-01
317 6.858200e-01 2.416000e-03 3.117640e-01
318 6.853840e-01 2.464000e-03 3.121520e-01
319 6.849640e-01 2.480000e-03 3.125560e-01
320 6.846040e-01 2.436000e-03 3.129600e-01
321 6.842440e-01 2.400000e-03 3.133560e-01
322 6.837920e-01 2.492000e-03 3.137160e-01
323 6.833960e-01 2.528000e-03 3.140760e-01
324 6.830600e-01 2.376000e-03 3.145640e-01
325 6.827040e-01 2.296000e-03 3.150000e-01
326 6.823840e-01 2.188000e-03 3.154280e-01
327 6.820640e-01 2.144000e-03 3.157920e-01
328 6.817520e-01 2.128000e-03 3.161200e-01
329 6.813720e-01 2.112000e-03 3.165160e-01
330 6.810040e-01 2.088000e-03 3.169080e-01
331 6.805560e-01 2.124000e-03 3.173200e-01
332 6.801080e-01 2.192000e-03 3.177000e-01
333 6.796640e-01 2.288000e-03 3.180480e-01
334 6.791600e-01 2.320000e-03 3.185200e-01
335 6.787280e-01 2.392000e-03 3.188800e-01
336 6.782480e-01 2.408000e-03 3.193440e-01
337 6.777760e-01 2.448000e-03 3.197760e-01
338 6.772720e-01 2.552000e-03 3.201760e-01
339 6.766840e-01 2.692000e-03 3.206240e-01
340 6.760800e-01 2.824000e-03 3.210960e-01
341 6.755360e-01 2.816000e-03 3.216480e-01
342 6.750680e-01 2.788000e-03 3.221440e-01
343 6.746080e-01 2.760000e-03 3.226320e-01
344 6.741280e-01 2.796000e-03 3.230760e-01
345 6.736640e-01 2.820000e-03 3.235160e-01
346 6.731440e-01 2.852000e-03 3.240040e-01
347 6.724720e-01 3.020000e-03 3.245080e-01
348 6.718720e-01 3.108000e-03 3.250200e-01
349 6.712640e-01 3.180000e-03 3.255560e-01
350 6.706120e-01 3.268000e-03 3.261200e-01
351 6.701200e-01 3.188000e-03 3.266920e-01
352 6.696280e-01 3.120000e-03 3.272520e-01
353 6.691560e-01 2.996000e-03 3.278480e-01
354 6.686080e-01 3.056000e-03 3.283360e-01
355 6.682200e-01 2.964000e-03 3.288160e-01
356 6.678520e-01 2.820000e-03 3.293280e-01
357 6.674320e-01 2.712000e-03 3.298560e-01
358 6.670240e-01 2.588000e-03 3.303880e-01
359 6.666240e-01 2.524000e-03 3.308520e-01
360 6.661720e-01 2.480000e-03 3.313480e-01
361 6.657680e-01 2.432000e-03 3.318000e-01
362 6.654000e-01 2.444000e-03 3.321560e-01
363 6.649680e-01 2.472000e-03 3.325600e-01
364 6.644560e-01 2.584000e-03 3.329600e-01
365 6.639880e-01 2.600000e-03 3.334120e-01
366 6.635320e-01 2.648000e-03 3.338200e-01
367 6.630600e-01 2.632000e-03 3.343080e-01
368 6.625840e-01 2.680000e-03 3.347360e-01
369 6.621800e-01 2.656000e-03 3.351640e-01
370 6.618080e-01 2.580000e-03 3.356120e-01
371 6.614040e-01 2.552000e-03 3.360440e-01
372 6.609440e-01 2.592000e-03 3.364640e-01
373 6.604760e-01 2.576000e-03 3.369480e-01
374 6.600240e-01 2.572000e-03 3.374040e-01
375 6.596400e-01 2.480000e-03 3.378800e-01
376 6.591760e-01 2.456000e-03 3.383680e-01
377 6.588320e-01 2.324000e-03 3.388440e-01
378 6.585120e-01 2.260000e-03 3.392280e-01
379 6.581080e-01 2.292000e-03 3.396000e-01
380 6.577200e-01 2.332000e-03 3.399480e-01
381 6.573440e-01 2.280000e-03 3.403760e-01
382 6.569600e-01 2.300000e-03 3.407400e-01
383 6.566360e-01 2.208000e-03 3.411560e-01
384 6.563000e-01 2.192000e-03 3.415080e-01
385 6.559440e-01 2.224000e-03 3.418320e-01
386 6.555040e-01 2.264000e-03 3.422320e-01
387 6.551800e-01 2.232000e-03 3.425880e-01
388 6.547760e-01 2.216000e-03 3.430080e-01
389 6.544920e-01 2.140000e-03 3.433680e-01
390 6.541480e-01 2.116000e-03 3.437360e-01
391 6.537600e-01 2.216000e-03 3.440240e-01
392 6.533560e-01 2.296000e-03 3.443480e-01
393 6.530000e-01 2.276000e-03 3.447240e-01
394 6.527160e-01 2.152000e-03 3.451320e-01
395 6.524400e-01 2.040000e-03 3.455200e-01
396 6.521320e-01 2.012000e-03 3.458560e-01
397 6.518440e-01 1.892000e-03 3.462640e-01
398 6.514680e-01 1.920000e-03 3.466120e-01
399 6.511120e-01 1.912000e-03 3.469760e-01
400 6.507600e-01 1.964000e-03 3.472760e-01
401 6.503960e-01 1.960000e-03 3.476440e-01
402 6.500480e-01 1.928000e-03 3.480240e-01
403 6.498160e-01 1.832000e-03 3.483520e-01
404 6.494960e-01 1.808000e-03 3.486960e-01
405 6.491760e-01 1.820000e-03 3.490040e-01
406 6.489480e-01 1.684000e-03 3.493680e-01
407 6.487400e-01 1.628000e-03 3.496320e-01
408 6.485040e-01 1.592000e-03 3.499040e-01
409 6.482440e-01 1.528000e-03 3.502280e-01
410 6.479840e-01 1.488000e-03 3.505280e-01
411 6.477120e-01 1.516000e-03 3.507720e-01
412 6.474320e-01 1.544000e-03 3.510240e-01
413 6.471200e-01 1.576000e-03 3.513040e-01
414 6.468160e-01 1.620000e-03 3.515640e-01
415 6.465960e-01 1.560000e-03 3.518440e-01
416 6.462840e-01 1.576000e-03 3.521400e-01
417 6.459440e-01 1.648000e-03 3.524080e-01
418 6.456560e-01 1.660000e-03 3.526840e-01
419 6.452760e-01 1.820000e-03 3.529040e-01
420 6.449160e-01 1.840000e-03 3.532440e-01
421 6.445680e-01 1.848000e-03 3.535840e-01
422 6.442320e-01 1.836000e-03 3.539320e-01
423 6.439000e-01 1.872000e-03 3.542280e-01
424 6.435520e-01 1.860000e-03 3.545880e-01
425 6.432520e-01 1.884000e-03 3.548640e-01
426 6.429480e-01 1.888000e-03 3.551640e-01
427 6.426080e-01 1.920000e-03 3.554720e-01
428 6.423120e-01 1.876000e-03 3.558120e-01
429 6.420080e-01 1.848000e-03 3.561440e-01
430 6.417800e-01 1.772000e-03 3.564480e-01
431 6.415000e-01 1.716000e-03 3.567840e-01
432 6.411960e-01 1.724000e-03 3.570800e-01
433 6.409200e-01 1.728000e-03 3.573520e-01
434 6.405960e-01 1.728000e-03 3.576760e-01
435 6.402840e-01 1.712000e-03 3.580040e-01
436 6.400280e-01 1.636000e-03 3.583360e-01
437 6.397600e-01 1.548000e-03 3.586920e-01
438 6.395320e-01 1.464000e-03 3.590040e-01
439 6.392240e-01 1.588000e-03 3.591880e-01
440 6.389640e-01 1.560000e-03 3.594760e-01
441 6.387360e-01 1.540000e-03 3.597240e-01
442 6.384840e-01 1.512000e-03 3.600040e-01
443 6.382080e-01 1.500000e-03 3.602920e-01
444 6.379400e-01 1.508000e-03 3.605520e-01
445 6.376440e-01 1.528000e-03 3.608280e-01
446 6.373680e-01 1.572000e-03 3.610600e-01
447 6.371440e-01 1.504000e-03 3.613520e-01
448 6.368680e-01 1.516000e-03 3.616160e-01
449 6.365960e-01 1.476000e-03 3.619280e-01
450 6.362920e-01 1.480000e-03 3.622280e-01
451 6.360280e-01 1.488000e-03 3.624840e-01
452 6.357560e-01 1.504000e-03 3.627400e-01
453 6.354960e-01 1.496000e-03 3.630080e-01
454 6.352960e-01 1.408000e-03 3.632960e-01
455 6.350240e-01 1.396000e-03 3.635800e-01
456 6.347320e-01 1.468000e-03 3.638000e-01
457 6.345320e-01 1.452000e-03 3.640160e-01
458 6.343200e-01 1.408000e-03 3.642720e-01
459 6.340360e-01 1.420000e-03 3.645440e-01
460 6.337760e-01 1.416000e-03 3.648080e-01
461 6.335040e-01 1.452000e-03 3.650440e-01
462 6.332720e-01 1.436000e-03 3.652920e-01
463 6.329720e-01 1.520000e-03 3.655080e-01
464 6.327040e-01 1.544000e-03 3.657520e-01
465 6.324640e-01 1.564000e-03 3.659720e-01
466 6.321600e-01 1.592000e-03 3.662480e-01
467 6.319520e-01 1.528000e-03 3.665200e-01
468 6.317400e-01 1.440000e-03 3.668200e-01
469 6.314760e-01 1.480000e-03 3.670440e-01
470 6.312080e-01 1.468000e-03 3.673240e-01
471 6.308760e-01 1.520000e-03 3.676040e-01
472 6.305960e-01 1.516000e-03 3.678880e-01
473 6.303800e-01 1.468000e-03 3.681520e-01
474 6.302000e-01 1.384000e-03 3.684160e-01
475 6.300120e-01 1.364000e-03 3.686240e-01
476 6.298360e-01 1.336000e-03 3.688280e-01
477 6.296680e-01 1.328000e-03 3.690040e-01
478 6.294080e-01 1.396000e-03 3.691960e-01
479 6.291880e-01 1.376000e-03 3.694360e-01
480 6.290000e-01 1.292000e-03 3.697080e-01
481 6.288200e-01 1.256000e-03 3.699240e-01
482 6.286760e-01 1.204000e-03 3.701200e-01
483 6.284520e-01 1.192000e-03 3.703560e-01
484 6.282440e-01 1.192000e-03 3.705640e-01
485 6.280520e-01 1.192000e-03 3.707560e-01
486 6.278280e-01 1.228000e-03 3.709440e-01
487 6.276120e-01 1.188000e-03 3.712000e-01
488 6.273960e-01 1.196000e-03 3.714080e-01
489 6.271440e-01 1.280000e-03 3.715760e-01
490 6.269400e-01 1.268000e-03 3.717920e-01
491 6.266640e-01 1.336000e-03 3.720000e-01
492 6.264520e-01 1.340000e-03 3.722080e-01
493 6.262440e-01 1.340000e-03 3.724160e-01
494 6.260160e-01 1.320000e-03 3.726640e-01
495 6.258280e-01 1.276000e-03 3.728960e-01
496 6.256280e-01 1.272000e-03 3.731000e-01
497 6.254120e-01 1.308000e-03 3.732800e-01
498 6.251440e-01 1.424000e-03 3.734320e-01
499 6.249280e-01 1.396000e-03 3.736760e-01
500 6.246640e-01 1.436000e-03 3.739000e-01
