+1.000000e+00 +9.992051e-01 +6.998240e-04 +9.509600e-05 
+2.000000e+00 +9.986766e-01 +1.074672e-03 +2.486840e-04 
+3.000000e+00 +9.980375e-01 +1.487996e-03 +4.745440e-04 
+4.000000e+00 +9.973103e-01 +1.917396e-03 +7.723320e-04 
+5.000000e+00 +9.965161e-01 +2.337216e-03 +1.146648e-03 
+6.000000e+00 +9.956644e-01 +2.745504e-03 +1.590144e-03 
+7.000000e+00 +9.947656e-01 +3.131780e-03 +2.102624e-03 
+8.000000e+00 +9.938185e-01 +3.498328e-03 +2.683220e-03 
+9.000000e+00 +9.928323e-01 +3.843136e-03 +3.324532e-03 
+1.000000e+01 +9.918078e-01 +4.167148e-03 +4.025072e-03 
+1.100000e+01 +9.907478e-01 +4.469436e-03 +4.782744e-03 
+1.200000e+01 +9.896589e-01 +4.752540e-03 +5.588564e-03 
+1.300000e+01 +9.885377e-01 +5.021348e-03 +6.440952e-03 
+1.400000e+01 +9.873816e-01 +5.276704e-03 +7.341712e-03 
+1.500000e+01 +9.861969e-01 +5.520164e-03 +8.282900e-03 
+1.600000e+01 +9.849938e-01 +5.734076e-03 +9.272152e-03 
+1.700000e+01 +9.837573e-01 +5.950636e-03 +1.029210e-02 
+1.800000e+01 +9.824971e-01 +6.155456e-03 +1.134742e-02 
+1.900000e+01 +9.812166e-01 +6.342788e-03 +1.244063e-02 
+2.000000e+01 +9.799104e-01 +6.525048e-03 +1.356450e-02 
+2.100000e+01 +9.785881e-01 +6.691808e-03 +1.472006e-02 
+2.200000e+01 +9.772417e-01 +6.854108e-03 +1.590420e-02 
+2.300000e+01 +9.758763e-01 +7.004236e-03 +1.711945e-02 
+2.400000e+01 +9.745003e-01 +7.139972e-03 +1.835976e-02 
+2.500000e+01 +9.730963e-01 +7.282680e-03 +1.962105e-02 
+2.600000e+01 +9.716843e-01 +7.405260e-03 +2.091047e-02 
+2.700000e+01 +9.702550e-01 +7.531580e-03 +2.221338e-02 
+2.800000e+01 +9.688130e-01 +7.647448e-03 +2.353956e-02 
+2.900000e+01 +9.673553e-01 +7.759100e-03 +2.488555e-02 
+3.000000e+01 +9.658807e-01 +7.866344e-03 +2.625296e-02 
+3.100000e+01 +9.643952e-01 +7.965676e-03 +2.763916e-02 
+3.200000e+01 +9.628949e-01 +8.063980e-03 +2.904107e-02 
+3.300000e+01 +9.613856e-01 +8.154424e-03 +3.046001e-02 
+3.400000e+01 +9.598695e-01 +8.238608e-03 +3.189188e-02 
+3.500000e+01 +9.583389e-01 +8.321972e-03 +3.333910e-02 
+3.600000e+01 +9.568037e-01 +8.392512e-03 +3.480382e-02 
+3.700000e+01 +9.552554e-01 +8.469204e-03 +3.627538e-02 
+3.800000e+01 +9.537015e-01 +8.538080e-03 +3.776041e-02 
+3.900000e+01 +9.521370e-01 +8.606488e-03 +3.925647e-02 
+4.000000e+01 +9.505661e-01 +8.664592e-03 +4.076932e-02 
+4.100000e+01 +9.489866e-01 +8.725600e-03 +4.228780e-02 
+4.200000e+01 +9.474054e-01 +8.776484e-03 +4.381808e-02 
+4.300000e+01 +9.458172e-01 +8.826296e-03 +4.535648e-02 
+4.400000e+01 +9.442221e-01 +8.876000e-03 +4.690188e-02 
+4.500000e+01 +9.426184e-01 +8.918680e-03 +4.846295e-02 
+4.600000e+01 +9.410088e-01 +8.968100e-03 +5.002314e-02 
+4.700000e+01 +9.393938e-01 +9.009448e-03 +5.159676e-02 
+4.800000e+01 +9.377774e-01 +9.045308e-03 +5.317732e-02 
+4.900000e+01 +9.361599e-01 +9.075684e-03 +5.476445e-02 
+5.000000e+01 +9.345423e-01 +9.100468e-03 +5.635724e-02 
+5.100000e+01 +9.329188e-01 +9.127224e-03 +5.795393e-02 
+5.200000e+01 +9.312956e-01 +9.144344e-03 +5.956005e-02 
+5.300000e+01 +9.296707e-01 +9.164964e-03 +6.116438e-02 
+5.400000e+01 +9.280459e-01 +9.181748e-03 +6.277234e-02 
+5.500000e+01 +9.264185e-01 +9.203680e-03 +6.437778e-02 
+5.600000e+01 +9.247825e-01 +9.226184e-03 +6.599128e-02 
+5.700000e+01 +9.231475e-01 +9.244620e-03 +6.760786e-02 
+5.800000e+01 +9.215098e-01 +9.263840e-03 +6.922633e-02 
+5.900000e+01 +9.198699e-01 +9.282892e-03 +7.084722e-02 
+6.000000e+01 +9.182290e-01 +9.297296e-03 +7.247366e-02 
+6.100000e+01 +9.165852e-01 +9.311468e-03 +7.410336e-02 
+6.200000e+01 +9.149483e-01 +9.315480e-03 +7.573627e-02 
+6.300000e+01 +9.133097e-01 +9.325440e-03 +7.736487e-02 
+6.400000e+01 +9.116702e-01 +9.332192e-03 +7.899764e-02 
+6.500000e+01 +9.100329e-01 +9.337920e-03 +8.062922e-02 
+6.600000e+01 +9.083945e-01 +9.340152e-03 +8.226536e-02 
+6.700000e+01 +9.067576e-01 +9.343884e-03 +8.389855e-02 
+6.800000e+01 +9.051238e-01 +9.347548e-03 +8.552862e-02 
+6.900000e+01 +9.034929e-01 +9.343560e-03 +8.716355e-02 
+7.000000e+01 +9.018651e-01 +9.337488e-03 +8.879743e-02 
+7.100000e+01 +9.002373e-01 +9.333660e-03 +9.042901e-02 
+7.200000e+01 +8.986134e-01 +9.322132e-03 +9.206445e-02 
+7.300000e+01 +8.969923e-01 +9.317740e-03 +9.368996e-02 
+7.400000e+01 +8.953662e-01 +9.309456e-03 +9.532430e-02 
+7.500000e+01 +8.937475e-01 +9.299240e-03 +9.695325e-02 
+7.600000e+01 +8.921360e-01 +9.288684e-03 +9.857530e-02 
+7.700000e+01 +8.905227e-01 +9.278960e-03 +1.001984e-01 
+7.800000e+01 +8.889136e-01 +9.266272e-03 +1.018201e-01 
+7.900000e+01 +8.873100e-01 +9.250516e-03 +1.034395e-01 
+8.000000e+01 +8.857062e-01 +9.236560e-03 +1.050572e-01 
+8.100000e+01 +8.841034e-01 +9.225756e-03 +1.066709e-01 
+8.200000e+01 +8.825022e-01 +9.214792e-03 +1.082830e-01 
+8.300000e+01 +8.809065e-01 +9.199656e-03 +1.098938e-01 
+8.400000e+01 +8.793110e-01 +9.189144e-03 +1.114999e-01 
+8.500000e+01 +8.777217e-01 +9.176240e-03 +1.131021e-01 
+8.600000e+01 +8.761365e-01 +9.154032e-03 +1.147095e-01 
+8.700000e+01 +8.745525e-01 +9.138700e-03 +1.163088e-01 
+8.800000e+01 +8.729744e-01 +9.121472e-03 +1.179041e-01 
+8.900000e+01 +8.714013e-01 +9.101916e-03 +1.194968e-01 
+9.000000e+01 +8.698327e-01 +9.079284e-03 +1.210881e-01 
+9.100000e+01 +8.682684e-01 +9.055016e-03 +1.226766e-01 
+9.200000e+01 +8.667066e-01 +9.034876e-03 +1.242585e-01 
+9.300000e+01 +8.651551e-01 +9.004428e-03 +1.258405e-01 
+9.400000e+01 +8.636054e-01 +8.979360e-03 +1.274152e-01 
+9.500000e+01 +8.620647e-01 +8.949568e-03 +1.289858e-01 
+9.600000e+01 +8.605301e-01 +8.920220e-03 +1.305497e-01 
+9.700000e+01 +8.590012e-01 +8.885852e-03 +1.321129e-01 
+9.800000e+01 +8.574755e-01 +8.860096e-03 +1.336644e-01 
+9.900000e+01 +8.559548e-01 +8.832984e-03 +1.352122e-01 
+1.000000e+02 +8.544366e-01 +8.807488e-03 +1.367559e-01 
+1.010000e+02 +8.529320e-01 +8.770668e-03 +1.382973e-01 
+1.020000e+02 +8.514314e-01 +8.739468e-03 +1.398291e-01 
+1.030000e+02 +8.499329e-01 +8.714636e-03 +1.413524e-01 
+1.040000e+02 +8.484385e-01 +8.689724e-03 +1.428717e-01 
+1.050000e+02 +8.469509e-01 +8.657972e-03 +1.443911e-01 
+1.060000e+02 +8.454641e-01 +8.631788e-03 +1.459041e-01 
+1.070000e+02 +8.439829e-01 +8.605680e-03 +1.474114e-01 
+1.080000e+02 +8.425108e-01 +8.572648e-03 +1.489165e-01 
+1.090000e+02 +8.410387e-01 +8.547356e-03 +1.504139e-01 
+1.100000e+02 +8.395780e-01 +8.516440e-03 +1.519056e-01 
+1.110000e+02 +8.381199e-01 +8.484080e-03 +1.533960e-01 
+1.120000e+02 +8.366752e-01 +8.447264e-03 +1.548775e-01 
+1.130000e+02 +8.352361e-01 +8.410072e-03 +1.563539e-01 
+1.140000e+02 +8.337984e-01 +8.380840e-03 +1.578208e-01 
+1.150000e+02 +8.323627e-01 +8.355864e-03 +1.592815e-01 
+1.160000e+02 +8.309359e-01 +8.323584e-03 +1.607405e-01 
+1.170000e+02 +8.295131e-01 +8.297100e-03 +1.621898e-01 
+1.180000e+02 +8.281009e-01 +8.257896e-03 +1.636412e-01 
+1.190000e+02 +8.266909e-01 +8.226888e-03 +1.650822e-01 
+1.200000e+02 +8.252921e-01 +8.186760e-03 +1.665212e-01 
+1.210000e+02 +8.238971e-01 +8.152824e-03 +1.679500e-01 
+1.220000e+02 +8.225118e-01 +8.116824e-03 +1.693714e-01 
+1.230000e+02 +8.211304e-01 +8.083980e-03 +1.707856e-01 
+1.240000e+02 +8.197558e-01 +8.046568e-03 +1.721976e-01 
+1.250000e+02 +8.183858e-01 +8.013128e-03 +1.736010e-01 
+1.260000e+02 +8.170248e-01 +7.975856e-03 +1.749993e-01 
+1.270000e+02 +8.156680e-01 +7.935484e-03 +1.763965e-01 
+1.280000e+02 +8.143244e-01 +7.893420e-03 +1.777822e-01 
+1.290000e+02 +8.129821e-01 +7.857500e-03 +1.791604e-01 
+1.300000e+02 +8.116540e-01 +7.812100e-03 +1.805339e-01 
+1.310000e+02 +8.103264e-01 +7.774980e-03 +1.818986e-01 
+1.320000e+02 +8.090088e-01 +7.739360e-03 +1.832519e-01 
+1.330000e+02 +8.076946e-01 +7.700116e-03 +1.846053e-01 
+1.340000e+02 +8.063877e-01 +7.663404e-03 +1.859489e-01 
+1.350000e+02 +8.050866e-01 +7.630364e-03 +1.872830e-01 
+1.360000e+02 +8.037882e-01 +7.594720e-03 +1.886170e-01 
+1.370000e+02 +8.024984e-01 +7.557432e-03 +1.899441e-01 
+1.380000e+02 +8.012123e-01 +7.524252e-03 +1.912635e-01 
+1.390000e+02 +7.999307e-01 +7.491412e-03 +1.925779e-01 
+1.400000e+02 +7.986578e-01 +7.454788e-03 +1.938874e-01 
+1.410000e+02 +7.973905e-01 +7.421272e-03 +1.951883e-01 
+1.420000e+02 +7.961301e-01 +7.384024e-03 +1.964858e-01 
+1.430000e+02 +7.948761e-01 +7.348948e-03 +1.977750e-01 
+1.440000e+02 +7.936278e-01 +7.311244e-03 +1.990609e-01 
+1.450000e+02 +7.923894e-01 +7.272760e-03 +2.003379e-01 
+1.460000e+02 +7.911616e-01 +7.234668e-03 +2.016038e-01 
+1.470000e+02 +7.899327e-01 +7.201952e-03 +2.028654e-01 
+1.480000e+02 +7.887090e-01 +7.168684e-03 +2.041223e-01 
+1.490000e+02 +7.874946e-01 +7.130624e-03 +2.053748e-01 
+1.500000e+02 +7.862844e-01 +7.095588e-03 +2.066200e-01 
+1.510000e+02 +7.850816e-01 +7.057220e-03 +2.078612e-01 
+1.520000e+02 +7.838858e-01 +7.021100e-03 +2.090931e-01 
+1.530000e+02 +7.826997e-01 +6.979800e-03 +2.103205e-01 
+1.540000e+02 +7.815227e-01 +6.941348e-03 +2.115360e-01 
+1.550000e+02 +7.803477e-01 +6.904224e-03 +2.127481e-01 
+1.560000e+02 +7.791781e-01 +6.866944e-03 +2.139549e-01 
+1.570000e+02 +7.780134e-01 +6.835652e-03 +2.151509e-01 
+1.580000e+02 +7.768558e-01 +6.799892e-03 +2.163443e-01 
+1.590000e+02 +7.757022e-01 +6.765216e-03 +2.175325e-01 
+1.600000e+02 +7.745609e-01 +6.722208e-03 +2.187169e-01 
+1.610000e+02 +7.734222e-01 +6.687532e-03 +2.198902e-01 
+1.620000e+02 +7.722869e-01 +6.660216e-03 +2.210529e-01 
+1.630000e+02 +7.711612e-01 +6.619992e-03 +2.222188e-01 
+1.640000e+02 +7.700404e-01 +6.585492e-03 +2.233741e-01 
+1.650000e+02 +7.689289e-01 +6.546740e-03 +2.245244e-01 
+1.660000e+02 +7.678216e-01 +6.511192e-03 +2.256672e-01 
+1.670000e+02 +7.667211e-01 +6.477796e-03 +2.268011e-01 
+1.680000e+02 +7.656314e-01 +6.436880e-03 +2.279318e-01 
+1.690000e+02 +7.645428e-01 +6.400908e-03 +2.290563e-01 
+1.700000e+02 +7.634591e-01 +6.369480e-03 +2.301714e-01 
+1.710000e+02 +7.623810e-01 +6.335452e-03 +2.312835e-01 
+1.720000e+02 +7.613108e-01 +6.299824e-03 +2.323894e-01 
+1.730000e+02 +7.602451e-01 +6.262940e-03 +2.334920e-01 
+1.740000e+02 +7.591868e-01 +6.224284e-03 +2.345889e-01 
+1.750000e+02 +7.581336e-01 +6.192240e-03 +2.356741e-01 
+1.760000e+02 +7.570886e-01 +6.154248e-03 +2.367572e-01 
+1.770000e+02 +7.560507e-01 +6.121460e-03 +2.378278e-01 
+1.780000e+02 +7.550186e-01 +6.086148e-03 +2.388953e-01 
+1.790000e+02 +7.539946e-01 +6.047800e-03 +2.399576e-01 
+1.800000e+02 +7.529761e-01 +6.010124e-03 +2.410138e-01 
+1.810000e+02 +7.519614e-01 +5.973440e-03 +2.420652e-01 
+1.820000e+02 +7.509587e-01 +5.931904e-03 +2.431094e-01 
+1.830000e+02 +7.499586e-01 +5.895632e-03 +2.441458e-01 
+1.840000e+02 +7.489663e-01 +5.858708e-03 +2.451750e-01 
+1.850000e+02 +7.479787e-01 +5.824324e-03 +2.461970e-01 
+1.860000e+02 +7.469964e-01 +5.790144e-03 +2.472135e-01 
+1.870000e+02 +7.460202e-01 +5.757128e-03 +2.482226e-01 
+1.880000e+02 +7.450455e-01 +5.726464e-03 +2.492280e-01 
+1.890000e+02 +7.440778e-01 +5.693196e-03 +2.502290e-01 
+1.900000e+02 +7.431183e-01 +5.657060e-03 +2.512247e-01 
+1.910000e+02 +7.421662e-01 +5.620996e-03 +2.522128e-01 
+1.920000e+02 +7.412221e-01 +5.586148e-03 +2.531918e-01 
+1.930000e+02 +7.402816e-01 +5.549176e-03 +2.541693e-01 
+1.940000e+02 +7.393491e-01 +5.514920e-03 +2.551360e-01 
+1.950000e+02 +7.384218e-01 +5.480780e-03 +2.560974e-01 
+1.960000e+02 +7.375008e-01 +5.445064e-03 +2.570542e-01 
+1.970000e+02 +7.365862e-01 +5.410428e-03 +2.580034e-01 
+1.980000e+02 +7.356754e-01 +5.379908e-03 +2.589447e-01 
+1.990000e+02 +7.347724e-01 +5.344532e-03 +2.598830e-01 
+2.000000e+02 +7.338766e-01 +5.311480e-03 +2.608119e-01 
+2.010000e+02 +7.329867e-01 +5.270940e-03 +2.617424e-01 
+2.020000e+02 +7.321008e-01 +5.236604e-03 +2.626626e-01 
+2.030000e+02 +7.312186e-01 +5.204532e-03 +2.635769e-01 
+2.040000e+02 +7.303392e-01 +5.178692e-03 +2.644822e-01 
+2.050000e+02 +7.294667e-01 +5.147136e-03 +2.653861e-01 
+2.060000e+02 +7.285993e-01 +5.115056e-03 +2.662857e-01 
+2.070000e+02 +7.277376e-01 +5.082220e-03 +2.671801e-01 
+2.080000e+02 +7.268846e-01 +5.048952e-03 +2.680664e-01 
+2.090000e+02 +7.260341e-01 +5.016960e-03 +2.689489e-01 
+2.100000e+02 +7.251900e-01 +4.989212e-03 +2.698208e-01 
+2.110000e+02 +7.243491e-01 +4.960800e-03 +2.706901e-01 
+2.120000e+02 +7.235129e-01 +4.930964e-03 +2.715562e-01 
+2.130000e+02 +7.226840e-01 +4.900428e-03 +2.724156e-01 
+2.140000e+02 +7.218585e-01 +4.871392e-03 +2.732701e-01 
+2.150000e+02 +7.210337e-01 +4.843772e-03 +2.741226e-01 
+2.160000e+02 +7.202139e-01 +4.815832e-03 +2.749703e-01 
+2.170000e+02 +7.194032e-01 +4.785764e-03 +2.758111e-01 
+2.180000e+02 +7.186006e-01 +4.754040e-03 +2.766454e-01 
+2.190000e+02 +7.177988e-01 +4.725308e-03 +2.774759e-01 
+2.200000e+02 +7.170043e-01 +4.693860e-03 +2.783018e-01 
+2.210000e+02 +7.162144e-01 +4.663000e-03 +2.791226e-01 
+2.220000e+02 +7.154287e-01 +4.637196e-03 +2.799341e-01 
+2.230000e+02 +7.146474e-01 +4.610280e-03 +2.807423e-01 
+2.240000e+02 +7.138714e-01 +4.582500e-03 +2.815461e-01 
+2.250000e+02 +7.130957e-01 +4.561568e-03 +2.823427e-01 
+2.260000e+02 +7.123297e-01 +4.532052e-03 +2.831383e-01 
+2.270000e+02 +7.115651e-01 +4.507196e-03 +2.839277e-01 
+2.280000e+02 +7.108074e-01 +4.478704e-03 +2.847139e-01 
+2.290000e+02 +7.100563e-01 +4.450212e-03 +2.854935e-01 
+2.300000e+02 +7.093091e-01 +4.423568e-03 +2.862674e-01 
+2.310000e+02 +7.085642e-01 +4.394648e-03 +2.870412e-01 
+2.320000e+02 +7.078246e-01 +4.367968e-03 +2.878074e-01 
+2.330000e+02 +7.070925e-01 +4.337520e-03 +2.885700e-01 
+2.340000e+02 +7.063653e-01 +4.309432e-03 +2.893253e-01 
+2.350000e+02 +7.056413e-01 +4.280792e-03 +2.900779e-01 
+2.360000e+02 +7.049251e-01 +4.249232e-03 +2.908256e-01 
+2.370000e+02 +7.042162e-01 +4.217112e-03 +2.915667e-01 
+2.380000e+02 +7.035087e-01 +4.187276e-03 +2.923040e-01 
+2.390000e+02 +7.028013e-01 +4.165520e-03 +2.930332e-01 
+2.400000e+02 +7.021015e-01 +4.139688e-03 +2.937588e-01 
+2.410000e+02 +7.014088e-01 +4.109800e-03 +2.944814e-01 
+2.420000e+02 +7.007184e-01 +4.079948e-03 +2.952016e-01 
+2.430000e+02 +7.000324e-01 +4.055720e-03 +2.959119e-01 
+2.440000e+02 +6.993535e-01 +4.026256e-03 +2.966203e-01 
+2.450000e+02 +6.986811e-01 +3.999056e-03 +2.973199e-01 
+2.460000e+02 +6.980133e-01 +3.968172e-03 +2.980186e-01 
+2.470000e+02 +6.973485e-01 +3.939536e-03 +2.987120e-01 
+2.480000e+02 +6.966923e-01 +3.909692e-03 +2.993980e-01 
+2.490000e+02 +6.960408e-01 +3.879472e-03 +3.000797e-01 
+2.500000e+02 +6.953922e-01 +3.852656e-03 +3.007551e-01 
+2.510000e+02 +6.947486e-01 +3.826492e-03 +3.014249e-01 
+2.520000e+02 +6.941111e-01 +3.793816e-03 +3.020951e-01 
+2.530000e+02 +6.934771e-01 +3.765764e-03 +3.027571e-01 
+2.540000e+02 +6.928463e-01 +3.741276e-03 +3.034125e-01 
+2.550000e+02 +6.922170e-01 +3.719364e-03 +3.040636e-01 
+2.560000e+02 +6.915922e-01 +3.694472e-03 +3.047133e-01 
+2.570000e+02 +6.909731e-01 +3.666312e-03 +3.053606e-01 
+2.580000e+02 +6.903584e-01 +3.640432e-03 +3.060012e-01 
+2.590000e+02 +6.897446e-01 +3.618168e-03 +3.066372e-01 
+2.600000e+02 +6.891359e-01 +3.595696e-03 +3.072684e-01 
+2.610000e+02 +6.885319e-01 +3.576132e-03 +3.078919e-01 
+2.620000e+02 +6.879287e-01 +3.553648e-03 +3.085176e-01 
+2.630000e+02 +6.873300e-01 +3.532456e-03 +3.091375e-01 
+2.640000e+02 +6.867373e-01 +3.509812e-03 +3.097529e-01 
+2.650000e+02 +6.861503e-01 +3.482292e-03 +3.103674e-01 
+2.660000e+02 +6.855626e-01 +3.463408e-03 +3.109740e-01 
+2.670000e+02 +6.849827e-01 +3.440064e-03 +3.115772e-01 
+2.680000e+02 +6.844029e-01 +3.417908e-03 +3.121792e-01 
+2.690000e+02 +6.838296e-01 +3.393552e-03 +3.127769e-01 
+2.700000e+02 +6.832586e-01 +3.373908e-03 +3.133675e-01 
+2.710000e+02 +6.826905e-01 +3.351364e-03 +3.139582e-01 
+2.720000e+02 +6.821248e-01 +3.331660e-03 +3.145435e-01 
+2.730000e+02 +6.815633e-01 +3.312784e-03 +3.151239e-01 
+2.740000e+02 +6.810094e-01 +3.286952e-03 +3.157037e-01 
+2.750000e+02 +6.804566e-01 +3.264784e-03 +3.162787e-01 
+2.760000e+02 +6.799131e-01 +3.239712e-03 +3.168472e-01 
+2.770000e+02 +6.793707e-01 +3.219808e-03 +3.174095e-01 
+2.780000e+02 +6.788322e-01 +3.200520e-03 +3.179673e-01 
+2.790000e+02 +6.782972e-01 +3.178152e-03 +3.185247e-01 
+2.800000e+02 +6.777686e-01 +3.152700e-03 +3.190787e-01 
+2.810000e+02 +6.772400e-01 +3.131820e-03 +3.196282e-01 
+2.820000e+02 +6.767125e-01 +3.113476e-03 +3.201740e-01 
+2.830000e+02 +6.761920e-01 +3.090236e-03 +3.207178e-01 
+2.840000e+02 +6.756720e-01 +3.069044e-03 +3.212590e-01 
+2.850000e+02 +6.751577e-01 +3.048960e-03 +3.217933e-01 
+2.860000e+02 +6.746459e-01 +3.027564e-03 +3.223266e-01 
+2.870000e+02 +6.741389e-01 +3.004848e-03 +3.228563e-01 
+2.880000e+02 +6.736346e-01 +2.985104e-03 +3.233803e-01 
+2.890000e+02 +6.731346e-01 +2.963328e-03 +3.239021e-01 
+2.900000e+02 +6.726403e-01 +2.940536e-03 +3.244191e-01 
+2.910000e+02 +6.721449e-01 +2.921164e-03 +3.249339e-01 
+2.920000e+02 +6.716535e-01 +2.902848e-03 +3.254436e-01 
+2.930000e+02 +6.711652e-01 +2.882080e-03 +3.259528e-01 
+2.940000e+02 +6.706809e-01 +2.863424e-03 +3.264557e-01 
+2.950000e+02 +6.702019e-01 +2.844308e-03 +3.269538e-01 
+2.960000e+02 +6.697265e-01 +2.824076e-03 +3.274495e-01 
+2.970000e+02 +6.692565e-01 +2.801912e-03 +3.279416e-01 
+2.980000e+02 +6.687867e-01 +2.784544e-03 +3.284287e-01 
+2.990000e+02 +6.683210e-01 +2.766280e-03 +3.289127e-01 
+3.000000e+02 +6.678603e-01 +2.745432e-03 +3.293943e-01 
+3.010000e+02 +6.673998e-01 +2.726420e-03 +3.298738e-01 
+3.020000e+02 +6.669453e-01 +2.704040e-03 +3.303506e-01 
+3.030000e+02 +6.664949e-01 +2.684640e-03 +3.308205e-01 
+3.040000e+02 +6.660475e-01 +2.664148e-03 +3.312884e-01 
+3.050000e+02 +6.655981e-01 +2.648656e-03 +3.317533e-01 
+3.060000e+02 +6.651590e-01 +2.624228e-03 +3.322168e-01 
+3.070000e+02 +6.647189e-01 +2.607124e-03 +3.326740e-01 
+3.080000e+02 +6.642855e-01 +2.587032e-03 +3.331274e-01 
+3.090000e+02 +6.638542e-01 +2.567656e-03 +3.335781e-01 
+3.100000e+02 +6.634263e-01 +2.547896e-03 +3.340258e-01 
+3.110000e+02 +6.630032e-01 +2.526520e-03 +3.344703e-01 
+3.120000e+02 +6.625810e-01 +2.508904e-03 +3.349101e-01 
+3.130000e+02 +6.621579e-01 +2.495036e-03 +3.353470e-01 
+3.140000e+02 +6.617421e-01 +2.476368e-03 +3.357815e-01 
+3.150000e+02 +6.613264e-01 +2.461028e-03 +3.362126e-01 
+3.160000e+02 +6.609143e-01 +2.442668e-03 +3.366431e-01 
+3.170000e+02 +6.605046e-01 +2.426520e-03 +3.370689e-01 
+3.180000e+02 +6.600977e-01 +2.408708e-03 +3.374936e-01 
+3.190000e+02 +6.596952e-01 +2.389532e-03 +3.379152e-01 
+3.200000e+02 +6.592983e-01 +2.369160e-03 +3.383325e-01 
+3.210000e+02 +6.589044e-01 +2.350264e-03 +3.387454e-01 
+3.220000e+02 +6.585116e-01 +2.333488e-03 +3.391549e-01 
+3.230000e+02 +6.581207e-01 +2.317644e-03 +3.395617e-01 
+3.240000e+02 +6.577324e-01 +2.302300e-03 +3.399653e-01 
+3.250000e+02 +6.573464e-01 +2.285328e-03 +3.403683e-01 
+3.260000e+02 +6.569660e-01 +2.266004e-03 +3.407679e-01 
+3.270000e+02 +6.565879e-01 +2.250948e-03 +3.411611e-01 
+3.280000e+02 +6.562105e-01 +2.236448e-03 +3.415531e-01 
+3.290000e+02 +6.558341e-01 +2.223016e-03 +3.419429e-01 
+3.300000e+02 +6.554629e-01 +2.206056e-03 +3.423311e-01 
+3.310000e+02 +6.550943e-01 +2.189788e-03 +3.427159e-01 
+3.320000e+02 +6.547291e-01 +2.171468e-03 +3.430995e-01 
+3.330000e+02 +6.543666e-01 +2.152944e-03 +3.434805e-01 
+3.340000e+02 +6.540073e-01 +2.137916e-03 +3.438547e-01 
+3.350000e+02 +6.536506e-01 +2.123544e-03 +3.442258e-01 
+3.360000e+02 +6.532957e-01 +2.107260e-03 +3.445970e-01 
+3.370000e+02 +6.529453e-01 +2.091252e-03 +3.449634e-01 
+3.380000e+02 +6.525947e-01 +2.077144e-03 +3.453282e-01 
+3.390000e+02 +6.522469e-01 +2.062664e-03 +3.456905e-01 
+3.400000e+02 +6.519039e-01 +2.042676e-03 +3.460535e-01 
+3.410000e+02 +6.515622e-01 +2.026044e-03 +3.464118e-01 
+3.420000e+02 +6.512252e-01 +2.009448e-03 +3.467654e-01 
+3.430000e+02 +6.508881e-01 +1.998164e-03 +3.471138e-01 
+3.440000e+02 +6.505529e-01 +1.984820e-03 +3.474623e-01 
+3.450000e+02 +6.502214e-01 +1.969172e-03 +3.478094e-01 
+3.460000e+02 +6.498917e-01 +1.955736e-03 +3.481526e-01 
+3.470000e+02 +6.495662e-01 +1.941000e-03 +3.484928e-01 
+3.480000e+02 +6.492417e-01 +1.925820e-03 +3.488325e-01 
+3.490000e+02 +6.489215e-01 +1.912636e-03 +3.491659e-01 
+3.500000e+02 +6.486011e-01 +1.899336e-03 +3.494996e-01 
+3.510000e+02 +6.482845e-01 +1.883716e-03 +3.498318e-01 
+3.520000e+02 +6.479688e-01 +1.871988e-03 +3.501592e-01 
+3.530000e+02 +6.476565e-01 +1.856808e-03 +3.504867e-01 
+3.540000e+02 +6.473470e-01 +1.844476e-03 +3.508085e-01 
+3.550000e+02 +6.470394e-01 +1.830160e-03 +3.511304e-01 
+3.560000e+02 +6.467314e-01 +1.819356e-03 +3.514492e-01 
+3.570000e+02 +6.464282e-01 +1.804540e-03 +3.517672e-01 
+3.580000e+02 +6.461248e-01 +1.792452e-03 +3.520827e-01 
+3.590000e+02 +6.458222e-01 +1.780796e-03 +3.523970e-01 
+3.600000e+02 +6.455229e-01 +1.770604e-03 +3.527065e-01 
+3.610000e+02 +6.452252e-01 +1.759100e-03 +3.530157e-01 
+3.620000e+02 +6.449307e-01 +1.747736e-03 +3.533215e-01 
+3.630000e+02 +6.446375e-01 +1.734948e-03 +3.536276e-01 
+3.640000e+02 +6.443484e-01 +1.720848e-03 +3.539307e-01 
+3.650000e+02 +6.440592e-01 +1.709072e-03 +3.542317e-01 
+3.660000e+02 +6.437732e-01 +1.697748e-03 +3.545291e-01 
+3.670000e+02 +6.434880e-01 +1.686772e-03 +3.548253e-01 
+3.680000e+02 +6.432040e-01 +1.676376e-03 +3.551196e-01 
+3.690000e+02 +6.429258e-01 +1.663048e-03 +3.554112e-01 
+3.700000e+02 +6.426490e-01 +1.648472e-03 +3.557025e-01 
+3.710000e+02 +6.423724e-01 +1.638420e-03 +3.559891e-01 
+3.720000e+02 +6.420967e-01 +1.629664e-03 +3.562736e-01 
+3.730000e+02 +6.418261e-01 +1.615280e-03 +3.565586e-01 
+3.740000e+02 +6.415552e-01 +1.605096e-03 +3.568397e-01 
+3.750000e+02 +6.412854e-01 +1.593840e-03 +3.571207e-01 
+3.760000e+02 +6.410192e-01 +1.582144e-03 +3.573987e-01 
+3.770000e+02 +6.407547e-01 +1.571232e-03 +3.576741e-01 
+3.780000e+02 +6.404902e-01 +1.563624e-03 +3.579462e-01 
+3.790000e+02 +6.402268e-01 +1.553388e-03 +3.582198e-01 
+3.800000e+02 +6.399679e-01 +1.540288e-03 +3.584919e-01 
+3.810000e+02 +6.397105e-01 +1.528644e-03 +3.587608e-01 
+3.820000e+02 +6.394526e-01 +1.520260e-03 +3.590272e-01 
+3.830000e+02 +6.391995e-01 +1.509448e-03 +3.592910e-01 
+3.840000e+02 +6.389456e-01 +1.499232e-03 +3.595552e-01 
+3.850000e+02 +6.386963e-01 +1.487252e-03 +3.598165e-01 
+3.860000e+02 +6.384474e-01 +1.477252e-03 +3.600753e-01 
+3.870000e+02 +6.382007e-01 +1.465668e-03 +3.603336e-01 
+3.880000e+02 +6.379544e-01 +1.456428e-03 +3.605892e-01 
+3.890000e+02 +6.377101e-01 +1.447472e-03 +3.608424e-01 
+3.900000e+02 +6.374690e-01 +1.437248e-03 +3.610938e-01 
+3.910000e+02 +6.372280e-01 +1.427552e-03 +3.613445e-01 
+3.920000e+02 +6.369914e-01 +1.415908e-03 +3.615927e-01 
+3.930000e+02 +6.367548e-01 +1.405676e-03 +3.618396e-01 
+3.940000e+02 +6.365229e-01 +1.392540e-03 +3.620846e-01 
+3.950000e+02 +6.362920e-01 +1.380036e-03 +3.623279e-01 
+3.960000e+02 +6.360609e-01 +1.369904e-03 +3.625692e-01 
+3.970000e+02 +6.358321e-01 +1.360448e-03 +3.628074e-01 
+3.980000e+02 +6.356037e-01 +1.352024e-03 +3.630443e-01 
+3.990000e+02 +6.353786e-01 +1.341712e-03 +3.632796e-01 
+4.000000e+02 +6.351570e-01 +1.329984e-03 +3.635130e-01 
+4.010000e+02 +6.349341e-01 +1.322236e-03 +3.637437e-01 
+4.020000e+02 +6.347129e-01 +1.312708e-03 +3.639744e-01 
+4.030000e+02 +6.344943e-01 +1.301828e-03 +3.642039e-01 
+4.040000e+02 +6.342773e-01 +1.292836e-03 +3.644299e-01 
+4.050000e+02 +6.340608e-01 +1.284760e-03 +3.646545e-01 
+4.060000e+02 +6.338461e-01 +1.275768e-03 +3.648781e-01 
+4.070000e+02 +6.336327e-01 +1.266448e-03 +3.651009e-01 
+4.080000e+02 +6.334208e-01 +1.256648e-03 +3.653225e-01 
+4.090000e+02 +6.332121e-01 +1.245652e-03 +3.655423e-01 
+4.100000e+02 +6.330047e-01 +1.235280e-03 +3.657600e-01 
+4.110000e+02 +6.327991e-01 +1.225156e-03 +3.659758e-01 
+4.120000e+02 +6.325936e-01 +1.216412e-03 +3.661900e-01 
+4.130000e+02 +6.323900e-01 +1.208584e-03 +3.664014e-01 
+4.140000e+02 +6.321873e-01 +1.200060e-03 +3.666127e-01 
+4.150000e+02 +6.319870e-01 +1.191348e-03 +3.668216e-01 
+4.160000e+02 +6.317875e-01 +1.182800e-03 +3.670297e-01 
+4.170000e+02 +6.315883e-01 +1.176172e-03 +3.672356e-01 
+4.180000e+02 +6.313904e-01 +1.168404e-03 +3.674412e-01 
+4.190000e+02 +6.311941e-01 +1.161200e-03 +3.676447e-01 
+4.200000e+02 +6.309970e-01 +1.156820e-03 +3.678462e-01 
+4.210000e+02 +6.308017e-01 +1.150624e-03 +3.680476e-01 
+4.220000e+02 +6.306076e-01 +1.144140e-03 +3.682482e-01 
+4.230000e+02 +6.304158e-01 +1.136332e-03 +3.684479e-01 
+4.240000e+02 +6.302256e-01 +1.128968e-03 +3.686454e-01 
+4.250000e+02 +6.300355e-01 +1.123052e-03 +3.688414e-01 
+4.260000e+02 +6.298466e-01 +1.115896e-03 +3.690375e-01 
+4.270000e+02 +6.296594e-01 +1.109380e-03 +3.692313e-01 
+4.280000e+02 +6.294719e-01 +1.103432e-03 +3.694246e-01 
+4.290000e+02 +6.292854e-01 +1.098612e-03 +3.696160e-01 
+4.300000e+02 +6.291033e-01 +1.090092e-03 +3.698066e-01 
+4.310000e+02 +6.289212e-01 +1.081532e-03 +3.699972e-01 
+4.320000e+02 +6.287418e-01 +1.073280e-03 +3.701849e-01 
+4.330000e+02 +6.285633e-01 +1.065620e-03 +3.703711e-01 
+4.340000e+02 +6.283846e-01 +1.057680e-03 +3.705577e-01 
+4.350000e+02 +6.282085e-01 +1.047056e-03 +3.707444e-01 
+4.360000e+02 +6.280340e-01 +1.039340e-03 +3.709267e-01 
+4.370000e+02 +6.278601e-01 +1.031380e-03 +3.711085e-01 
+4.380000e+02 +6.276886e-01 +1.021432e-03 +3.712900e-01 
+4.390000e+02 +6.275194e-01 +1.011456e-03 +3.714691e-01 
+4.400000e+02 +6.273527e-01 +1.000780e-03 +3.716466e-01 
+4.410000e+02 +6.271863e-01 +9.926120e-04 +3.718211e-01 
+4.420000e+02 +6.270202e-01 +9.868120e-04 +3.719930e-01 
+4.430000e+02 +6.268564e-01 +9.796960e-04 +3.721639e-01 
+4.440000e+02 +6.266928e-01 +9.722920e-04 +3.723349e-01 
+4.450000e+02 +6.265319e-01 +9.634520e-04 +3.725047e-01 
+4.460000e+02 +6.263717e-01 +9.557720e-04 +3.726725e-01 
+4.470000e+02 +6.262126e-01 +9.475920e-04 +3.728398e-01 
+4.480000e+02 +6.260542e-01 +9.419480e-04 +3.730039e-01 
+4.490000e+02 +6.258960e-01 +9.367600e-04 +3.731672e-01 
+4.500000e+02 +6.257377e-01 +9.318280e-04 +3.733305e-01 
+4.510000e+02 +6.255826e-01 +9.243400e-04 +3.734931e-01 
+4.520000e+02 +6.254269e-01 +9.185200e-04 +3.736546e-01 
+4.530000e+02 +6.252745e-01 +9.102160e-04 +3.738153e-01 
+4.540000e+02 +6.251226e-01 +9.031000e-04 +3.739743e-01 
+4.550000e+02 +6.249715e-01 +8.959680e-04 +3.741325e-01 
+4.560000e+02 +6.248212e-01 +8.892000e-04 +3.742896e-01 
+4.570000e+02 +6.246709e-01 +8.835480e-04 +3.744455e-01 
+4.580000e+02 +6.245231e-01 +8.767440e-04 +3.746002e-01 
+4.590000e+02 +6.243766e-01 +8.692240e-04 +3.747542e-01 
+4.600000e+02 +6.242317e-01 +8.632520e-04 +3.749050e-01 
+4.610000e+02 +6.240863e-01 +8.594120e-04 +3.750543e-01 
+4.620000e+02 +6.239425e-01 +8.532800e-04 +3.752042e-01 
+4.630000e+02 +6.238002e-01 +8.466040e-04 +3.753532e-01 
+4.640000e+02 +6.236593e-01 +8.387680e-04 +3.755019e-01 
+4.650000e+02 +6.235190e-01 +8.333160e-04 +3.756477e-01 
+4.660000e+02 +6.233781e-01 +8.284600e-04 +3.757935e-01 
+4.670000e+02 +6.232397e-01 +8.218120e-04 +3.759385e-01 
+4.680000e+02 +6.231010e-01 +8.181320e-04 +3.760809e-01 
+4.690000e+02 +6.229648e-01 +8.119120e-04 +3.762233e-01 
+4.700000e+02 +6.228277e-01 +8.066600e-04 +3.763657e-01 
+4.710000e+02 +6.226919e-01 +8.021160e-04 +3.765060e-01 
+4.720000e+02 +6.225578e-01 +7.969080e-04 +3.766453e-01 
+4.730000e+02 +6.224253e-01 +7.904360e-04 +3.767843e-01 
+4.740000e+02 +6.222928e-01 +7.859320e-04 +3.769213e-01 
+4.750000e+02 +6.221607e-01 +7.807080e-04 +3.770586e-01 
+4.760000e+02 +6.220294e-01 +7.752960e-04 +3.771953e-01 
+4.770000e+02 +6.219003e-01 +7.697120e-04 +3.773300e-01 
+4.780000e+02 +6.217716e-01 +7.644080e-04 +3.774640e-01 
+4.790000e+02 +6.216452e-01 +7.577800e-04 +3.775970e-01 
+4.800000e+02 +6.215198e-01 +7.518360e-04 +3.777283e-01 
+4.810000e+02 +6.213954e-01 +7.447560e-04 +3.778598e-01 
+4.820000e+02 +6.212725e-01 +7.385880e-04 +3.779889e-01 
+4.830000e+02 +6.211484e-01 +7.345640e-04 +3.781171e-01 
+4.840000e+02 +6.210263e-01 +7.283920e-04 +3.782453e-01 
+4.850000e+02 +6.209032e-01 +7.233960e-04 +3.783734e-01 
+4.860000e+02 +6.207812e-01 +7.189880e-04 +3.784998e-01 
+4.870000e+02 +6.206603e-01 +7.148200e-04 +3.786249e-01 
+4.880000e+02 +6.205409e-01 +7.087960e-04 +3.787503e-01 
+4.890000e+02 +6.204225e-01 +7.044360e-04 +3.788731e-01 
+4.900000e+02 +6.203040e-01 +7.005720e-04 +3.789954e-01 
+4.910000e+02 +6.201859e-01 +6.975720e-04 +3.791165e-01 
+4.920000e+02 +6.200695e-01 +6.930840e-04 +3.792374e-01 
+4.930000e+02 +6.199542e-01 +6.878680e-04 +3.793580e-01 
+4.940000e+02 +6.198385e-01 +6.839040e-04 +3.794776e-01 
+4.950000e+02 +6.197251e-01 +6.785440e-04 +3.795964e-01 
+4.960000e+02 +6.196119e-01 +6.739680e-04 +3.797142e-01 
+4.970000e+02 +6.195005e-01 +6.677200e-04 +3.798318e-01 
+4.980000e+02 +6.193901e-01 +6.625280e-04 +3.799474e-01 
+4.990000e+02 +6.192786e-01 +6.575160e-04 +3.800639e-01 
+5.000000e+02 +6.191694e-01 +6.529600e-04 +3.801776e-01 
