1 9.991640e-01 7.480000e-04 8.800000e-05
2 9.982800e-01 1.496000e-03 2.240000e-04
3 9.968320e-01 2.572000e-03 5.960000e-04
4 9.938840e-01 4.924000e-03 1.192000e-03
5 9.889120e-01 8.824000e-03 2.264000e-03
6 9.796960e-01 1.624400e-02 4.060000e-03
7 9.646480e-01 2.775600e-02 7.596000e-03
8 9.399840e-01 4.714000e-02 1.287600e-02
9 9.019160e-01 7.644800e-02 2.163600e-02
10 8.490200e-01 1.155680e-01 3.541200e-02
11 7.832080e-01 1.619720e-01 5.482000e-02
12 7.072560e-01 2.119760e-01 8.076800e-02
13 6.271520e-01 2.611000e-01 1.117480e-01
14 5.491720e-01 3.045000e-01 1.463280e-01
15 4.748600e-01 3.413040e-01 1.838360e-01
16 4.085440e-01 3.688760e-01 2.225800e-01
17 3.510440e-01 3.874200e-01 2.615360e-01
18 3.015440e-01 3.989080e-01 2.995480e-01
19 2.608760e-01 4.034680e-01 3.356560e-01
20 2.264720e-01 4.037080e-01 3.698200e-01
21 1.980960e-01 3.998920e-01 4.020120e-01
22 1.756880e-01 3.917760e-01 4.325360e-01
23 1.584440e-01 3.809480e-01 4.606080e-01
24 1.448360e-01 3.690520e-01 4.861120e-01
25 1.351800e-01 3.557320e-01 5.090880e-01
26 1.286800e-01 3.415560e-01 5.297640e-01
27 1.246320e-01 3.273680e-01 5.480000e-01
28 1.220000e-01 3.139600e-01 5.640400e-01
29 1.221880e-01 3.002960e-01 5.775160e-01
30 1.230480e-01 2.869520e-01 5.900000e-01
31 1.253600e-01 2.740680e-01 6.005720e-01
32 1.287800e-01 2.623400e-01 6.088800e-01
33 1.332640e-01 2.505600e-01 6.161760e-01
34 1.371000e-01 2.405360e-01 6.223640e-01
35 1.412360e-01 2.321160e-01 6.266480e-01
36 1.461920e-01 2.234600e-01 6.303480e-01
37 1.494840e-01 2.169640e-01 6.335520e-01
38 1.542520e-01 2.103160e-01 6.354320e-01
39 1.588040e-01 2.040560e-01 6.371400e-01
40 1.634000e-01 1.988160e-01 6.377840e-01
41 1.677520e-01 1.937960e-01 6.384520e-01
42 1.721800e-01 1.889960e-01 6.388240e-01
43 1.767400e-01 1.850800e-01 6.381800e-01
44 1.804400e-01 1.819840e-01 6.375760e-01
45 1.842400e-01 1.791440e-01 6.366160e-01
46 1.880440e-01 1.763280e-01 6.356280e-01
47 1.922520e-01 1.743200e-01 6.334280e-01
48 1.957200e-01 1.718480e-01 6.324320e-01
49 1.985160e-01 1.705000e-01 6.309840e-01
50 2.020760e-01 1.687840e-01 6.291400e-01
51 2.049400e-01 1.680280e-01 6.270320e-01
52 2.082760e-01 1.667720e-01 6.249520e-01
53 2.115440e-01 1.664440e-01 6.220120e-01
54 2.138480e-01 1.663360e-01 6.198160e-01
55 2.162360e-01 1.665880e-01 6.171760e-01
56 2.173960e-01 1.671720e-01 6.154320e-01
57 2.193520e-01 1.670960e-01 6.135520e-01
58 2.204720e-01 1.674600e-01 6.120680e-01
59 2.213720e-01 1.680040e-01 6.106240e-01
60 2.214200e-01 1.694960e-01 6.090840e-01
61 2.215280e-01 1.705560e-01 6.079160e-01
62 2.221040e-01 1.713480e-01 6.065480e-01
63 2.221920e-01 1.725080e-01 6.053000e-01
64 2.224800e-01 1.730320e-01 6.044880e-01
65 2.223840e-01 1.740480e-01 6.035680e-01
66 2.222360e-01 1.749720e-01 6.027920e-01
67 2.225800e-01 1.756760e-01 6.017440e-01
68 2.221160e-01 1.767960e-01 6.010880e-01
69 2.210200e-01 1.780320e-01 6.009480e-01
70 2.205880e-01 1.788320e-01 6.005800e-01
71 2.198840e-01 1.792840e-01 6.008320e-01
72 2.191320e-01 1.797840e-01 6.010840e-01
73 2.189320e-01 1.807360e-01 6.003320e-01
74 2.188320e-01 1.805960e-01 6.005720e-01
75 2.186520e-01 1.816560e-01 5.996920e-01
76 2.180800e-01 1.820720e-01 5.998480e-01
77 2.172200e-01 1.822920e-01 6.004880e-01
78 2.164720e-01 1.831960e-01 6.003320e-01
79 2.162000e-01 1.834440e-01 6.003560e-01
80 2.159040e-01 1.830760e-01 6.010200e-01
81 2.155120e-01 1.833320e-01 6.011560e-01
82 2.150200e-01 1.834080e-01 6.015720e-01
83 2.143560e-01 1.836520e-01 6.019920e-01
84 2.143720e-01 1.841640e-01 6.014640e-01
85 2.147000e-01 1.835240e-01 6.017760e-01
86 2.143680e-01 1.837960e-01 6.018360e-01
87 2.140280e-01 1.842040e-01 6.017680e-01
88 2.131800e-01 1.837720e-01 6.030480e-01
89 2.130480e-01 1.837320e-01 6.032200e-01
90 2.130560e-01 1.840000e-01 6.029440e-01
91 2.130840e-01 1.840520e-01 6.028640e-01
92 2.127640e-01 1.839400e-01 6.032960e-01
93 2.131680e-01 1.834480e-01 6.033840e-01
94 2.134760e-01 1.829120e-01 6.036120e-01
95 2.137000e-01 1.826920e-01 6.036080e-01
96 2.139360e-01 1.817040e-01 6.043600e-01
97 2.139640e-01 1.815560e-01 6.044800e-01
98 2.140440e-01 1.814120e-01 6.045440e-01
99 2.142080e-01 1.819360e-01 6.038560e-01
100 2.137720e-01 1.827360e-01 6.034920e-01
101 2.128480e-01 1.836600e-01 6.034920e-01
102 2.131440e-01 1.838520e-01 6.030040e-01
103 2.129720e-01 1.833840e-01 6.036440e-01
104 2.129680e-01 1.829560e-01 6.040760e-01
105 2.138200e-01 1.827640e-01 6.034160e-01
106 2.139360e-01 1.827600e-01 6.033040e-01
107 2.133520e-01 1.832560e-01 6.033920e-01
108 2.129640e-01 1.833080e-01 6.037280e-01
109 2.127440e-01 1.837320e-01 6.035240e-01
110 2.122040e-01 1.842160e-01 6.035800e-01
111 2.118280e-01 1.843080e-01 6.038640e-01
112 2.109880e-01 1.846040e-01 6.044080e-01
113 2.114000e-01 1.838880e-01 6.047120e-01
114 2.119080e-01 1.838080e-01 6.042840e-01
115 2.112760e-01 1.839800e-01 6.047440e-01
116 2.113240e-01 1.838760e-01 6.048000e-01
117 2.109240e-01 1.842840e-01 6.047920e-01
118 2.112800e-01 1.836480e-01 6.050720e-01
119 2.123320e-01 1.828120e-01 6.048560e-01
120 2.126840e-01 1.826320e-01 6.046840e-01
121 2.123480e-01 1.825560e-01 6.050960e-01
122 2.120120e-01 1.824120e-01 6.055760e-01
123 2.120160e-01 1.819000e-01 6.060840e-01
124 2.123520e-01 1.815560e-01 6.060920e-01
125 2.124960e-01 1.817920e-01 6.057120e-01
126 2.125760e-01 1.815240e-01 6.059000e-01
127 2.127440e-01 1.813840e-01 6.058720e-01
128 2.130200e-01 1.816520e-01 6.053280e-01
129 2.131920e-01 1.820640e-01 6.047440e-01
130 2.133040e-01 1.818920e-01 6.048040e-01
131 2.133640e-01 1.811960e-01 6.054400e-01
132 2.137480e-01 1.808480e-01 6.054040e-01
133 2.133320e-01 1.818680e-01 6.048000e-01
134 2.124560e-01 1.821480e-01 6.053960e-01
135 2.128120e-01 1.819160e-01 6.052720e-01
136 2.123280e-01 1.820720e-01 6.056000e-01
137 2.120720e-01 1.821240e-01 6.058040e-01
138 2.123560e-01 1.816800e-01 6.059640e-01
139 2.129800e-01 1.815440e-01 6.054760e-01
140 2.131400e-01 1.816800e-01 6.051800e-01
141 2.131920e-01 1.815200e-01 6.052880e-01
142 2.133680e-01 1.822080e-01 6.044240e-01
143 2.128520e-01 1.822840e-01 6.048640e-01
144 2.139600e-01 1.817200e-01 6.043200e-01
145 2.139840e-01 1.818840e-01 6.041320e-01
146 2.138680e-01 1.823280e-01 6.038040e-01
147 2.137560e-01 1.821080e-01 6.041360e-01
148 2.139120e-01 1.814960e-01 6.045920e-01
149 2.144400e-01 1.813920e-01 6.041680e-01
150 2.139800e-01 1.819320e-01 6.040880e-01
151 2.138240e-01 1.819840e-01 6.041920e-01
152 2.133080e-01 1.818720e-01 6.048200e-01
153 2.140120e-01 1.810920e-01 6.048960e-01
154 2.144000e-01 1.812600e-01 6.043400e-01
155 2.145600e-01 1.815520e-01 6.038880e-01
156 2.149160e-01 1.811160e-01 6.039680e-01
157 2.146200e-01 1.810480e-01 6.043320e-01
158 2.147800e-01 1.812760e-01 6.039440e-01
159 2.150840e-01 1.811960e-01 6.037200e-01
160 2.150720e-01 1.811920e-01 6.037360e-01
161 2.144600e-01 1.815040e-01 6.040360e-01
162 2.149080e-01 1.809120e-01 6.041800e-01
163 2.158520e-01 1.805240e-01 6.036240e-01
164 2.156040e-01 1.811560e-01 6.032400e-01
165 2.161320e-01 1.812760e-01 6.025920e-01
166 2.163280e-01 1.811600e-01 6.025120e-01
167 2.165240e-01 1.808160e-01 6.026600e-01
168 2.159720e-01 1.814200e-01 6.026080e-01
169 2.155400e-01 1.811280e-01 6.033320e-01
170 2.152960e-01 1.817000e-01 6.030040e-01
171 2.151800e-01 1.817640e-01 6.030560e-01
172 2.151320e-01 1.819320e-01 6.029360e-01
173 2.149000e-01 1.823840e-01 6.027160e-01
174 2.144840e-01 1.822960e-01 6.032200e-01
175 2.137120e-01 1.832280e-01 6.030600e-01
176 2.132200e-01 1.836360e-01 6.031440e-01
177 2.129320e-01 1.837040e-01 6.033640e-01
178 2.129120e-01 1.839720e-01 6.031160e-01
179 2.136880e-01 1.838200e-01 6.024920e-01
180 2.136720e-01 1.836280e-01 6.027000e-01
181 2.131560e-01 1.837200e-01 6.031240e-01
182 2.125000e-01 1.846760e-01 6.028240e-01
183 2.119160e-01 1.851360e-01 6.029480e-01
184 2.126320e-01 1.841400e-01 6.032280e-01
185 2.128040e-01 1.836760e-01 6.035200e-01
186 2.128880e-01 1.834800e-01 6.036320e-01
187 2.129440e-01 1.833840e-01 6.036720e-01
188 2.128240e-01 1.834760e-01 6.037000e-01
189 2.127960e-01 1.834040e-01 6.038000e-01
190 2.127080e-01 1.833760e-01 6.039160e-01
191 2.127120e-01 1.831240e-01 6.041640e-01
192 2.120000e-01 1.833520e-01 6.046480e-01
193 2.119400e-01 1.826840e-01 6.053760e-01
194 2.115640e-01 1.827200e-01 6.057160e-01
195 2.123080e-01 1.817720e-01 6.059200e-01
196 2.119600e-01 1.824680e-01 6.055720e-01
197 2.118240e-01 1.819680e-01 6.062080e-01
198 2.118960e-01 1.820040e-01 6.061000e-01
199 2.121720e-01 1.818880e-01 6.059400e-01
200 2.125040e-01 1.813800e-01 6.061160e-01
201 2.133440e-01 1.810880e-01 6.055680e-01
202 2.132200e-01 1.812920e-01 6.054880e-01
203 2.126600e-01 1.811440e-01 6.061960e-01
204 2.136880e-01 1.813560e-01 6.049560e-01
205 2.139000e-01 1.815920e-01 6.045080e-01
206 2.142000e-01 1.817640e-01 6.040360e-01
207 2.138880e-01 1.821240e-01 6.039880e-01
208 2.142960e-01 1.816760e-01 6.040280e-01
209 2.146760e-01 1.814560e-01 6.038680e-01
210 2.138880e-01 1.817960e-01 6.043160e-01
211 2.132720e-01 1.821800e-01 6.045480e-01
212 2.129040e-01 1.819680e-01 6.051280e-01
213 2.131280e-01 1.813200e-01 6.055520e-01
214 2.133440e-01 1.815600e-01 6.050960e-01
215 2.134440e-01 1.814440e-01 6.051120e-01
216 2.137000e-01 1.806960e-01 6.056040e-01
217 2.140640e-01 1.808440e-01 6.050920e-01
218 2.138040e-01 1.813080e-01 6.048880e-01
219 2.148360e-01 1.809520e-01 6.042120e-01
220 2.157200e-01 1.803600e-01 6.039200e-01
221 2.153600e-01 1.801200e-01 6.045200e-01
222 2.153400e-01 1.802440e-01 6.044160e-01
223 2.154000e-01 1.800840e-01 6.045160e-01
224 2.146840e-01 1.810600e-01 6.042560e-01
225 2.144360e-01 1.813640e-01 6.042000e-01
226 2.149400e-01 1.810360e-01 6.040240e-01
227 2.147480e-01 1.811200e-01 6.041320e-01
228 2.143520e-01 1.808680e-01 6.047800e-01
229 2.137640e-01 1.817000e-01 6.045360e-01
230 2.135120e-01 1.814440e-01 6.050440e-01
231 2.136120e-01 1.818720e-01 6.045160e-01
232 2.137240e-01 1.815720e-01 6.047040e-01
233 2.127000e-01 1.822920e-01 6.050080e-01
234 2.131080e-01 1.815680e-01 6.053240e-01
235 2.139360e-01 1.814360e-01 6.046280e-01
236 2.136720e-01 1.815600e-01 6.047680e-01
237 2.139680e-01 1.807680e-01 6.052640e-01
238 2.142440e-01 1.803400e-01 6.054160e-01
239 2.145600e-01 1.811800e-01 6.042600e-01
240 2.146520e-01 1.813160e-01 6.040320e-01
241 2.146920e-01 1.811160e-01 6.041920e-01
242 2.144680e-01 1.810960e-01 6.044360e-01
243 2.146120e-01 1.808280e-01 6.045600e-01
244 2.146480e-01 1.812040e-01 6.041480e-01
245 2.142360e-01 1.817680e-01 6.039960e-01
246 2.143520e-01 1.821440e-01 6.035040e-01
247 2.141960e-01 1.817840e-01 6.040200e-01
248 2.148960e-01 1.815640e-01 6.035400e-01
249 2.147160e-01 1.817920e-01 6.034920e-01
250 2.145440e-01 1.810960e-01 6.043600e-01
251 2.135880e-01 1.811400e-01 6.052720e-01
252 2.135120e-01 1.808640e-01 6.056240e-01
253 2.132080e-01 1.808000e-01 6.059920e-01
254 2.126440e-01 1.816920e-01 6.056640e-01
255 2.126560e-01 1.815840e-01 6.057600e-01
256 2.131720e-01 1.808600e-01 6.059680e-01
257 2.134120e-01 1.811160e-01 6.054720e-01
258 2.127760e-01 1.824840e-01 6.047400e-01
259 2.123120e-01 1.830080e-01 6.046800e-01
260 2.127920e-01 1.831920e-01 6.040160e-01
261 2.123360e-01 1.833120e-01 6.043520e-01
262 2.116880e-01 1.837040e-01 6.046080e-01
263 2.113560e-01 1.834360e-01 6.052080e-01
264 2.115000e-01 1.830240e-01 6.054760e-01
265 2.111760e-01 1.835120e-01 6.053120e-01
266 2.109960e-01 1.834040e-01 6.056000e-01
267 2.116800e-01 1.826280e-01 6.056920e-01
268 2.119840e-01 1.821600e-01 6.058560e-01
269 2.116360e-01 1.820440e-01 6.063200e-01
270 2.118760e-01 1.818360e-01 6.062880e-01
271 2.115560e-01 1.817320e-01 6.067120e-01
272 2.122800e-01 1.816400e-01 6.060800e-01
273 2.126600e-01 1.813240e-01 6.060160e-01
274 2.134440e-01 1.804440e-01 6.061120e-01
275 2.129640e-01 1.808400e-01 6.061960e-01
276 2.138400e-01 1.811160e-01 6.050440e-01
277 2.139880e-01 1.807320e-01 6.052800e-01
278 2.142000e-01 1.810480e-01 6.047520e-01
279 2.140240e-01 1.815480e-01 6.044280e-01
280 2.141360e-01 1.814400e-01 6.044240e-01
281 2.141800e-01 1.815720e-01 6.042480e-01
282 2.149040e-01 1.810040e-01 6.040920e-01
283 2.146000e-01 1.812240e-01 6.041760e-01
284 2.141720e-01 1.817280e-01 6.041000e-01
285 2.143880e-01 1.815240e-01 6.040880e-01
286 2.146400e-01 1.814680e-01 6.038920e-01
287 2.149480e-01 1.812960e-01 6.037560e-01
288 2.153320e-01 1.813280e-01 6.033400e-01
289 2.151880e-01 1.817360e-01 6.030760e-01
290 2.149560e-01 1.814440e-01 6.036000e-01
291 2.150480e-01 1.813160e-01 6.036360e-01
292 2.150280e-01 1.814360e-01 6.035360e-01
293 2.148120e-01 1.819400e-01 6.032480e-01
294 2.149640e-01 1.812000e-01 6.038360e-01
295 2.142040e-01 1.816400e-01 6.041560e-01
296 2.139960e-01 1.816600e-01 6.043440e-01
297 2.142480e-01 1.821680e-01 6.035840e-01
298 2.139720e-01 1.821280e-01 6.039000e-01
299 2.138520e-01 1.818720e-01 6.042760e-01
300 2.138840e-01 1.820920e-01 6.040240e-01
301 2.146160e-01 1.818480e-01 6.035360e-01
302 2.140040e-01 1.814960e-01 6.045000e-01
303 2.141200e-01 1.811760e-01 6.047040e-01
304 2.138640e-01 1.816520e-01 6.044840e-01
305 2.141000e-01 1.813680e-01 6.045320e-01
306 2.144320e-01 1.811360e-01 6.044320e-01
307 2.143360e-01 1.812520e-01 6.044120e-01
308 2.142640e-01 1.811960e-01 6.045400e-01
309 2.138120e-01 1.812880e-01 6.049000e-01
310 2.140920e-01 1.817080e-01 6.042000e-01
311 2.146080e-01 1.815400e-01 6.038520e-01
312 2.139320e-01 1.821920e-01 6.038760e-01
313 2.135680e-01 1.826600e-01 6.037720e-01
314 2.136760e-01 1.828480e-01 6.034760e-01
315 2.134840e-01 1.831280e-01 6.033880e-01
316 2.130320e-01 1.834320e-01 6.035360e-01
317 2.127200e-01 1.836080e-01 6.036720e-01
318 2.132640e-01 1.831480e-01 6.035880e-01
319 2.130600e-01 1.836960e-01 6.032440e-01
320 2.135520e-01 1.831600e-01 6.032880e-01
321 2.132720e-01 1.830560e-01 6.036720e-01
322 2.138880e-01 1.824280e-01 6.036840e-01
323 2.138560e-01 1.823640e-01 6.037800e-01
324 2.135840e-01 1.816880e-01 6.047280e-01
325 2.130960e-01 1.819680e-01 6.049360e-01
326 2.130080e-01 1.819480e-01 6.050440e-01
327 2.128640e-01 1.816880e-01 6.054480e-01
328 2.124640e-01 1.816400e-01 6.058960e-01
329 2.133360e-01 1.809800e-01 6.056840e-01
330 2.138760e-01 1.800320e-01 6.060920e-01
331 2.136640e-01 1.795840e-01 6.067520e-01
332 2.142320e-01 1.793520e-01 6.064160e-01
333 2.141120e-01 1.799200e-01 6.059680e-01
334 2.140400e-01 1.801240e-01 6.058360e-01
335 2.140520e-01 1.804200e-01 6.055280e-01
336 2.139120e-01 1.803920e-01 6.056960e-01
337 2.134640e-01 1.806240e-01 6.059120e-01
338 2.135000e-01 1.811240e-01 6.053760e-01
339 2.138000e-01 1.808600e-01 6.053400e-01
340 2.137480e-01 1.808800e-01 6.053720e-01
341 2.140960e-01 1.805040e-01 6.054000e-01
342 2.149440e-01 1.800120e-01 6.050440e-01
343 2.143760e-01 1.806800e-01 6.049440e-01
344 2.140680e-01 1.809480e-01 6.049840e-01
345 2.135120e-01 1.806640e-01 6.058240e-01
346 2.135760e-01 1.810680e-01 6.053560e-01
347 2.136800e-01 1.812480e-01 6.050720e-01
348 2.137800e-01 1.816640e-01 6.045560e-01
349 2.137360e-01 1.814360e-01 6.048280e-01
350 2.136400e-01 1.818520e-01 6.045080e-01
351 2.136320e-01 1.818400e-01 6.045280e-01
352 2.137360e-01 1.818160e-01 6.044480e-01
353 2.132360e-01 1.821440e-01 6.046200e-01
354 2.126840e-01 1.829840e-01 6.043320e-01
355 2.130160e-01 1.826880e-01 6.042960e-01
356 2.126880e-01 1.828720e-01 6.044400e-01
357 2.122240e-01 1.823320e-01 6.054440e-01
358 2.124800e-01 1.825040e-01 6.050160e-01
359 2.129000e-01 1.819760e-01 6.051240e-01
360 2.127520e-01 1.816360e-01 6.056120e-01
361 2.138720e-01 1.811360e-01 6.049920e-01
362 2.140840e-01 1.817400e-01 6.041760e-01
363 2.137280e-01 1.817160e-01 6.045560e-01
364 2.140960e-01 1.807240e-01 6.051800e-01
365 2.144440e-01 1.809400e-01 6.046160e-01
366 2.144480e-01 1.814680e-01 6.040840e-01
367 2.140440e-01 1.824520e-01 6.035040e-01
368 2.130120e-01 1.830440e-01 6.039440e-01
369 2.128880e-01 1.834560e-01 6.036560e-01
370 2.127400e-01 1.835000e-01 6.037600e-01
371 2.124760e-01 1.833280e-01 6.041960e-01
372 2.121760e-01 1.831400e-01 6.046840e-01
373 2.119640e-01 1.825800e-01 6.054560e-01
374 2.121160e-01 1.821800e-01 6.057040e-01
375 2.123200e-01 1.819560e-01 6.057240e-01
376 2.123880e-01 1.819720e-01 6.056400e-01
377 2.123040e-01 1.828000e-01 6.048960e-01
378 2.124040e-01 1.827280e-01 6.048680e-01
379 2.125000e-01 1.828120e-01 6.046880e-01
380 2.123640e-01 1.829960e-01 6.046400e-01
381 2.125480e-01 1.827360e-01 6.047160e-01
382 2.123480e-01 1.825320e-01 6.051200e-01
383 2.124720e-01 1.821280e-01 6.054000e-01
384 2.125120e-01 1.816520e-01 6.058360e-01
385 2.117280e-01 1.818400e-01 6.064320e-01
386 2.122880e-01 1.815960e-01 6.061160e-01
387 2.124160e-01 1.817360e-01 6.058480e-01
388 2.128000e-01 1.812520e-01 6.059480e-01
389 2.130360e-01 1.819200e-01 6.050440e-01
390 2.129320e-01 1.814080e-01 6.056600e-01
391 2.126400e-01 1.815240e-01 6.058360e-01
392 2.129240e-01 1.809080e-01 6.061680e-01
393 2.131200e-01 1.803400e-01 6.065400e-01
394 2.131960e-01 1.805200e-01 6.062840e-01
395 2.128760e-01 1.810320e-01 6.060920e-01
396 2.128200e-01 1.817720e-01 6.054080e-01
397 2.127440e-01 1.815120e-01 6.057440e-01
398 2.134360e-01 1.805000e-01 6.060640e-01
399 2.143680e-01 1.802640e-01 6.053680e-01
400 2.152600e-01 1.803560e-01 6.043840e-01
401 2.153600e-01 1.806440e-01 6.039960e-01
402 2.155000e-01 1.803120e-01 6.041880e-01
403 2.155080e-01 1.804960e-01 6.039960e-01
404 2.149200e-01 1.816600e-01 6.034200e-01
405 2.143680e-01 1.816720e-01 6.039600e-01
406 2.141520e-01 1.824720e-01 6.033760e-01
407 2.139840e-01 1.826320e-01 6.033840e-01
408 2.129120e-01 1.829160e-01 6.041720e-01
409 2.127440e-01 1.832480e-01 6.040080e-01
410 2.128760e-01 1.828720e-01 6.042520e-01
411 2.130640e-01 1.821520e-01 6.047840e-01
412 2.130680e-01 1.823320e-01 6.046000e-01
413 2.134760e-01 1.824720e-01 6.040520e-01
414 2.132920e-01 1.821880e-01 6.045200e-01
415 2.131680e-01 1.822080e-01 6.046240e-01
416 2.134400e-01 1.817200e-01 6.048400e-01
417 2.135000e-01 1.814680e-01 6.050320e-01
418 2.130200e-01 1.817400e-01 6.052400e-01
419 2.131600e-01 1.817240e-01 6.051160e-01
420 2.128920e-01 1.818080e-01 6.053000e-01
421 2.127680e-01 1.819640e-01 6.052680e-01
422 2.124360e-01 1.819520e-01 6.056120e-01
423 2.128880e-01 1.813000e-01 6.058120e-01
424 2.128800e-01 1.810200e-01 6.061000e-01
425 2.129160e-01 1.806560e-01 6.064280e-01
426 2.125200e-01 1.808320e-01 6.066480e-01
427 2.125880e-01 1.804760e-01 6.069360e-01
428 2.132080e-01 1.801640e-01 6.066280e-01
429 2.135760e-01 1.801080e-01 6.063160e-01
430 2.137640e-01 1.803360e-01 6.059000e-01
431 2.133640e-01 1.800200e-01 6.066160e-01
432 2.135560e-01 1.806200e-01 6.058240e-01
433 2.125240e-01 1.811720e-01 6.063040e-01
434 2.126520e-01 1.814600e-01 6.058880e-01
435 2.126600e-01 1.814800e-01 6.058600e-01
436 2.128160e-01 1.805200e-01 6.066640e-01
437 2.134840e-01 1.810480e-01 6.054680e-01
438 2.140640e-01 1.806320e-01 6.053040e-01
439 2.141480e-01 1.808840e-01 6.049680e-01
440 2.142240e-01 1.806200e-01 6.051560e-01
441 2.140480e-01 1.804000e-01 6.055520e-01
442 2.138640e-01 1.804440e-01 6.056920e-01
443 2.143600e-01 1.798240e-01 6.058160e-01
444 2.147480e-01 1.795280e-01 6.057240e-01
445 2.152120e-01 1.798440e-01 6.049440e-01
446 2.146320e-01 1.802240e-01 6.051440e-01
447 2.148720e-01 1.802600e-01 6.048680e-01
448 2.145760e-01 1.799640e-01 6.054600e-01
449 2.153400e-01 1.791480e-01 6.055120e-01
450 2.158920e-01 1.788880e-01 6.052200e-01
451 2.158880e-01 1.795480e-01 6.045640e-01
452 2.155680e-01 1.800880e-01 6.043440e-01
453 2.148720e-01 1.805080e-01 6.046200e-01
454 2.143680e-01 1.814800e-01 6.041520e-01
455 2.143120e-01 1.814600e-01 6.042280e-01
456 2.136440e-01 1.824360e-01 6.039200e-01
457 2.138680e-01 1.818920e-01 6.042400e-01
458 2.139440e-01 1.815160e-01 6.045400e-01
459 2.135960e-01 1.810600e-01 6.053440e-01
460 2.135800e-01 1.811360e-01 6.052840e-01
461 2.134920e-01 1.808280e-01 6.056800e-01
462 2.138840e-01 1.803680e-01 6.057480e-01
463 2.135680e-01 1.812400e-01 6.051920e-01
464 2.131880e-01 1.810800e-01 6.057320e-01
465 2.137160e-01 1.808520e-01 6.054320e-01
466 2.135640e-01 1.803880e-01 6.060480e-01
467 2.134840e-01 1.805160e-01 6.060000e-01
468 2.137600e-01 1.807760e-01 6.054640e-01
469 2.134360e-01 1.811800e-01 6.053840e-01
470 2.132320e-01 1.811640e-01 6.056040e-01
471 2.135360e-01 1.808240e-01 6.056400e-01
472 2.136440e-01 1.809280e-01 6.054280e-01
473 2.145400e-01 1.804200e-01 6.050400e-01
474 2.150840e-01 1.802920e-01 6.046240e-01
475 2.153200e-01 1.801080e-01 6.045720e-01
476 2.152480e-01 1.807240e-01 6.040280e-01
477 2.148880e-01 1.811440e-01 6.039680e-01
478 2.146840e-01 1.817000e-01 6.036160e-01
479 2.144640e-01 1.816120e-01 6.039240e-01
480 2.147200e-01 1.815120e-01 6.037680e-01
481 2.148040e-01 1.809200e-01 6.042760e-01
482 2.149920e-01 1.812400e-01 6.037680e-01
483 2.152080e-01 1.816280e-01 6.031640e-01
484 2.152800e-01 1.814000e-01 6.033200e-01
485 2.146520e-01 1.816760e-01 6.036720e-01
486 2.142120e-01 1.819880e-01 6.038000e-01
487 2.144240e-01 1.824840e-01 6.030920e-01
488 2.139040e-01 1.822680e-01 6.038280e-01
489 2.132880e-01 1.823800e-01 6.043320e-01
490 2.137360e-01 1.819480e-01 6.043160e-01
491 2.134160e-01 1.824960e-01 6.040880e-01
492 2.138320e-01 1.822560e-01 6.039120e-01
493 2.140240e-01 1.824720e-01 6.035040e-01
494 2.140840e-01 1.822240e-01 6.036920e-01
495 2.141960e-01 1.820920e-01 6.037120e-01
496 2.144200e-01 1.823720e-01 6.032080e-01
497 2.144280e-01 1.822760e-01 6.032960e-01
498 2.145240e-01 1.818760e-01 6.036000e-01
499 2.141200e-01 1.821120e-01 6.037680e-01
500 2.135640e-01 1.824640e-01 6.039720e-01
501 2.137080e-01 1.824200e-01 6.038720e-01
502 2.126760e-01 1.833240e-01 6.040000e-01
503 2.125760e-01 1.829280e-01 6.044960e-01
504 2.129720e-01 1.831640e-01 6.038640e-01
505 2.128800e-01 1.824200e-01 6.047000e-01
506 2.130320e-01 1.817800e-01 6.051880e-01
507 2.132560e-01 1.814360e-01 6.053080e-01
508 2.137040e-01 1.816600e-01 6.046360e-01
509 2.129760e-01 1.821920e-01 6.048320e-01
510 2.126120e-01 1.821880e-01 6.052000e-01
511 2.126960e-01 1.826720e-01 6.046320e-01
512 2.124720e-01 1.825360e-01 6.049920e-01
513 2.124200e-01 1.825680e-01 6.050120e-01
514 2.121320e-01 1.832000e-01 6.046680e-01
515 2.121480e-01 1.831240e-01 6.047280e-01
516 2.125640e-01 1.824880e-01 6.049480e-01
517 2.127160e-01 1.828760e-01 6.044080e-01
518 2.126360e-01 1.832640e-01 6.041000e-01
519 2.120320e-01 1.833960e-01 6.045720e-01
520 2.125160e-01 1.831000e-01 6.043840e-01
521 2.123120e-01 1.833640e-01 6.043240e-01
522 2.121480e-01 1.824480e-01 6.054040e-01
523 2.123840e-01 1.816200e-01 6.059960e-01
524 2.120320e-01 1.820120e-01 6.059560e-01
525 2.118960e-01 1.823160e-01 6.057880e-01
526 2.118240e-01 1.833920e-01 6.047840e-01
527 2.123440e-01 1.827680e-01 6.048880e-01
528 2.119720e-01 1.827520e-01 6.052760e-01
529 2.120920e-01 1.827400e-01 6.051680e-01
530 2.116040e-01 1.821600e-01 6.062360e-01
531 2.120920e-01 1.816280e-01 6.062800e-01
532 2.123320e-01 1.817040e-01 6.059640e-01
533 2.127760e-01 1.813920e-01 6.058320e-01
534 2.125720e-01 1.808520e-01 6.065760e-01
535 2.129800e-01 1.812120e-01 6.058080e-01
536 2.126320e-01 1.816000e-01 6.057680e-01
537 2.138600e-01 1.810800e-01 6.050600e-01
538 2.141080e-01 1.811360e-01 6.047560e-01
539 2.144720e-01 1.809680e-01 6.045600e-01
540 2.143200e-01 1.810560e-01 6.046240e-01
541 2.140640e-01 1.818160e-01 6.041200e-01
542 2.137960e-01 1.823360e-01 6.038680e-01
543 2.139080e-01 1.825920e-01 6.035000e-01
544 2.144480e-01 1.824960e-01 6.030560e-01
545 2.144600e-01 1.817880e-01 6.037520e-01
546 2.141280e-01 1.819120e-01 6.039600e-01
547 2.136960e-01 1.825000e-01 6.038040e-01
548 2.139520e-01 1.820320e-01 6.040160e-01
549 2.135400e-01 1.827560e-01 6.037040e-01
550 2.134320e-01 1.828600e-01 6.037080e-01
551 2.132040e-01 1.831280e-01 6.036680e-01
552 2.131800e-01 1.834120e-01 6.034080e-01
553 2.129000e-01 1.836840e-01 6.034160e-01
554 2.128600e-01 1.828400e-01 6.043000e-01
555 2.129560e-01 1.825360e-01 6.045080e-01
556 2.123360e-01 1.827760e-01 6.048880e-01
557 2.124480e-01 1.830320e-01 6.045200e-01
558 2.125960e-01 1.828000e-01 6.046040e-01
559 2.117600e-01 1.833760e-01 6.048640e-01
560 2.120040e-01 1.833360e-01 6.046600e-01
561 2.113840e-01 1.833400e-01 6.052760e-01
562 2.118960e-01 1.829040e-01 6.052000e-01
563 2.116960e-01 1.831200e-01 6.051840e-01
564 2.116400e-01 1.829840e-01 6.053760e-01
565 2.119320e-01 1.824120e-01 6.056560e-01
566 2.123480e-01 1.817560e-01 6.058960e-01
567 2.122840e-01 1.817640e-01 6.059520e-01
568 2.123040e-01 1.812880e-01 6.064080e-01
569 2.113960e-01 1.814840e-01 6.071200e-01
570 2.118960e-01 1.808760e-01 6.072280e-01
571 2.121400e-01 1.806680e-01 6.071920e-01
572 2.120480e-01 1.807880e-01 6.071640e-01
573 2.120120e-01 1.810280e-01 6.069600e-01
574 2.118880e-01 1.812160e-01 6.068960e-01
575 2.123720e-01 1.812320e-01 6.063960e-01
576 2.126680e-01 1.810600e-01 6.062720e-01
577 2.129400e-01 1.812680e-01 6.057920e-01
578 2.130680e-01 1.810160e-01 6.059160e-01
579 2.139400e-01 1.799600e-01 6.061000e-01
580 2.133680e-01 1.807240e-01 6.059080e-01
581 2.137120e-01 1.804080e-01 6.058800e-01
582 2.138200e-01 1.806600e-01 6.055200e-01
583 2.139960e-01 1.806640e-01 6.053400e-01
584 2.145560e-01 1.804600e-01 6.049840e-01
585 2.143240e-01 1.808880e-01 6.047880e-01
586 2.149800e-01 1.804640e-01 6.045560e-01
587 2.145880e-01 1.814760e-01 6.039360e-01
588 2.141560e-01 1.820960e-01 6.037480e-01
589 2.143360e-01 1.827440e-01 6.029200e-01
590 2.139920e-01 1.825480e-01 6.034600e-01
591 2.135520e-01 1.826760e-01 6.037720e-01
592 2.136440e-01 1.829320e-01 6.034240e-01
593 2.134360e-01 1.826760e-01 6.038880e-01
594 2.135560e-01 1.823640e-01 6.040800e-01
595 2.139560e-01 1.826320e-01 6.034120e-01
596 2.136280e-01 1.835360e-01 6.028360e-01
597 2.135960e-01 1.837160e-01 6.026880e-01
598 2.135560e-01 1.833440e-01 6.031000e-01
599 2.134520e-01 1.835600e-01 6.029880e-01
600 2.129920e-01 1.839720e-01 6.030360e-01
601 2.131800e-01 1.831600e-01 6.036600e-01
602 2.123360e-01 1.840160e-01 6.036480e-01
603 2.126040e-01 1.834640e-01 6.039320e-01
604 2.133360e-01 1.828480e-01 6.038160e-01
605 2.128960e-01 1.824320e-01 6.046720e-01
606 2.131640e-01 1.821480e-01 6.046880e-01
607 2.137840e-01 1.822000e-01 6.040160e-01
608 2.138640e-01 1.830160e-01 6.031200e-01
609 2.133720e-01 1.835040e-01 6.031240e-01
610 2.125640e-01 1.841040e-01 6.033320e-01
611 2.119600e-01 1.842840e-01 6.037560e-01
612 2.114680e-01 1.840800e-01 6.044520e-01
613 2.114240e-01 1.838480e-01 6.047280e-01
614 2.120720e-01 1.828840e-01 6.050440e-01
615 2.119480e-01 1.831880e-01 6.048640e-01
616 2.117960e-01 1.834960e-01 6.047080e-01
617 2.119720e-01 1.831520e-01 6.048760e-01
618 2.119000e-01 1.829880e-01 6.051120e-01
619 2.115920e-01 1.828760e-01 6.055320e-01
620 2.112160e-01 1.830520e-01 6.057320e-01
621 2.120760e-01 1.821000e-01 6.058240e-01
622 2.122240e-01 1.815160e-01 6.062600e-01
623 2.121520e-01 1.811960e-01 6.066520e-01
624 2.121600e-01 1.814600e-01 6.063800e-01
625 2.123360e-01 1.806760e-01 6.069880e-01
626 2.129800e-01 1.802480e-01 6.067720e-01
627 2.135400e-01 1.800720e-01 6.063880e-01
628 2.132600e-01 1.802040e-01 6.065360e-01
629 2.130680e-01 1.806200e-01 6.063120e-01
630 2.130560e-01 1.809560e-01 6.059880e-01
631 2.131760e-01 1.808080e-01 6.060160e-01
632 2.134600e-01 1.808840e-01 6.056560e-01
633 2.136840e-01 1.807520e-01 6.055640e-01
634 2.137680e-01 1.808720e-01 6.053600e-01
635 2.142240e-01 1.805760e-01 6.052000e-01
636 2.144480e-01 1.806320e-01 6.049200e-01
637 2.145160e-01 1.810320e-01 6.044520e-01
638 2.142960e-01 1.819480e-01 6.037560e-01
639 2.140520e-01 1.816680e-01 6.042800e-01
640 2.135040e-01 1.816480e-01 6.048480e-01
641 2.129000e-01 1.817600e-01 6.053400e-01
642 2.124560e-01 1.818640e-01 6.056800e-01
643 2.125440e-01 1.820600e-01 6.053960e-01
644 2.131720e-01 1.822040e-01 6.046240e-01
645 2.132280e-01 1.817360e-01 6.050360e-01
646 2.133120e-01 1.819320e-01 6.047560e-01
647 2.142840e-01 1.808400e-01 6.048760e-01
648 2.140560e-01 1.805760e-01 6.053680e-01
649 2.143280e-01 1.806360e-01 6.050360e-01
650 2.146280e-01 1.807480e-01 6.046240e-01
651 2.147560e-01 1.807560e-01 6.044880e-01
652 2.143800e-01 1.812040e-01 6.044160e-01
653 2.147280e-01 1.803920e-01 6.048800e-01
654 2.148000e-01 1.809000e-01 6.043000e-01
655 2.152360e-01 1.808440e-01 6.039200e-01
656 2.148480e-01 1.812640e-01 6.038880e-01
657 2.142360e-01 1.820800e-01 6.036840e-01
658 2.145920e-01 1.819520e-01 6.034560e-01
659 2.144320e-01 1.813000e-01 6.042680e-01
660 2.148520e-01 1.810800e-01 6.040680e-01
661 2.153200e-01 1.808480e-01 6.038320e-01
662 2.150320e-01 1.809840e-01 6.039840e-01
663 2.151880e-01 1.808440e-01 6.039680e-01
664 2.147680e-01 1.814560e-01 6.037760e-01
665 2.146320e-01 1.814760e-01 6.038920e-01
666 2.145520e-01 1.816720e-01 6.037760e-01
667 2.146760e-01 1.816240e-01 6.037000e-01
668 2.139440e-01 1.826200e-01 6.034360e-01
669 2.131320e-01 1.827520e-01 6.041160e-01
670 2.130760e-01 1.827160e-01 6.042080e-01
671 2.131720e-01 1.829360e-01 6.038920e-01
672 2.131440e-01 1.831960e-01 6.036600e-01
673 2.132640e-01 1.831280e-01 6.036080e-01
674 2.127360e-01 1.833800e-01 6.038840e-01
675 2.127160e-01 1.831760e-01 6.041080e-01
676 2.127000e-01 1.826160e-01 6.046840e-01
677 2.131480e-01 1.818240e-01 6.050280e-01
678 2.137000e-01 1.817400e-01 6.045600e-01
679 2.139640e-01 1.816800e-01 6.043560e-01
680 2.137240e-01 1.814640e-01 6.048120e-01
681 2.129960e-01 1.820240e-01 6.049800e-01
682 2.134720e-01 1.816480e-01 6.048800e-01
683 2.133720e-01 1.815160e-01 6.051120e-01
684 2.139920e-01 1.813640e-01 6.046440e-01
685 2.143920e-01 1.814480e-01 6.041600e-01
686 2.144240e-01 1.817080e-01 6.038680e-01
687 2.141240e-01 1.820960e-01 6.037800e-01
688 2.144440e-01 1.819120e-01 6.036440e-01
689 2.139720e-01 1.823960e-01 6.036320e-01
690 2.139200e-01 1.820360e-01 6.040440e-01
691 2.141240e-01 1.821000e-01 6.037760e-01
692 2.144920e-01 1.817920e-01 6.037160e-01
693 2.139680e-01 1.825400e-01 6.034920e-01
694 2.136240e-01 1.825280e-01 6.038480e-01
695 2.131880e-01 1.827520e-01 6.040600e-01
696 2.129800e-01 1.832760e-01 6.037440e-01
697 2.122720e-01 1.838000e-01 6.039280e-01
698 2.118880e-01 1.839000e-01 6.042120e-01
699 2.111880e-01 1.837360e-01 6.050760e-01
700 2.116080e-01 1.832680e-01 6.051240e-01
701 2.110640e-01 1.834240e-01 6.055120e-01
702 2.109280e-01 1.832360e-01 6.058360e-01
703 2.110920e-01 1.830080e-01 6.059000e-01
704 2.109640e-01 1.830760e-01 6.059600e-01
705 2.113600e-01 1.829680e-01 6.056720e-01
706 2.110560e-01 1.829520e-01 6.059920e-01
707 2.115960e-01 1.825240e-01 6.058800e-01
708 2.116680e-01 1.822760e-01 6.060560e-01
709 2.123880e-01 1.820600e-01 6.055520e-01
710 2.118600e-01 1.820560e-01 6.060840e-01
711 2.118840e-01 1.816720e-01 6.064440e-01
712 2.120880e-01 1.813440e-01 6.065680e-01
713 2.127200e-01 1.804760e-01 6.068040e-01
714 2.126400e-01 1.810720e-01 6.062880e-01
715 2.128120e-01 1.814080e-01 6.057800e-01
716 2.127800e-01 1.813560e-01 6.058640e-01
717 2.125000e-01 1.815640e-01 6.059360e-01
718 2.124720e-01 1.817040e-01 6.058240e-01
719 2.129600e-01 1.810800e-01 6.059600e-01
720 2.131520e-01 1.809400e-01 6.059080e-01
721 2.131760e-01 1.805680e-01 6.062560e-01
722 2.129960e-01 1.806440e-01 6.063600e-01
723 2.132080e-01 1.809200e-01 6.058720e-01
724 2.136040e-01 1.811720e-01 6.052240e-01
725 2.135920e-01 1.811040e-01 6.053040e-01
726 2.142120e-01 1.809200e-01 6.048680e-01
727 2.130920e-01 1.814960e-01 6.054120e-01
728 2.123120e-01 1.821080e-01 6.055800e-01
729 2.130720e-01 1.821680e-01 6.047600e-01
730 2.128960e-01 1.826080e-01 6.044960e-01
731 2.128960e-01 1.823160e-01 6.047880e-01
732 2.127600e-01 1.823040e-01 6.049360e-01
733 2.125160e-01 1.819280e-01 6.055560e-01
734 2.121960e-01 1.822880e-01 6.055160e-01
735 2.126560e-01 1.821880e-01 6.051560e-01
736 2.125080e-01 1.820000e-01 6.054920e-01
737 2.127280e-01 1.817280e-01 6.055440e-01
738 2.134040e-01 1.810720e-01 6.055240e-01
739 2.129520e-01 1.809320e-01 6.061160e-01
740 2.131400e-01 1.805000e-01 6.063600e-01
741 2.132880e-01 1.807600e-01 6.059520e-01
742 2.136800e-01 1.810760e-01 6.052440e-01
743 2.138240e-01 1.811880e-01 6.049880e-01
744 2.138920e-01 1.805800e-01 6.055280e-01
745 2.138200e-01 1.806560e-01 6.055240e-01
746 2.144360e-01 1.806200e-01 6.049440e-01
747 2.145920e-01 1.800720e-01 6.053360e-01
748 2.150320e-01 1.799520e-01 6.050160e-01
749 2.145680e-01 1.805680e-01 6.048640e-01
750 2.153320e-01 1.804520e-01 6.042160e-01
751 2.155600e-01 1.807560e-01 6.036840e-01
752 2.147440e-01 1.816680e-01 6.035880e-01
753 2.143240e-01 1.822360e-01 6.034400e-01
754 2.138880e-01 1.817800e-01 6.043320e-01
755 2.142920e-01 1.810760e-01 6.046320e-01
756 2.148520e-01 1.812120e-01 6.039360e-01
757 2.148600e-01 1.812200e-01 6.039200e-01
758 2.146080e-01 1.816680e-01 6.037240e-01
759 2.146520e-01 1.819520e-01 6.033960e-01
760 2.139760e-01 1.819840e-01 6.040400e-01
761 2.135640e-01 1.819640e-01 6.044720e-01
762 2.133560e-01 1.815560e-01 6.050880e-01
763 2.133320e-01 1.814480e-01 6.052200e-01
764 2.134040e-01 1.814040e-01 6.051920e-01
765 2.137440e-01 1.810600e-01 6.051960e-01
766 2.139200e-01 1.806560e-01 6.054240e-01
767 2.135400e-01 1.810560e-01 6.054040e-01
768 2.139280e-01 1.807920e-01 6.052800e-01
769 2.147640e-01 1.810040e-01 6.042320e-01
770 2.142400e-01 1.821560e-01 6.036040e-01
771 2.140600e-01 1.818160e-01 6.041240e-01
772 2.141480e-01 1.818560e-01 6.039960e-01
773 2.136760e-01 1.820160e-01 6.043080e-01
774 2.130800e-01 1.820840e-01 6.048360e-01
775 2.135160e-01 1.820880e-01 6.043960e-01
776 2.130080e-01 1.818640e-01 6.051280e-01
777 2.137400e-01 1.819000e-01 6.043600e-01
778 2.134680e-01 1.827840e-01 6.037480e-01
779 2.137040e-01 1.823920e-01 6.039040e-01
780 2.132520e-01 1.828440e-01 6.039040e-01
781 2.127960e-01 1.828520e-01 6.043520e-01
782 2.131080e-01 1.819840e-01 6.049080e-01
783 2.133800e-01 1.817000e-01 6.049200e-01
784 2.132960e-01 1.823800e-01 6.043240e-01
785 2.131560e-01 1.828160e-01 6.040280e-01
786 2.136120e-01 1.826960e-01 6.036920e-01
787 2.129760e-01 1.828400e-01 6.041840e-01
788 2.127880e-01 1.825960e-01 6.046160e-01
789 2.127120e-01 1.822560e-01 6.050320e-01
790 2.139320e-01 1.818680e-01 6.042000e-01
791 2.140240e-01 1.819040e-01 6.040720e-01
792 2.139840e-01 1.821080e-01 6.039080e-01
793 2.131600e-01 1.822880e-01 6.045520e-01
794 2.128080e-01 1.823840e-01 6.048080e-01
795 2.124640e-01 1.820920e-01 6.054440e-01
796 2.129560e-01 1.811000e-01 6.059440e-01
797 2.131320e-01 1.810360e-01 6.058320e-01
798 2.129360e-01 1.808400e-01 6.062240e-01
799 2.127560e-01 1.807360e-01 6.065080e-01
800 2.127840e-01 1.800960e-01 6.071200e-01
801 2.133480e-01 1.803000e-01 6.063520e-01
802 2.140520e-01 1.801920e-01 6.057560e-01
803 2.141880e-01 1.806200e-01 6.051920e-01
804 2.141480e-01 1.809120e-01 6.049400e-01
805 2.141800e-01 1.807240e-01 6.050960e-01
806 2.136800e-01 1.815920e-01 6.047280e-01
807 2.142520e-01 1.818120e-01 6.039360e-01
808 2.145320e-01 1.820440e-01 6.034240e-01
809 2.139480e-01 1.823040e-01 6.037480e-01
810 2.142600e-01 1.815720e-01 6.041680e-01
811 2.137160e-01 1.822440e-01 6.040400e-01
812 2.140480e-01 1.816160e-01 6.043360e-01
813 2.140000e-01 1.818880e-01 6.041120e-01
814 2.134840e-01 1.820400e-01 6.044760e-01
815 2.134480e-01 1.817200e-01 6.048320e-01
816 2.140880e-01 1.814000e-01 6.045120e-01
817 2.145400e-01 1.814240e-01 6.040360e-01
818 2.144120e-01 1.813320e-01 6.042560e-01
819 2.141840e-01 1.811680e-01 6.046480e-01
820 2.136960e-01 1.819320e-01 6.043720e-01
821 2.131160e-01 1.818840e-01 6.050000e-01
822 2.131480e-01 1.811880e-01 6.056640e-01
823 2.135520e-01 1.817320e-01 6.047160e-01
824 2.134800e-01 1.819120e-01 6.046080e-01
825 2.135320e-01 1.815840e-01 6.048840e-01
826 2.137080e-01 1.812160e-01 6.050760e-01
827 2.134880e-01 1.815360e-01 6.049760e-01
828 2.135040e-01 1.815440e-01 6.049520e-01
829 2.137840e-01 1.816760e-01 6.045400e-01
830 2.135000e-01 1.821440e-01 6.043560e-01
831 2.132480e-01 1.818880e-01 6.048640e-01
832 2.133680e-01 1.817360e-01 6.048960e-01
833 2.132240e-01 1.821240e-01 6.046520e-01
834 2.129560e-01 1.824040e-01 6.046400e-01
835 2.130800e-01 1.825640e-01 6.043560e-01
836 2.128080e-01 1.833600e-01 6.038320e-01
837 2.128640e-01 1.831040e-01 6.040320e-01
838 2.131800e-01 1.835800e-01 6.032400e-01
839 2.129720e-01 1.836280e-01 6.034000e-01
840 2.129200e-01 1.831240e-01 6.039560e-01
841 2.122080e-01 1.832000e-01 6.045920e-01
842 2.123000e-01 1.829840e-01 6.047160e-01
843 2.129880e-01 1.824040e-01 6.046080e-01
844 2.126280e-01 1.824840e-01 6.048880e-01
845 2.120480e-01 1.835160e-01 6.044360e-01
846 2.127560e-01 1.829760e-01 6.042680e-01
847 2.131760e-01 1.829240e-01 6.039000e-01
848 2.124720e-01 1.829720e-01 6.045560e-01
849 2.123120e-01 1.826040e-01 6.050840e-01
850 2.124440e-01 1.826760e-01 6.048800e-01
851 2.124400e-01 1.823840e-01 6.051760e-01
852 2.122280e-01 1.824400e-01 6.053320e-01
853 2.123200e-01 1.820040e-01 6.056760e-01
854 2.126720e-01 1.820680e-01 6.052600e-01
855 2.131640e-01 1.818600e-01 6.049760e-01
856 2.130760e-01 1.818120e-01 6.051120e-01
857 2.128520e-01 1.824480e-01 6.047000e-01
858 2.127080e-01 1.826080e-01 6.046840e-01
859 2.131480e-01 1.825400e-01 6.043120e-01
860 2.126080e-01 1.826880e-01 6.047040e-01
861 2.126680e-01 1.819760e-01 6.053560e-01
862 2.124200e-01 1.815320e-01 6.060480e-01
863 2.133200e-01 1.807760e-01 6.059040e-01
864 2.132200e-01 1.808680e-01 6.059120e-01
865 2.138760e-01 1.804400e-01 6.056840e-01
866 2.144080e-01 1.799520e-01 6.056400e-01
867 2.149600e-01 1.790720e-01 6.059680e-01
868 2.145480e-01 1.796080e-01 6.058440e-01
869 2.147520e-01 1.795120e-01 6.057360e-01
870 2.146840e-01 1.798360e-01 6.054800e-01
871 2.146360e-01 1.802880e-01 6.050760e-01
872 2.139000e-01 1.815080e-01 6.045920e-01
873 2.141120e-01 1.815360e-01 6.043520e-01
874 2.141120e-01 1.812920e-01 6.045960e-01
875 2.137800e-01 1.813040e-01 6.049160e-01
876 2.139240e-01 1.812480e-01 6.048280e-01
877 2.139760e-01 1.812560e-01 6.047680e-01
878 2.135920e-01 1.819960e-01 6.044120e-01
879 2.141440e-01 1.816280e-01 6.042280e-01
880 2.143840e-01 1.816360e-01 6.039800e-01
881 2.137800e-01 1.822800e-01 6.039400e-01
882 2.142120e-01 1.819320e-01 6.038560e-01
883 2.144880e-01 1.814160e-01 6.040960e-01
884 2.140520e-01 1.818480e-01 6.041000e-01
885 2.141560e-01 1.814560e-01 6.043880e-01
886 2.138680e-01 1.817080e-01 6.044240e-01
887 2.140680e-01 1.813920e-01 6.045400e-01
888 2.138800e-01 1.818640e-01 6.042560e-01
889 2.134480e-01 1.819280e-01 6.046240e-01
890 2.132200e-01 1.824080e-01 6.043720e-01
891 2.124680e-01 1.829720e-01 6.045600e-01
892 2.121280e-01 1.830080e-01 6.048640e-01
893 2.114680e-01 1.834200e-01 6.051120e-01
894 2.118680e-01 1.832480e-01 6.048840e-01
895 2.114360e-01 1.830760e-01 6.054880e-01
896 2.118040e-01 1.824920e-01 6.057040e-01
897 2.115800e-01 1.829480e-01 6.054720e-01
898 2.115600e-01 1.828440e-01 6.055960e-01
899 2.120920e-01 1.823560e-01 6.055520e-01
900 2.126520e-01 1.823800e-01 6.049680e-01
901 2.128800e-01 1.821120e-01 6.050080e-01
902 2.131680e-01 1.818560e-01 6.049760e-01
903 2.135800e-01 1.814680e-01 6.049520e-01
904 2.135040e-01 1.817800e-01 6.047160e-01
905 2.133360e-01 1.818760e-01 6.047880e-01
906 2.137080e-01 1.821040e-01 6.041880e-01
907 2.136560e-01 1.825440e-01 6.038000e-01
908 2.128960e-01 1.834520e-01 6.036520e-01
909 2.118560e-01 1.837400e-01 6.044040e-01
910 2.115320e-01 1.839160e-01 6.045520e-01
911 2.117840e-01 1.833560e-01 6.048600e-01
912 2.122200e-01 1.832160e-01 6.045640e-01
913 2.122880e-01 1.830400e-01 6.046720e-01
914 2.123000e-01 1.831800e-01 6.045200e-01
915 2.116680e-01 1.835800e-01 6.047520e-01
916 2.113240e-01 1.833360e-01 6.053400e-01
917 2.113320e-01 1.833000e-01 6.053680e-01
918 2.120560e-01 1.833400e-01 6.046040e-01
919 2.117520e-01 1.829880e-01 6.052600e-01
920 2.117680e-01 1.826360e-01 6.055960e-01
921 2.116280e-01 1.825920e-01 6.057800e-01
922 2.114160e-01 1.829960e-01 6.055880e-01
923 2.113640e-01 1.830240e-01 6.056120e-01
924 2.120840e-01 1.830240e-01 6.048920e-01
925 2.121800e-01 1.824880e-01 6.053320e-01
926 2.126080e-01 1.820680e-01 6.053240e-01
927 2.125880e-01 1.815360e-01 6.058760e-01
928 2.128280e-01 1.812920e-01 6.058800e-01
929 2.131600e-01 1.815320e-01 6.053080e-01
930 2.125320e-01 1.821080e-01 6.053600e-01
931 2.119600e-01 1.828480e-01 6.051920e-01
932 2.115640e-01 1.826600e-01 6.057760e-01
