+1.000000e+00 +9.991730e-01 +7.305920e-04 +9.636800e-05 
+2.000000e+00 +9.985031e-01 +1.230492e-03 +2.664000e-04 
+3.000000e+00 +9.975418e-01 +1.918476e-03 +5.397000e-04 
+4.000000e+00 +9.962602e-01 +2.790312e-03 +9.494520e-04 
+5.000000e+00 +9.946351e-01 +3.835604e-03 +1.529332e-03 
+6.000000e+00 +9.926664e-01 +5.030892e-03 +2.302744e-03 
+7.000000e+00 +9.903446e-01 +6.358404e-03 +3.296996e-03 
+8.000000e+00 +9.876622e-01 +7.800936e-03 +4.536888e-03 
+9.000000e+00 +9.846061e-01 +9.360144e-03 +6.033780e-03 
+1.000000e+01 +9.811711e-01 +1.101712e-02 +7.811764e-03 
+1.100000e+01 +9.773521e-01 +1.275599e-02 +9.891900e-03 
+1.200000e+01 +9.731312e-01 +1.458612e-02 +1.228271e-02 
+1.300000e+01 +9.684878e-01 +1.651536e-02 +1.499687e-02 
+1.400000e+01 +9.634170e-01 +1.852089e-02 +1.806212e-02 
+1.500000e+01 +9.579150e-01 +2.059839e-02 +2.148665e-02 
+1.600000e+01 +9.519750e-01 +2.274877e-02 +2.527619e-02 
+1.700000e+01 +9.456024e-01 +2.495036e-02 +2.944723e-02 
+1.800000e+01 +9.387771e-01 +2.721074e-02 +3.401212e-02 
+1.900000e+01 +9.315079e-01 +2.950884e-02 +3.898330e-02 
+2.000000e+01 +9.237975e-01 +3.185548e-02 +4.434701e-02 
+2.100000e+01 +9.156320e-01 +3.424256e-02 +5.012548e-02 
+2.200000e+01 +9.070314e-01 +3.663834e-02 +5.633022e-02 
+2.300000e+01 +8.979980e-01 +3.905154e-02 +6.295045e-02 
+2.400000e+01 +8.885153e-01 +4.148423e-02 +7.000051e-02 
+2.500000e+01 +8.786100e-01 +4.391371e-02 +7.747624e-02 
+2.600000e+01 +8.682858e-01 +4.633528e-02 +8.537891e-02 
+2.700000e+01 +8.575535e-01 +4.874463e-02 +9.370188e-02 
+2.800000e+01 +8.464192e-01 +5.115164e-02 +1.024292e-01 
+2.900000e+01 +8.349021e-01 +5.351105e-02 +1.115868e-01 
+3.000000e+01 +8.230118e-01 +5.583492e-02 +1.211532e-01 
+3.100000e+01 +8.107638e-01 +5.811380e-02 +1.311224e-01 
+3.200000e+01 +7.981676e-01 +6.034556e-02 +1.414868e-01 
+3.300000e+01 +7.852529e-01 +6.251383e-02 +1.522333e-01 
+3.400000e+01 +7.720326e-01 +6.461462e-02 +1.633528e-01 
+3.500000e+01 +7.585253e-01 +6.663562e-02 +1.748391e-01 
+3.600000e+01 +7.447667e-01 +6.854361e-02 +1.866897e-01 
+3.700000e+01 +7.307493e-01 +7.039936e-02 +1.988513e-01 
+3.800000e+01 +7.164985e-01 +7.218317e-02 +2.113184e-01 
+3.900000e+01 +7.020459e-01 +7.385901e-02 +2.240951e-01 
+4.000000e+01 +6.874154e-01 +7.542560e-02 +2.371590e-01 
+4.100000e+01 +6.726166e-01 +7.688346e-02 +2.505000e-01 
+4.200000e+01 +6.576897e-01 +7.823212e-02 +2.640782e-01 
+4.300000e+01 +6.426459e-01 +7.947562e-02 +2.778785e-01 
+4.400000e+01 +6.275336e-01 +8.057598e-02 +2.918904e-01 
+4.500000e+01 +6.123247e-01 +8.159582e-02 +3.060795e-01 
+4.600000e+01 +5.970702e-01 +8.248665e-02 +3.204431e-01 
+4.700000e+01 +5.817910e-01 +8.326329e-02 +3.349458e-01 
+4.800000e+01 +5.664978e-01 +8.393051e-02 +3.495717e-01 
+4.900000e+01 +5.512232e-01 +8.446491e-02 +3.643119e-01 
+5.000000e+01 +5.359759e-01 +8.489323e-02 +3.791309e-01 
+5.100000e+01 +5.207847e-01 +8.520274e-02 +3.940126e-01 
+5.200000e+01 +5.056839e-01 +8.538098e-02 +4.089351e-01 
+5.300000e+01 +4.906725e-01 +8.543941e-02 +4.238881e-01 
+5.400000e+01 +4.757645e-01 +8.540012e-02 +4.388354e-01 
+5.500000e+01 +4.609910e-01 +8.522992e-02 +4.537791e-01 
+5.600000e+01 +4.463658e-01 +8.496635e-02 +4.686679e-01 
+5.700000e+01 +4.319062e-01 +8.458470e-02 +4.835091e-01 
+5.800000e+01 +4.176382e-01 +8.407529e-02 +4.982866e-01 
+5.900000e+01 +4.035745e-01 +8.347644e-02 +5.129491e-01 
+6.000000e+01 +3.897234e-01 +8.276979e-02 +5.275068e-01 
+6.100000e+01 +3.761098e-01 +8.196588e-02 +5.419243e-01 
+6.200000e+01 +3.627375e-01 +8.107632e-02 +5.561862e-01 
+6.300000e+01 +3.496104e-01 +8.009942e-02 +5.702901e-01 
+6.400000e+01 +3.367500e-01 +7.902668e-02 +5.842233e-01 
+6.500000e+01 +3.241620e-01 +7.787068e-02 +5.979673e-01 
+6.600000e+01 +3.118566e-01 +7.665902e-02 +6.114844e-01 
+6.700000e+01 +2.998387e-01 +7.537874e-02 +6.247826e-01 
+6.800000e+01 +2.881143e-01 +7.403554e-02 +6.378502e-01 
+6.900000e+01 +2.766975e-01 +7.261405e-02 +6.506884e-01 
+7.000000e+01 +2.655930e-01 +7.113660e-02 +6.632704e-01 
+7.100000e+01 +2.547910e-01 +6.961308e-02 +6.755959e-01 
+7.200000e+01 +2.442904e-01 +6.806856e-02 +6.876410e-01 
+7.300000e+01 +2.341178e-01 +6.646801e-02 +6.994142e-01 
+7.400000e+01 +2.242514e-01 +6.485171e-02 +7.108969e-01 
+7.500000e+01 +2.146938e-01 +6.320298e-02 +7.221033e-01 
+7.600000e+01 +2.054553e-01 +6.153282e-02 +7.330119e-01 
+7.700000e+01 +1.965443e-01 +5.983173e-02 +7.436240e-01 
+7.800000e+01 +1.879493e-01 +5.810719e-02 +7.539435e-01 
+7.900000e+01 +1.796597e-01 +5.637286e-02 +7.639675e-01 
+8.000000e+01 +1.716953e-01 +5.461578e-02 +7.736889e-01 
+8.100000e+01 +1.640246e-01 +5.288834e-02 +7.830871e-01 
+8.200000e+01 +1.566417e-01 +5.117229e-02 +7.921860e-01 
+8.300000e+01 +1.495619e-01 +4.945391e-02 +8.009841e-01 
+8.400000e+01 +1.427629e-01 +4.775267e-02 +8.094844e-01 
+8.500000e+01 +1.362570e-01 +4.604840e-02 +8.176946e-01 
+8.600000e+01 +1.300305e-01 +4.436525e-02 +8.256042e-01 
+8.700000e+01 +1.240943e-01 +4.268449e-02 +8.332212e-01 
+8.800000e+01 +1.184233e-01 +4.102904e-02 +8.405477e-01 
+8.900000e+01 +1.130147e-01 +3.940015e-02 +8.475851e-01 
+9.000000e+01 +1.078661e-01 +3.780067e-02 +8.543333e-01 
+9.100000e+01 +1.029711e-01 +3.621763e-02 +8.608112e-01 
+9.200000e+01 +9.831382e-02 +3.467064e-02 +8.670155e-01 
+9.300000e+01 +9.389672e-02 +3.316113e-02 +8.729421e-01 
+9.400000e+01 +8.969467e-02 +3.168609e-02 +8.786192e-01 
+9.500000e+01 +8.570463e-02 +3.025194e-02 +8.840434e-01 
+9.600000e+01 +8.193064e-02 +2.885755e-02 +8.892118e-01 
+9.700000e+01 +7.835644e-02 +2.750022e-02 +8.941433e-01 
+9.800000e+01 +7.498102e-02 +2.617575e-02 +8.988432e-01 
+9.900000e+01 +7.178734e-02 +2.490344e-02 +9.033092e-01 
+1.000000e+02 +6.877404e-02 +2.366599e-02 +9.075600e-01 
+1.010000e+02 +6.593656e-02 +2.246404e-02 +9.115994e-01 
+1.020000e+02 +6.325862e-02 +2.131134e-02 +9.154300e-01 
+1.030000e+02 +6.074634e-02 +2.019026e-02 +9.190634e-01 
+1.040000e+02 +5.838381e-02 +1.911194e-02 +9.225043e-01 
+1.050000e+02 +5.616647e-02 +1.808028e-02 +9.257533e-01 
+1.060000e+02 +5.408224e-02 +1.708110e-02 +9.288367e-01 
+1.070000e+02 +5.213802e-02 +1.611497e-02 +9.317470e-01 
+1.080000e+02 +5.032320e-02 +1.519200e-02 +9.344848e-01 
+1.090000e+02 +4.862159e-02 +1.431937e-02 +9.370590e-01 
+1.100000e+02 +4.703516e-02 +1.347371e-02 +9.394911e-01 
+1.110000e+02 +4.555633e-02 +1.266479e-02 +9.417789e-01 
+1.120000e+02 +4.417971e-02 +1.188875e-02 +9.439315e-01 
+1.130000e+02 +4.289780e-02 +1.115518e-02 +9.459470e-01 
+1.140000e+02 +4.170595e-02 +1.045213e-02 +9.478419e-01 
+1.150000e+02 +4.060225e-02 +9.785116e-03 +9.496126e-01 
+1.160000e+02 +3.956992e-02 +9.164092e-03 +9.512660e-01 
+1.170000e+02 +3.861720e-02 +8.567100e-03 +9.528157e-01 
+1.180000e+02 +3.773523e-02 +7.995660e-03 +9.542691e-01 
+1.190000e+02 +3.691558e-02 +7.461636e-03 +9.556228e-01 
+1.200000e+02 +3.616133e-02 +6.954700e-03 +9.568840e-01 
+1.210000e+02 +3.546753e-02 +6.472212e-03 +9.580603e-01 
+1.220000e+02 +3.482728e-02 +6.021332e-03 +9.591514e-01 
+1.230000e+02 +3.423531e-02 +5.599084e-03 +9.601656e-01 
+1.240000e+02 +3.369242e-02 +5.197504e-03 +9.611101e-01 
+1.250000e+02 +3.319385e-02 +4.821964e-03 +9.619842e-01 
+1.260000e+02 +3.273466e-02 +4.467016e-03 +9.627983e-01 
+1.270000e+02 +3.231510e-02 +4.136148e-03 +9.635488e-01 
+1.280000e+02 +3.193090e-02 +3.825368e-03 +9.642437e-01 
+1.290000e+02 +3.157905e-02 +3.535200e-03 +9.648857e-01 
+1.300000e+02 +3.125435e-02 +3.265412e-03 +9.654802e-01 
+1.310000e+02 +3.095711e-02 +3.013792e-03 +9.660291e-01 
+1.320000e+02 +3.068635e-02 +2.776888e-03 +9.665368e-01 
+1.330000e+02 +3.044076e-02 +2.558032e-03 +9.670012e-01 
+1.340000e+02 +3.021441e-02 +2.354736e-03 +9.674309e-01 
+1.350000e+02 +3.000850e-02 +2.166616e-03 +9.678249e-01 
+1.360000e+02 +2.982198e-02 +1.989688e-03 +9.681883e-01 
+1.370000e+02 +2.965113e-02 +1.827724e-03 +9.685211e-01 
+1.380000e+02 +2.949530e-02 +1.674660e-03 +9.688300e-01 
+1.390000e+02 +2.935347e-02 +1.536288e-03 +9.691102e-01 
+1.400000e+02 +2.922370e-02 +1.408832e-03 +9.693675e-01 
+1.410000e+02 +2.910709e-02 +1.289888e-03 +9.696030e-01 
+1.420000e+02 +2.900062e-02 +1.180224e-03 +9.698192e-01 
+1.430000e+02 +2.890325e-02 +1.079004e-03 +9.700177e-01 
+1.440000e+02 +2.881742e-02 +9.831200e-04 +9.701995e-01 
+1.450000e+02 +2.873883e-02 +8.980920e-04 +9.703631e-01 
+1.460000e+02 +2.866837e-02 +8.187320e-04 +9.705129e-01 
+1.470000e+02 +2.860413e-02 +7.461800e-04 +9.706497e-01 
+1.480000e+02 +2.854576e-02 +6.797040e-04 +9.707745e-01 
+1.490000e+02 +2.849339e-02 +6.186720e-04 +9.708879e-01 
+1.500000e+02 +2.844641e-02 +5.626000e-04 +9.709910e-01 
+1.510000e+02 +2.840332e-02 +5.115440e-04 +9.710851e-01 
+1.520000e+02 +2.836507e-02 +4.645720e-04 +9.711704e-01 
+1.530000e+02 +2.833086e-02 +4.212280e-04 +9.712479e-01 
+1.540000e+02 +2.830062e-02 +3.815400e-04 +9.713178e-01 
+1.550000e+02 +2.827307e-02 +3.456040e-04 +9.713813e-01 
+1.560000e+02 +2.824911e-02 +3.129920e-04 +9.714379e-01 
+1.570000e+02 +2.822823e-02 +2.818440e-04 +9.714899e-01 
+1.580000e+02 +2.820891e-02 +2.541640e-04 +9.715369e-01 
+1.590000e+02 +2.819250e-02 +2.285560e-04 +9.715789e-01 
+1.600000e+02 +2.817701e-02 +2.059960e-04 +9.716170e-01 
+1.610000e+02 +2.816389e-02 +1.846160e-04 +9.716515e-01 
+1.620000e+02 +2.815271e-02 +1.653160e-04 +9.716820e-01 
+1.630000e+02 +2.814274e-02 +1.483080e-04 +9.717090e-01 
+1.640000e+02 +2.813441e-02 +1.318720e-04 +9.717337e-01 
+1.650000e+02 +2.812734e-02 +1.174360e-04 +9.717552e-01 
+1.660000e+02 +2.812130e-02 +1.041000e-04 +9.717746e-01 
+1.670000e+02 +2.811592e-02 +9.252000e-05 +9.717916e-01 
+1.680000e+02 +2.811157e-02 +8.132000e-05 +9.718071e-01 
+1.690000e+02 +2.810791e-02 +7.152400e-05 +9.718206e-01 
+1.700000e+02 +2.810455e-02 +6.333600e-05 +9.718321e-01 
+1.710000e+02 +2.810193e-02 +5.545600e-05 +9.718426e-01 
+1.720000e+02 +2.809964e-02 +4.873200e-05 +9.718516e-01 
+1.730000e+02 +2.809755e-02 +4.300000e-05 +9.718594e-01 
+1.740000e+02 +2.809596e-02 +3.737600e-05 +9.718667e-01 
+1.750000e+02 +2.809456e-02 +3.256000e-05 +9.718729e-01 
+1.760000e+02 +2.809320e-02 +2.862000e-05 +9.718782e-01 
+1.770000e+02 +2.809216e-02 +2.484800e-05 +9.718830e-01 
+1.780000e+02 +2.809118e-02 +2.190400e-05 +9.718869e-01 
+1.790000e+02 +2.809038e-02 +1.910400e-05 +9.718905e-01 
+1.800000e+02 +2.808970e-02 +1.674000e-05 +9.718936e-01 
+1.810000e+02 +2.808903e-02 +1.476000e-05 +9.718962e-01 
+1.820000e+02 +2.808857e-02 +1.288000e-05 +9.718986e-01 
+1.830000e+02 +2.808806e-02 +1.124800e-05 +9.719007e-01 
+1.840000e+02 +2.808765e-02 +9.916000e-06 +9.719024e-01 
+1.850000e+02 +2.808734e-02 +8.756000e-06 +9.719039e-01 
+1.860000e+02 +2.808704e-02 +7.680000e-06 +9.719053e-01 
+1.870000e+02 +2.808676e-02 +6.808000e-06 +9.719064e-01 
+1.880000e+02 +2.808652e-02 +5.960000e-06 +9.719075e-01 
+1.890000e+02 +2.808631e-02 +5.280000e-06 +9.719084e-01 
+1.900000e+02 +2.808609e-02 +4.680000e-06 +9.719092e-01 
+1.910000e+02 +2.808594e-02 +4.132000e-06 +9.719099e-01 
+1.920000e+02 +2.808581e-02 +3.652000e-06 +9.719105e-01 
+1.930000e+02 +2.808569e-02 +3.220000e-06 +9.719111e-01 
+1.940000e+02 +2.808559e-02 +2.796000e-06 +9.719116e-01 
+1.950000e+02 +2.808549e-02 +2.408000e-06 +9.719121e-01 
+1.960000e+02 +2.808540e-02 +2.144000e-06 +9.719125e-01 
+1.970000e+02 +2.808536e-02 +1.884000e-06 +9.719128e-01 
+1.980000e+02 +2.808529e-02 +1.684000e-06 +9.719130e-01 
+1.990000e+02 +2.808527e-02 +1.472000e-06 +9.719133e-01 
+2.000000e+02 +2.808524e-02 +1.232000e-06 +9.719135e-01 
+2.010000e+02 +2.808522e-02 +1.044000e-06 +9.719137e-01 
+2.020000e+02 +2.808518e-02 +9.320000e-07 +9.719139e-01 
+2.030000e+02 +2.808518e-02 +8.000000e-07 +9.719140e-01 
+2.040000e+02 +2.808516e-02 +6.800000e-07 +9.719142e-01 
+2.050000e+02 +2.808516e-02 +5.920000e-07 +9.719143e-01 
+2.060000e+02 +2.808514e-02 +5.120000e-07 +9.719143e-01 
+2.070000e+02 +2.808514e-02 +4.400000e-07 +9.719144e-01 
+2.080000e+02 +2.808512e-02 +4.120000e-07 +9.719145e-01 
+2.090000e+02 +2.808512e-02 +3.520000e-07 +9.719145e-01 
+2.100000e+02 +2.808511e-02 +3.040000e-07 +9.719146e-01 
+2.110000e+02 +2.808511e-02 +2.480000e-07 +9.719146e-01 
+2.120000e+02 +2.808511e-02 +2.120000e-07 +9.719147e-01 
+2.130000e+02 +2.808511e-02 +1.960000e-07 +9.719147e-01 
+2.140000e+02 +2.808510e-02 +1.680000e-07 +9.719147e-01 
+2.150000e+02 +2.808510e-02 +1.520000e-07 +9.719147e-01 
+2.160000e+02 +2.808510e-02 +1.400000e-07 +9.719148e-01 
+2.170000e+02 +2.808510e-02 +1.280000e-07 +9.719148e-01 
+2.180000e+02 +2.808510e-02 +1.080000e-07 +9.719148e-01 
+2.190000e+02 +2.808510e-02 +1.040000e-07 +9.719148e-01 
+2.200000e+02 +2.808510e-02 +1.000000e-07 +9.719148e-01 
+2.210000e+02 +2.808510e-02 +9.600000e-08 +9.719148e-01 
+2.220000e+02 +2.808510e-02 +9.600000e-08 +9.719148e-01 
+2.230000e+02 +2.808510e-02 +9.600000e-08 +9.719148e-01 
+2.240000e+02 +2.808510e-02 +9.600000e-08 +9.719148e-01 
+2.250000e+02 +2.808510e-02 +8.800000e-08 +9.719148e-01 
+2.260000e+02 +2.808510e-02 +8.800000e-08 +9.719148e-01 
+2.270000e+02 +2.808510e-02 +8.400000e-08 +9.719148e-01 
+2.280000e+02 +2.808510e-02 +8.000000e-08 +9.719148e-01 
+2.290000e+02 +2.808510e-02 +6.800000e-08 +9.719148e-01 
+2.300000e+02 +2.808510e-02 +6.400000e-08 +9.719148e-01 
+2.310000e+02 +2.808510e-02 +6.400000e-08 +9.719148e-01 
+2.320000e+02 +2.808510e-02 +6.400000e-08 +9.719148e-01 
+2.330000e+02 +2.808510e-02 +6.400000e-08 +9.719148e-01 
+2.340000e+02 +2.808510e-02 +6.400000e-08 +9.719148e-01 
+2.350000e+02 +2.808510e-02 +6.400000e-08 +9.719148e-01 
+2.360000e+02 +2.808510e-02 +6.400000e-08 +9.719148e-01 
+2.370000e+02 +2.808510e-02 +6.400000e-08 +9.719148e-01 
+2.380000e+02 +2.808510e-02 +6.400000e-08 +9.719148e-01 
+2.390000e+02 +2.808510e-02 +6.400000e-08 +9.719148e-01 
+2.400000e+02 +2.808510e-02 +6.400000e-08 +9.719148e-01 
+2.410000e+02 +2.808510e-02 +6.400000e-08 +9.719148e-01 
+2.420000e+02 +2.808510e-02 +6.400000e-08 +9.719148e-01 
+2.430000e+02 +2.808510e-02 +6.400000e-08 +9.719148e-01 
+2.440000e+02 +2.808510e-02 +6.400000e-08 +9.719148e-01 
+2.450000e+02 +2.808510e-02 +6.400000e-08 +9.719148e-01 
+2.460000e+02 +2.808510e-02 +6.000000e-08 +9.719148e-01 
+2.470000e+02 +2.808510e-02 +6.000000e-08 +9.719148e-01 
+2.480000e+02 +2.808510e-02 +6.000000e-08 +9.719148e-01 
+2.490000e+02 +2.808510e-02 +6.000000e-08 +9.719148e-01 
+2.500000e+02 +2.808510e-02 +6.000000e-08 +9.719148e-01 
+2.510000e+02 +2.808510e-02 +6.000000e-08 +9.719148e-01 
+2.520000e+02 +2.808510e-02 +6.000000e-08 +9.719148e-01 
+2.530000e+02 +2.808510e-02 +6.000000e-08 +9.719148e-01 
+2.540000e+02 +2.808510e-02 +6.000000e-08 +9.719148e-01 
+2.550000e+02 +2.808510e-02 +6.000000e-08 +9.719148e-01 
+2.560000e+02 +2.808510e-02 +6.000000e-08 +9.719148e-01 
+2.570000e+02 +2.808510e-02 +6.000000e-08 +9.719148e-01 
+2.580000e+02 +2.808510e-02 +6.000000e-08 +9.719148e-01 
+2.590000e+02 +2.808510e-02 +6.000000e-08 +9.719148e-01 
+2.600000e+02 +2.808510e-02 +6.000000e-08 +9.719148e-01 
+2.610000e+02 +2.808510e-02 +6.000000e-08 +9.719148e-01 
+2.620000e+02 +2.808510e-02 +6.000000e-08 +9.719148e-01 
+2.630000e+02 +2.808510e-02 +6.000000e-08 +9.719148e-01 
+2.640000e+02 +2.808510e-02 +6.000000e-08 +9.719148e-01 
+2.650000e+02 +2.808510e-02 +6.000000e-08 +9.719148e-01 
+2.660000e+02 +2.808510e-02 +6.000000e-08 +9.719148e-01 
+2.670000e+02 +2.808510e-02 +6.000000e-08 +9.719148e-01 
+2.680000e+02 +2.808510e-02 +6.000000e-08 +9.719148e-01 
+2.690000e+02 +2.808510e-02 +6.000000e-08 +9.719148e-01 
+2.700000e+02 +2.808510e-02 +6.000000e-08 +9.719148e-01 
+2.710000e+02 +2.808510e-02 +6.000000e-08 +9.719148e-01 
+2.720000e+02 +2.808510e-02 +6.000000e-08 +9.719148e-01 
+2.730000e+02 +2.808510e-02 +6.000000e-08 +9.719148e-01 
+2.740000e+02 +2.808510e-02 +6.000000e-08 +9.719148e-01 
+2.750000e+02 +2.808510e-02 +6.000000e-08 +9.719148e-01 
+2.760000e+02 +2.808510e-02 +6.000000e-08 +9.719148e-01 
+2.770000e+02 +2.808510e-02 +6.000000e-08 +9.719148e-01 
+2.780000e+02 +2.808510e-02 +6.000000e-08 +9.719148e-01 
+2.790000e+02 +2.808510e-02 +6.000000e-08 +9.719148e-01 
+2.800000e+02 +2.808510e-02 +6.000000e-08 +9.719148e-01 
+2.810000e+02 +2.808510e-02 +6.000000e-08 +9.719148e-01 
+2.820000e+02 +2.808510e-02 +6.000000e-08 +9.719148e-01 
+2.830000e+02 +2.808510e-02 +6.000000e-08 +9.719148e-01 
+2.840000e+02 +2.808510e-02 +6.000000e-08 +9.719148e-01 
+2.850000e+02 +2.808510e-02 +6.000000e-08 +9.719148e-01 
+2.860000e+02 +2.808510e-02 +6.000000e-08 +9.719148e-01 
+2.870000e+02 +2.808510e-02 +6.000000e-08 +9.719148e-01 
+2.880000e+02 +2.808510e-02 +6.000000e-08 +9.719148e-01 
+2.890000e+02 +2.808510e-02 +6.000000e-08 +9.719148e-01 
+2.900000e+02 +2.808510e-02 +6.000000e-08 +9.719148e-01 
+2.910000e+02 +2.808510e-02 +6.000000e-08 +9.719148e-01 
+2.920000e+02 +2.808510e-02 +6.000000e-08 +9.719148e-01 
+2.930000e+02 +2.808510e-02 +6.000000e-08 +9.719148e-01 
+2.940000e+02 +2.808510e-02 +6.000000e-08 +9.719148e-01 
+2.950000e+02 +2.808510e-02 +6.000000e-08 +9.719148e-01 
+2.960000e+02 +2.808510e-02 +6.000000e-08 +9.719148e-01 
+2.970000e+02 +2.808510e-02 +6.000000e-08 +9.719148e-01 
+2.980000e+02 +2.808510e-02 +6.000000e-08 +9.719148e-01 
+2.990000e+02 +2.808510e-02 +6.000000e-08 +9.719148e-01 
+3.000000e+02 +2.808510e-02 +6.000000e-08 +9.719148e-01 
+3.010000e+02 +2.808510e-02 +6.000000e-08 +9.719148e-01 
+3.020000e+02 +2.808510e-02 +6.000000e-08 +9.719148e-01 
+3.030000e+02 +2.808510e-02 +6.000000e-08 +9.719148e-01 
+3.040000e+02 +2.808510e-02 +6.000000e-08 +9.719148e-01 
+3.050000e+02 +2.808510e-02 +6.000000e-08 +9.719148e-01 
+3.060000e+02 +2.808510e-02 +6.000000e-08 +9.719148e-01 
+3.070000e+02 +2.808510e-02 +6.000000e-08 +9.719148e-01 
+3.080000e+02 +2.808510e-02 +6.000000e-08 +9.719148e-01 
+3.090000e+02 +2.808510e-02 +6.000000e-08 +9.719148e-01 
+3.100000e+02 +2.808510e-02 +6.000000e-08 +9.719148e-01 
+3.110000e+02 +2.808510e-02 +6.000000e-08 +9.719148e-01 
+3.120000e+02 +2.808510e-02 +6.000000e-08 +9.719148e-01 
+3.130000e+02 +2.808510e-02 +6.000000e-08 +9.719148e-01 
+3.140000e+02 +2.808510e-02 +6.000000e-08 +9.719148e-01 
+3.150000e+02 +2.808510e-02 +6.000000e-08 +9.719148e-01 
+3.160000e+02 +2.808510e-02 +6.000000e-08 +9.719148e-01 
+3.170000e+02 +2.808510e-02 +6.000000e-08 +9.719148e-01 
+3.180000e+02 +2.808510e-02 +6.000000e-08 +9.719148e-01 
+3.190000e+02 +2.808510e-02 +6.000000e-08 +9.719148e-01 
+3.200000e+02 +2.808510e-02 +6.000000e-08 +9.719148e-01 
+3.210000e+02 +2.808510e-02 +6.000000e-08 +9.719148e-01 
+3.220000e+02 +2.808510e-02 +6.000000e-08 +9.719148e-01 
+3.230000e+02 +2.808510e-02 +6.000000e-08 +9.719148e-01 
+3.240000e+02 +2.808510e-02 +6.000000e-08 +9.719148e-01 
+3.250000e+02 +2.808510e-02 +6.000000e-08 +9.719148e-01 
+3.260000e+02 +2.808510e-02 +6.000000e-08 +9.719148e-01 
+3.270000e+02 +2.808510e-02 +6.000000e-08 +9.719148e-01 
+3.280000e+02 +2.808510e-02 +6.000000e-08 +9.719148e-01 
+3.290000e+02 +2.808510e-02 +6.000000e-08 +9.719148e-01 
+3.300000e+02 +2.808510e-02 +6.000000e-08 +9.719148e-01 
+3.310000e+02 +2.808510e-02 +6.000000e-08 +9.719148e-01 
+3.320000e+02 +2.808510e-02 +6.000000e-08 +9.719148e-01 
+3.330000e+02 +2.808510e-02 +6.000000e-08 +9.719148e-01 
+3.340000e+02 +2.808510e-02 +6.000000e-08 +9.719148e-01 
+3.350000e+02 +2.808510e-02 +6.000000e-08 +9.719148e-01 
+3.360000e+02 +2.808510e-02 +6.000000e-08 +9.719148e-01 
+3.370000e+02 +2.808510e-02 +6.000000e-08 +9.719148e-01 
+3.380000e+02 +2.808510e-02 +6.000000e-08 +9.719148e-01 
+3.390000e+02 +2.808510e-02 +6.000000e-08 +9.719148e-01 
+3.400000e+02 +2.808510e-02 +6.000000e-08 +9.719148e-01 
+3.410000e+02 +2.808510e-02 +6.000000e-08 +9.719148e-01 
+3.420000e+02 +2.808510e-02 +6.000000e-08 +9.719148e-01 
+3.430000e+02 +2.808510e-02 +6.000000e-08 +9.719148e-01 
+3.440000e+02 +2.808510e-02 +6.000000e-08 +9.719148e-01 
+3.450000e+02 +2.808510e-02 +6.000000e-08 +9.719148e-01 
+3.460000e+02 +2.808510e-02 +6.000000e-08 +9.719148e-01 
+3.470000e+02 +2.808510e-02 +6.000000e-08 +9.719148e-01 
+3.480000e+02 +2.808510e-02 +6.000000e-08 +9.719148e-01 
+3.490000e+02 +2.808510e-02 +6.000000e-08 +9.719148e-01 
+3.500000e+02 +2.808510e-02 +6.000000e-08 +9.719148e-01 
+3.510000e+02 +2.808510e-02 +6.000000e-08 +9.719148e-01 
+3.520000e+02 +2.808510e-02 +6.000000e-08 +9.719148e-01 
+3.530000e+02 +2.808510e-02 +6.000000e-08 +9.719148e-01 
+3.540000e+02 +2.808510e-02 +6.000000e-08 +9.719148e-01 
+3.550000e+02 +2.808510e-02 +6.000000e-08 +9.719148e-01 
+3.560000e+02 +2.808510e-02 +6.000000e-08 +9.719148e-01 
+3.570000e+02 +2.808510e-02 +6.000000e-08 +9.719148e-01 
+3.580000e+02 +2.808510e-02 +6.000000e-08 +9.719148e-01 
+3.590000e+02 +2.808510e-02 +6.000000e-08 +9.719148e-01 
+3.600000e+02 +2.808510e-02 +6.000000e-08 +9.719148e-01 
+3.610000e+02 +2.808510e-02 +6.000000e-08 +9.719148e-01 
+3.620000e+02 +2.808510e-02 +6.000000e-08 +9.719148e-01 
+3.630000e+02 +2.808510e-02 +6.000000e-08 +9.719148e-01 
+3.640000e+02 +2.808510e-02 +6.000000e-08 +9.719148e-01 
+3.650000e+02 +2.808510e-02 +6.000000e-08 +9.719148e-01 
+3.660000e+02 +2.808510e-02 +6.000000e-08 +9.719148e-01 
+3.670000e+02 +2.808510e-02 +6.000000e-08 +9.719148e-01 
+3.680000e+02 +2.808510e-02 +6.000000e-08 +9.719148e-01 
+3.690000e+02 +2.808510e-02 +6.000000e-08 +9.719148e-01 
+3.700000e+02 +2.808510e-02 +6.000000e-08 +9.719148e-01 
+3.710000e+02 +2.808510e-02 +6.000000e-08 +9.719148e-01 
+3.720000e+02 +2.808510e-02 +6.000000e-08 +9.719148e-01 
+3.730000e+02 +2.808510e-02 +6.000000e-08 +9.719148e-01 
+3.740000e+02 +2.808510e-02 +6.000000e-08 +9.719148e-01 
+3.750000e+02 +2.808510e-02 +6.000000e-08 +9.719148e-01 
+3.760000e+02 +2.808510e-02 +6.000000e-08 +9.719148e-01 
+3.770000e+02 +2.808510e-02 +6.000000e-08 +9.719148e-01 
+3.780000e+02 +2.808510e-02 +6.000000e-08 +9.719148e-01 
+3.790000e+02 +2.808510e-02 +6.000000e-08 +9.719148e-01 
+3.800000e+02 +2.808510e-02 +6.000000e-08 +9.719148e-01 
+3.810000e+02 +2.808510e-02 +6.000000e-08 +9.719148e-01 
+3.820000e+02 +2.808510e-02 +6.000000e-08 +9.719148e-01 
+3.830000e+02 +2.808510e-02 +6.000000e-08 +9.719148e-01 
+3.840000e+02 +2.808510e-02 +6.000000e-08 +9.719148e-01 
+3.850000e+02 +2.808510e-02 +6.000000e-08 +9.719148e-01 
+3.860000e+02 +2.808510e-02 +6.000000e-08 +9.719148e-01 
+3.870000e+02 +2.808510e-02 +6.000000e-08 +9.719148e-01 
+3.880000e+02 +2.808510e-02 +6.000000e-08 +9.719148e-01 
+3.890000e+02 +2.808510e-02 +6.000000e-08 +9.719148e-01 
+3.900000e+02 +2.808510e-02 +6.000000e-08 +9.719148e-01 
+3.910000e+02 +2.808510e-02 +6.000000e-08 +9.719148e-01 
+3.920000e+02 +2.808510e-02 +6.000000e-08 +9.719148e-01 
+3.930000e+02 +2.808510e-02 +6.000000e-08 +9.719148e-01 
+3.940000e+02 +2.808510e-02 +6.000000e-08 +9.719148e-01 
+3.950000e+02 +2.808510e-02 +6.000000e-08 +9.719148e-01 
+3.960000e+02 +2.808510e-02 +6.000000e-08 +9.719148e-01 
+3.970000e+02 +2.808510e-02 +6.000000e-08 +9.719148e-01 
+3.980000e+02 +2.808510e-02 +6.000000e-08 +9.719148e-01 
+3.990000e+02 +2.808510e-02 +6.000000e-08 +9.719148e-01 
+4.000000e+02 +2.808510e-02 +6.000000e-08 +9.719148e-01 
+4.010000e+02 +2.808510e-02 +6.000000e-08 +9.719148e-01 
+4.020000e+02 +2.808510e-02 +6.000000e-08 +9.719148e-01 
+4.030000e+02 +2.808510e-02 +6.000000e-08 +9.719148e-01 
+4.040000e+02 +2.808510e-02 +6.000000e-08 +9.719148e-01 
+4.050000e+02 +2.808510e-02 +6.000000e-08 +9.719148e-01 
+4.060000e+02 +2.808510e-02 +6.000000e-08 +9.719148e-01 
+4.070000e+02 +2.808510e-02 +6.000000e-08 +9.719148e-01 
+4.080000e+02 +2.808510e-02 +6.000000e-08 +9.719148e-01 
+4.090000e+02 +2.808510e-02 +6.000000e-08 +9.719148e-01 
+4.100000e+02 +2.808510e-02 +6.000000e-08 +9.719148e-01 
+4.110000e+02 +2.808510e-02 +6.000000e-08 +9.719148e-01 
+4.120000e+02 +2.808510e-02 +6.000000e-08 +9.719148e-01 
+4.130000e+02 +2.808510e-02 +6.000000e-08 +9.719148e-01 
+4.140000e+02 +2.808510e-02 +6.000000e-08 +9.719148e-01 
+4.150000e+02 +2.808510e-02 +6.000000e-08 +9.719148e-01 
+4.160000e+02 +2.808510e-02 +6.000000e-08 +9.719148e-01 
+4.170000e+02 +2.808510e-02 +6.000000e-08 +9.719148e-01 
+4.180000e+02 +2.808510e-02 +6.000000e-08 +9.719148e-01 
+4.190000e+02 +2.808510e-02 +6.000000e-08 +9.719148e-01 
+4.200000e+02 +2.808510e-02 +6.000000e-08 +9.719148e-01 
+4.210000e+02 +2.808510e-02 +6.000000e-08 +9.719148e-01 
+4.220000e+02 +2.808510e-02 +6.000000e-08 +9.719148e-01 
+4.230000e+02 +2.808510e-02 +6.000000e-08 +9.719148e-01 
+4.240000e+02 +2.808510e-02 +6.000000e-08 +9.719148e-01 
+4.250000e+02 +2.808510e-02 +6.000000e-08 +9.719148e-01 
+4.260000e+02 +2.808510e-02 +6.000000e-08 +9.719148e-01 
+4.270000e+02 +2.808510e-02 +6.000000e-08 +9.719148e-01 
+4.280000e+02 +2.808510e-02 +6.000000e-08 +9.719148e-01 
+4.290000e+02 +2.808510e-02 +6.000000e-08 +9.719148e-01 
+4.300000e+02 +2.808510e-02 +6.000000e-08 +9.719148e-01 
+4.310000e+02 +2.808510e-02 +6.000000e-08 +9.719148e-01 
+4.320000e+02 +2.808510e-02 +6.000000e-08 +9.719148e-01 
+4.330000e+02 +2.808510e-02 +6.000000e-08 +9.719148e-01 
+4.340000e+02 +2.808510e-02 +6.000000e-08 +9.719148e-01 
+4.350000e+02 +2.808510e-02 +6.000000e-08 +9.719148e-01 
+4.360000e+02 +2.808510e-02 +6.000000e-08 +9.719148e-01 
+4.370000e+02 +2.808510e-02 +6.000000e-08 +9.719148e-01 
+4.380000e+02 +2.808510e-02 +6.000000e-08 +9.719148e-01 
+4.390000e+02 +2.808510e-02 +6.000000e-08 +9.719148e-01 
+4.400000e+02 +2.808510e-02 +6.000000e-08 +9.719148e-01 
+4.410000e+02 +2.808510e-02 +6.000000e-08 +9.719148e-01 
+4.420000e+02 +2.808510e-02 +6.000000e-08 +9.719148e-01 
+4.430000e+02 +2.808510e-02 +6.000000e-08 +9.719148e-01 
+4.440000e+02 +2.808510e-02 +6.000000e-08 +9.719148e-01 
+4.450000e+02 +2.808510e-02 +6.000000e-08 +9.719148e-01 
+4.460000e+02 +2.808510e-02 +6.000000e-08 +9.719148e-01 
+4.470000e+02 +2.808510e-02 +6.000000e-08 +9.719148e-01 
+4.480000e+02 +2.808510e-02 +6.000000e-08 +9.719148e-01 
+4.490000e+02 +2.808510e-02 +6.000000e-08 +9.719148e-01 
+4.500000e+02 +2.808510e-02 +6.000000e-08 +9.719148e-01 
+4.510000e+02 +2.808510e-02 +6.000000e-08 +9.719148e-01 
+4.520000e+02 +2.808510e-02 +6.000000e-08 +9.719148e-01 
+4.530000e+02 +2.808510e-02 +6.000000e-08 +9.719148e-01 
+4.540000e+02 +2.808510e-02 +6.000000e-08 +9.719148e-01 
+4.550000e+02 +2.808510e-02 +6.000000e-08 +9.719148e-01 
+4.560000e+02 +2.808510e-02 +6.000000e-08 +9.719148e-01 
+4.570000e+02 +2.808510e-02 +6.000000e-08 +9.719148e-01 
+4.580000e+02 +2.808510e-02 +6.000000e-08 +9.719148e-01 
+4.590000e+02 +2.808510e-02 +6.000000e-08 +9.719148e-01 
+4.600000e+02 +2.808510e-02 +6.000000e-08 +9.719148e-01 
+4.610000e+02 +2.808510e-02 +6.000000e-08 +9.719148e-01 
+4.620000e+02 +2.808510e-02 +6.000000e-08 +9.719148e-01 
+4.630000e+02 +2.808510e-02 +6.000000e-08 +9.719148e-01 
+4.640000e+02 +2.808510e-02 +6.000000e-08 +9.719148e-01 
+4.650000e+02 +2.808510e-02 +6.000000e-08 +9.719148e-01 
+4.660000e+02 +2.808510e-02 +6.000000e-08 +9.719148e-01 
+4.670000e+02 +2.808510e-02 +6.000000e-08 +9.719148e-01 
+4.680000e+02 +2.808510e-02 +6.000000e-08 +9.719148e-01 
+4.690000e+02 +2.808510e-02 +6.000000e-08 +9.719148e-01 
+4.700000e+02 +2.808510e-02 +6.000000e-08 +9.719148e-01 
+4.710000e+02 +2.808510e-02 +6.000000e-08 +9.719148e-01 
+4.720000e+02 +2.808510e-02 +6.000000e-08 +9.719148e-01 
+4.730000e+02 +2.808510e-02 +6.000000e-08 +9.719148e-01 
+4.740000e+02 +2.808510e-02 +6.000000e-08 +9.719148e-01 
+4.750000e+02 +2.808510e-02 +6.000000e-08 +9.719148e-01 
+4.760000e+02 +2.808510e-02 +6.000000e-08 +9.719148e-01 
+4.770000e+02 +2.808510e-02 +6.000000e-08 +9.719148e-01 
+4.780000e+02 +2.808510e-02 +6.000000e-08 +9.719148e-01 
+4.790000e+02 +2.808510e-02 +6.000000e-08 +9.719148e-01 
+4.800000e+02 +2.808510e-02 +6.000000e-08 +9.719148e-01 
+4.810000e+02 +2.808510e-02 +6.000000e-08 +9.719148e-01 
+4.820000e+02 +2.808510e-02 +6.000000e-08 +9.719148e-01 
+4.830000e+02 +2.808510e-02 +6.000000e-08 +9.719148e-01 
+4.840000e+02 +2.808510e-02 +6.000000e-08 +9.719148e-01 
+4.850000e+02 +2.808510e-02 +6.000000e-08 +9.719148e-01 
+4.860000e+02 +2.808510e-02 +6.000000e-08 +9.719148e-01 
+4.870000e+02 +2.808510e-02 +6.000000e-08 +9.719148e-01 
+4.880000e+02 +2.808510e-02 +6.000000e-08 +9.719148e-01 
+4.890000e+02 +2.808510e-02 +6.000000e-08 +9.719148e-01 
+4.900000e+02 +2.808510e-02 +6.000000e-08 +9.719148e-01 
+4.910000e+02 +2.808510e-02 +6.000000e-08 +9.719148e-01 
+4.920000e+02 +2.808510e-02 +6.000000e-08 +9.719148e-01 
+4.930000e+02 +2.808510e-02 +6.000000e-08 +9.719148e-01 
+4.940000e+02 +2.808510e-02 +6.000000e-08 +9.719148e-01 
+4.950000e+02 +2.808510e-02 +6.000000e-08 +9.719148e-01 
+4.960000e+02 +2.808510e-02 +6.000000e-08 +9.719148e-01 
+4.970000e+02 +2.808510e-02 +6.000000e-08 +9.719148e-01 
+4.980000e+02 +2.808510e-02 +6.000000e-08 +9.719148e-01 
+4.990000e+02 +2.808510e-02 +6.000000e-08 +9.719148e-01 
+5.000000e+02 +2.808510e-02 +6.000000e-08 +9.719148e-01 
