1 9.992280e-01 7.000000e-04 7.200000e-05
2 9.983240e-01 1.448000e-03 2.280000e-04
3 9.968960e-01 2.576000e-03 5.280000e-04
4 9.944680e-01 4.476000e-03 1.056000e-03
5 9.905760e-01 7.560000e-03 1.864000e-03
6 9.851240e-01 1.160400e-02 3.272000e-03
7 9.771080e-01 1.734000e-02 5.552000e-03
8 9.668400e-01 2.436400e-02 8.796000e-03
9 9.540240e-01 3.303200e-02 1.294400e-02
10 9.379000e-01 4.350400e-02 1.859600e-02
11 9.195880e-01 5.519600e-02 2.521600e-02
12 8.978880e-01 6.866800e-02 3.344400e-02
13 8.743640e-01 8.205600e-02 4.358000e-02
14 8.491560e-01 9.554400e-02 5.530000e-02
15 8.227400e-01 1.090360e-01 6.822400e-02
16 7.950240e-01 1.228920e-01 8.208400e-02
17 7.651520e-01 1.374840e-01 9.736400e-02
18 7.357560e-01 1.504920e-01 1.137520e-01
19 7.058600e-01 1.629160e-01 1.312240e-01
20 6.765160e-01 1.741720e-01 1.493120e-01
21 6.472240e-01 1.843800e-01 1.683960e-01
22 6.188280e-01 1.941480e-01 1.870240e-01
23 5.918680e-01 2.022600e-01 2.058720e-01
24 5.649920e-01 2.108560e-01 2.241520e-01
25 5.393920e-01 2.176640e-01 2.429440e-01
26 5.151880e-01 2.235640e-01 2.612480e-01
27 4.919960e-01 2.281160e-01 2.798880e-01
28 4.704200e-01 2.313600e-01 2.982200e-01
29 4.491400e-01 2.353280e-01 3.155320e-01
30 4.300960e-01 2.377480e-01 3.321560e-01
31 4.117400e-01 2.399720e-01 3.482880e-01
32 3.945560e-01 2.410720e-01 3.643720e-01
33 3.795240e-01 2.413280e-01 3.791480e-01
34 3.651440e-01 2.414480e-01 3.934080e-01
35 3.511560e-01 2.416800e-01 4.071640e-01
36 3.383440e-01 2.407800e-01 4.208760e-01
37 3.271400e-01 2.390920e-01 4.337680e-01
38 3.170880e-01 2.375120e-01 4.454000e-01
39 3.077520e-01 2.360800e-01 4.561680e-01
40 2.995840e-01 2.337120e-01 4.667040e-01
41 2.920440e-01 2.320600e-01 4.758960e-01
42 2.848760e-01 2.300200e-01 4.851040e-01
43 2.782040e-01 2.279600e-01 4.938360e-01
44 2.727240e-01 2.251080e-01 5.021680e-01
45 2.679760e-01 2.228320e-01 5.091920e-01
46 2.635720e-01 2.201680e-01 5.162600e-01
47 2.590760e-01 2.176760e-01 5.232480e-01
48 2.556480e-01 2.148960e-01 5.294560e-01
49 2.518800e-01 2.128200e-01 5.353000e-01
50 2.488440e-01 2.109120e-01 5.402440e-01
51 2.461680e-01 2.088800e-01 5.449520e-01
52 2.431320e-01 2.070040e-01 5.498640e-01
53 2.404160e-01 2.051720e-01 5.544120e-01
54 2.383080e-01 2.031960e-01 5.584960e-01
55 2.365280e-01 2.018560e-01 5.616160e-01
56 2.346960e-01 2.004080e-01 5.648960e-01
57 2.329640e-01 1.994440e-01 5.675920e-01
58 2.313400e-01 1.993720e-01 5.692880e-01
59 2.290960e-01 1.984440e-01 5.724600e-01
60 2.275960e-01 1.980560e-01 5.743480e-01
61 2.268680e-01 1.973960e-01 5.757360e-01
62 2.254880e-01 1.964480e-01 5.780640e-01
63 2.245080e-01 1.951920e-01 5.803000e-01
64 2.231800e-01 1.944200e-01 5.824000e-01
65 2.227080e-01 1.935800e-01 5.837120e-01
66 2.212080e-01 1.931360e-01 5.856560e-01
67 2.206160e-01 1.919960e-01 5.873880e-01
68 2.200040e-01 1.915400e-01 5.884560e-01
69 2.205000e-01 1.898680e-01 5.896320e-01
70 2.198560e-01 1.889720e-01 5.911720e-01
71 2.195640e-01 1.877480e-01 5.926880e-01
72 2.199280e-01 1.865320e-01 5.935400e-01
73 2.199520e-01 1.858040e-01 5.942440e-01
74 2.206080e-01 1.839920e-01 5.954000e-01
75 2.210400e-01 1.830800e-01 5.958800e-01
76 2.211160e-01 1.823680e-01 5.965160e-01
77 2.214680e-01 1.816480e-01 5.968840e-01
78 2.220840e-01 1.801480e-01 5.977680e-01
79 2.221080e-01 1.798920e-01 5.980000e-01
80 2.225360e-01 1.792920e-01 5.981720e-01
81 2.228800e-01 1.790080e-01 5.981120e-01
82 2.231920e-01 1.787640e-01 5.980440e-01
83 2.237680e-01 1.791760e-01 5.970560e-01
84 2.239400e-01 1.797760e-01 5.962840e-01
85 2.242400e-01 1.800680e-01 5.956920e-01
86 2.242360e-01 1.793280e-01 5.964360e-01
87 2.240640e-01 1.798120e-01 5.961240e-01
88 2.239280e-01 1.804280e-01 5.956440e-01
89 2.238400e-01 1.801760e-01 5.959840e-01
90 2.236440e-01 1.803760e-01 5.959800e-01
91 2.237800e-01 1.803760e-01 5.958440e-01
92 2.242600e-01 1.805080e-01 5.952320e-01
93 2.236000e-01 1.805360e-01 5.958640e-01
94 2.239920e-01 1.798720e-01 5.961360e-01
95 2.239440e-01 1.795280e-01 5.965280e-01
96 2.245000e-01 1.790080e-01 5.964920e-01
97 2.244720e-01 1.793440e-01 5.961840e-01
98 2.248560e-01 1.794520e-01 5.956920e-01
99 2.249080e-01 1.798080e-01 5.952840e-01
100 2.255040e-01 1.791760e-01 5.953200e-01
101 2.254720e-01 1.791400e-01 5.953880e-01
102 2.255280e-01 1.785000e-01 5.959720e-01
103 2.266600e-01 1.782120e-01 5.951280e-01
104 2.264840e-01 1.784360e-01 5.950800e-01
105 2.263000e-01 1.787480e-01 5.949520e-01
106 2.258040e-01 1.791000e-01 5.950960e-01
107 2.252840e-01 1.792200e-01 5.954960e-01
108 2.256160e-01 1.792680e-01 5.951160e-01
109 2.254240e-01 1.794160e-01 5.951600e-01
110 2.256160e-01 1.787640e-01 5.956200e-01
111 2.248120e-01 1.788280e-01 5.963600e-01
112 2.254360e-01 1.784840e-01 5.960800e-01
113 2.258200e-01 1.782480e-01 5.959320e-01
114 2.257720e-01 1.782840e-01 5.959440e-01
115 2.256920e-01 1.780040e-01 5.963040e-01
116 2.264320e-01 1.778560e-01 5.957120e-01
117 2.268280e-01 1.776000e-01 5.955720e-01
118 2.267360e-01 1.774480e-01 5.958160e-01
119 2.267400e-01 1.776800e-01 5.955800e-01
120 2.264520e-01 1.781040e-01 5.954440e-01
121 2.264560e-01 1.779240e-01 5.956200e-01
122 2.263680e-01 1.778400e-01 5.957920e-01
123 2.261560e-01 1.780480e-01 5.957960e-01
124 2.262880e-01 1.778640e-01 5.958480e-01
125 2.267480e-01 1.772960e-01 5.959560e-01
126 2.270840e-01 1.770560e-01 5.958600e-01
127 2.269360e-01 1.772960e-01 5.957680e-01
128 2.270560e-01 1.773560e-01 5.955880e-01
129 2.271360e-01 1.772520e-01 5.956120e-01
130 2.271200e-01 1.773360e-01 5.955440e-01
131 2.267640e-01 1.775480e-01 5.956880e-01
132 2.271040e-01 1.775880e-01 5.953080e-01
133 2.269480e-01 1.779400e-01 5.951120e-01
134 2.265440e-01 1.785560e-01 5.949000e-01
135 2.267680e-01 1.783120e-01 5.949200e-01
136 2.268320e-01 1.784120e-01 5.947560e-01
137 2.261240e-01 1.787560e-01 5.951200e-01
138 2.263560e-01 1.785800e-01 5.950640e-01
139 2.261480e-01 1.785800e-01 5.952720e-01
140 2.263000e-01 1.782440e-01 5.954560e-01
141 2.269160e-01 1.779200e-01 5.951640e-01
142 2.269200e-01 1.773520e-01 5.957280e-01
143 2.265240e-01 1.776080e-01 5.958680e-01
144 2.262520e-01 1.781240e-01 5.956240e-01
145 2.259960e-01 1.784040e-01 5.956000e-01
146 2.254640e-01 1.786640e-01 5.958720e-01
147 2.252600e-01 1.789280e-01 5.958120e-01
148 2.251720e-01 1.790360e-01 5.957920e-01
149 2.254720e-01 1.785440e-01 5.959840e-01
150 2.255440e-01 1.786560e-01 5.958000e-01
151 2.254800e-01 1.784760e-01 5.960440e-01
152 2.257240e-01 1.780200e-01 5.962560e-01
153 2.256440e-01 1.780000e-01 5.963560e-01
154 2.255640e-01 1.774640e-01 5.969720e-01
155 2.262080e-01 1.762680e-01 5.975240e-01
156 2.267920e-01 1.764040e-01 5.968040e-01
157 2.275560e-01 1.766720e-01 5.957720e-01
158 2.278240e-01 1.773920e-01 5.947840e-01
159 2.276320e-01 1.779400e-01 5.944280e-01
160 2.273720e-01 1.780200e-01 5.946080e-01
161 2.274040e-01 1.781960e-01 5.944000e-01
162 2.275400e-01 1.786520e-01 5.938080e-01
163 2.273600e-01 1.793040e-01 5.933360e-01
164 2.277200e-01 1.794720e-01 5.928080e-01
165 2.275200e-01 1.794280e-01 5.930520e-01
166 2.273960e-01 1.799200e-01 5.926840e-01
167 2.268080e-01 1.803360e-01 5.928560e-01
168 2.269280e-01 1.796760e-01 5.933960e-01
169 2.264400e-01 1.797840e-01 5.937760e-01
170 2.262400e-01 1.792880e-01 5.944720e-01
171 2.254360e-01 1.797560e-01 5.948080e-01
172 2.252080e-01 1.796040e-01 5.951880e-01
173 2.242120e-01 1.798320e-01 5.959560e-01
174 2.241400e-01 1.795800e-01 5.962800e-01
175 2.245000e-01 1.791640e-01 5.963360e-01
176 2.237080e-01 1.793600e-01 5.969320e-01
177 2.236840e-01 1.791560e-01 5.971600e-01
178 2.246440e-01 1.786760e-01 5.966800e-01
179 2.249640e-01 1.783920e-01 5.966440e-01
180 2.250080e-01 1.782880e-01 5.967040e-01
181 2.256640e-01 1.778760e-01 5.964600e-01
182 2.258920e-01 1.781320e-01 5.959760e-01
183 2.252800e-01 1.791040e-01 5.956160e-01
184 2.250680e-01 1.789400e-01 5.959920e-01
185 2.256400e-01 1.781680e-01 5.961920e-01
186 2.255520e-01 1.786080e-01 5.958400e-01
187 2.253640e-01 1.786240e-01 5.960120e-01
188 2.256200e-01 1.789240e-01 5.954560e-01
189 2.257640e-01 1.791800e-01 5.950560e-01
190 2.259080e-01 1.791560e-01 5.949360e-01
191 2.256840e-01 1.797600e-01 5.945560e-01
192 2.255800e-01 1.800120e-01 5.944080e-01
193 2.258160e-01 1.796120e-01 5.945720e-01
194 2.259000e-01 1.787560e-01 5.953440e-01
195 2.264080e-01 1.786760e-01 5.949160e-01
196 2.260240e-01 1.789240e-01 5.950520e-01
197 2.258600e-01 1.788080e-01 5.953320e-01
198 2.263480e-01 1.785320e-01 5.951200e-01
199 2.263120e-01 1.786720e-01 5.950160e-01
200 2.264080e-01 1.783120e-01 5.952800e-01
201 2.270440e-01 1.782800e-01 5.946760e-01
202 2.268440e-01 1.782640e-01 5.948920e-01
203 2.269760e-01 1.784600e-01 5.945640e-01
204 2.274280e-01 1.779920e-01 5.945800e-01
205 2.276840e-01 1.781400e-01 5.941760e-01
206 2.275080e-01 1.790200e-01 5.934720e-01
207 2.273440e-01 1.790480e-01 5.936080e-01
208 2.268240e-01 1.790480e-01 5.941280e-01
209 2.268120e-01 1.796320e-01 5.935560e-01
210 2.272840e-01 1.796360e-01 5.930800e-01
211 2.277920e-01 1.791480e-01 5.930600e-01
212 2.275680e-01 1.788920e-01 5.935400e-01
213 2.279320e-01 1.786840e-01 5.933840e-01
214 2.271640e-01 1.794240e-01 5.934120e-01
215 2.263440e-01 1.802840e-01 5.933720e-01
216 2.259760e-01 1.799200e-01 5.941040e-01
217 2.248400e-01 1.807400e-01 5.944200e-01
218 2.242000e-01 1.811880e-01 5.946120e-01
219 2.241680e-01 1.809360e-01 5.948960e-01
220 2.234520e-01 1.806280e-01 5.959200e-01
221 2.234320e-01 1.802240e-01 5.963440e-01
222 2.236720e-01 1.796280e-01 5.967000e-01
223 2.235760e-01 1.801000e-01 5.963240e-01
224 2.238840e-01 1.796720e-01 5.964440e-01
225 2.240840e-01 1.791600e-01 5.967560e-01
226 2.240280e-01 1.787480e-01 5.972240e-01
227 2.236760e-01 1.789640e-01 5.973600e-01
228 2.234000e-01 1.788720e-01 5.977280e-01
229 2.238480e-01 1.788160e-01 5.973360e-01
230 2.235800e-01 1.788680e-01 5.975520e-01
231 2.233840e-01 1.784120e-01 5.982040e-01
232 2.239520e-01 1.774360e-01 5.986120e-01
233 2.241560e-01 1.769680e-01 5.988760e-01
234 2.242080e-01 1.770440e-01 5.987480e-01
235 2.241920e-01 1.771160e-01 5.986920e-01
236 2.246960e-01 1.767280e-01 5.985760e-01
237 2.252360e-01 1.761840e-01 5.985800e-01
238 2.256880e-01 1.764360e-01 5.978760e-01
239 2.261200e-01 1.770880e-01 5.967920e-01
240 2.264720e-01 1.772760e-01 5.962520e-01
241 2.266080e-01 1.770360e-01 5.963560e-01
242 2.268880e-01 1.772240e-01 5.958880e-01
243 2.259920e-01 1.779920e-01 5.960160e-01
244 2.258840e-01 1.778600e-01 5.962560e-01
245 2.253520e-01 1.788200e-01 5.958280e-01
246 2.255920e-01 1.788640e-01 5.955440e-01
247 2.258640e-01 1.788640e-01 5.952720e-01
248 2.262240e-01 1.788080e-01 5.949680e-01
249 2.254840e-01 1.794720e-01 5.950440e-01
250 2.253360e-01 1.790600e-01 5.956040e-01
251 2.250360e-01 1.794600e-01 5.955040e-01
252 2.257120e-01 1.788480e-01 5.954400e-01
253 2.255040e-01 1.790360e-01 5.954600e-01
254 2.247320e-01 1.791520e-01 5.961160e-01
255 2.245360e-01 1.793320e-01 5.961320e-01
256 2.243440e-01 1.797320e-01 5.959240e-01
257 2.245760e-01 1.792320e-01 5.961920e-01
258 2.245880e-01 1.792080e-01 5.962040e-01
259 2.245800e-01 1.794720e-01 5.959480e-01
260 2.246800e-01 1.798080e-01 5.955120e-01
261 2.242480e-01 1.803240e-01 5.954280e-01
262 2.241160e-01 1.800520e-01 5.958320e-01
263 2.245480e-01 1.804600e-01 5.949920e-01
264 2.247200e-01 1.802760e-01 5.950040e-01
265 2.241960e-01 1.805720e-01 5.952320e-01
266 2.247400e-01 1.800080e-01 5.952520e-01
267 2.240960e-01 1.802920e-01 5.956120e-01
268 2.243400e-01 1.802760e-01 5.953840e-01
269 2.238200e-01 1.802720e-01 5.959080e-01
270 2.228880e-01 1.809360e-01 5.961760e-01
271 2.229040e-01 1.809240e-01 5.961720e-01
272 2.236520e-01 1.806840e-01 5.956640e-01
273 2.242720e-01 1.804680e-01 5.952600e-01
274 2.240440e-01 1.804240e-01 5.955320e-01
275 2.238120e-01 1.807320e-01 5.954560e-01
276 2.235480e-01 1.808840e-01 5.955680e-01
277 2.233440e-01 1.809120e-01 5.957440e-01
278 2.232320e-01 1.807040e-01 5.960640e-01
279 2.229520e-01 1.806640e-01 5.963840e-01
280 2.236520e-01 1.806840e-01 5.956640e-01
281 2.233960e-01 1.812000e-01 5.954040e-01
282 2.238200e-01 1.806600e-01 5.955200e-01
283 2.242120e-01 1.803880e-01 5.954000e-01
284 2.244640e-01 1.799280e-01 5.956080e-01
285 2.240280e-01 1.799600e-01 5.960120e-01
286 2.235560e-01 1.803480e-01 5.960960e-01
287 2.243480e-01 1.798160e-01 5.958360e-01
288 2.247280e-01 1.794280e-01 5.958440e-01
289 2.254960e-01 1.789000e-01 5.956040e-01
290 2.260120e-01 1.783680e-01 5.956200e-01
291 2.261040e-01 1.784440e-01 5.954520e-01
292 2.260960e-01 1.784120e-01 5.954920e-01
293 2.267640e-01 1.775920e-01 5.956440e-01
294 2.268200e-01 1.770800e-01 5.961000e-01
295 2.276080e-01 1.767720e-01 5.956200e-01
296 2.269480e-01 1.773240e-01 5.957280e-01
297 2.267920e-01 1.776840e-01 5.955240e-01
298 2.266080e-01 1.782600e-01 5.951320e-01
299 2.273960e-01 1.777920e-01 5.948120e-01
300 2.275760e-01 1.776400e-01 5.947840e-01
301 2.280040e-01 1.773960e-01 5.946000e-01
302 2.278760e-01 1.778400e-01 5.942840e-01
303 2.272400e-01 1.782840e-01 5.944760e-01
304 2.268760e-01 1.782000e-01 5.949240e-01
305 2.277920e-01 1.775560e-01 5.946520e-01
306 2.276160e-01 1.778560e-01 5.945280e-01
307 2.278920e-01 1.777560e-01 5.943520e-01
308 2.280680e-01 1.774200e-01 5.945120e-01
309 2.280200e-01 1.772000e-01 5.947800e-01
310 2.277840e-01 1.779600e-01 5.942560e-01
311 2.278240e-01 1.776400e-01 5.945360e-01
312 2.277840e-01 1.776880e-01 5.945280e-01
313 2.278600e-01 1.777400e-01 5.944000e-01
314 2.284240e-01 1.776840e-01 5.938920e-01
315 2.281320e-01 1.777640e-01 5.941040e-01
316 2.281160e-01 1.783360e-01 5.935480e-01
317 2.279200e-01 1.784000e-01 5.936800e-01
318 2.277960e-01 1.786120e-01 5.935920e-01
319 2.275800e-01 1.789160e-01 5.935040e-01
320 2.273880e-01 1.790280e-01 5.935840e-01
321 2.273000e-01 1.789520e-01 5.937480e-01
322 2.277880e-01 1.785120e-01 5.937000e-01
323 2.279600e-01 1.788120e-01 5.932280e-01
324 2.278280e-01 1.790720e-01 5.931000e-01
325 2.274200e-01 1.798760e-01 5.927040e-01
326 2.272680e-01 1.807200e-01 5.920120e-01
327 2.266480e-01 1.812040e-01 5.921480e-01
328 2.261000e-01 1.811680e-01 5.927320e-01
329 2.255280e-01 1.811680e-01 5.933040e-01
330 2.249880e-01 1.812360e-01 5.937760e-01
331 2.250600e-01 1.811960e-01 5.937440e-01
332 2.249680e-01 1.809800e-01 5.940520e-01
333 2.248800e-01 1.812960e-01 5.938240e-01
334 2.244920e-01 1.811280e-01 5.943800e-01
335 2.242120e-01 1.805960e-01 5.951920e-01
336 2.238080e-01 1.808240e-01 5.953680e-01
337 2.240760e-01 1.799880e-01 5.959360e-01
338 2.243000e-01 1.793280e-01 5.963720e-01
339 2.247400e-01 1.789840e-01 5.962760e-01
340 2.246320e-01 1.795040e-01 5.958640e-01
341 2.248920e-01 1.794680e-01 5.956400e-01
342 2.249520e-01 1.795560e-01 5.954920e-01
343 2.246800e-01 1.790480e-01 5.962720e-01
344 2.244560e-01 1.797200e-01 5.958240e-01
345 2.245520e-01 1.799440e-01 5.955040e-01
346 2.245200e-01 1.796960e-01 5.957840e-01
347 2.240960e-01 1.793840e-01 5.965200e-01
348 2.242720e-01 1.790360e-01 5.966920e-01
349 2.245280e-01 1.791560e-01 5.963160e-01
350 2.249400e-01 1.789120e-01 5.961480e-01
351 2.246680e-01 1.789400e-01 5.963920e-01
352 2.250400e-01 1.789240e-01 5.960360e-01
353 2.254600e-01 1.782960e-01 5.962440e-01
354 2.254600e-01 1.784400e-01 5.961000e-01
355 2.253440e-01 1.784280e-01 5.962280e-01
356 2.245400e-01 1.789000e-01 5.965600e-01
357 2.253160e-01 1.781480e-01 5.965360e-01
358 2.256880e-01 1.774760e-01 5.968360e-01
359 2.255200e-01 1.774280e-01 5.970520e-01
360 2.260120e-01 1.774960e-01 5.964920e-01
361 2.262680e-01 1.770360e-01 5.966960e-01
362 2.258600e-01 1.775920e-01 5.965480e-01
363 2.265880e-01 1.775360e-01 5.958760e-01
364 2.266480e-01 1.774800e-01 5.958720e-01
365 2.268560e-01 1.767680e-01 5.963760e-01
366 2.269840e-01 1.769640e-01 5.960520e-01
367 2.267840e-01 1.770400e-01 5.961760e-01
368 2.263760e-01 1.771320e-01 5.964920e-01
369 2.268880e-01 1.766400e-01 5.964720e-01
370 2.268840e-01 1.768280e-01 5.962880e-01
371 2.275120e-01 1.768680e-01 5.956200e-01
372 2.278080e-01 1.771680e-01 5.950240e-01
373 2.271920e-01 1.771040e-01 5.957040e-01
374 2.271680e-01 1.768600e-01 5.959720e-01
375 2.275400e-01 1.771040e-01 5.953560e-01
376 2.270880e-01 1.768360e-01 5.960760e-01
377 2.270680e-01 1.773080e-01 5.956240e-01
378 2.268760e-01 1.768040e-01 5.963200e-01
379 2.267720e-01 1.766720e-01 5.965560e-01
380 2.263960e-01 1.768720e-01 5.967320e-01
381 2.262960e-01 1.771280e-01 5.965760e-01
382 2.257120e-01 1.776400e-01 5.966480e-01
383 2.252320e-01 1.779200e-01 5.968480e-01
384 2.250160e-01 1.788000e-01 5.961840e-01
385 2.255400e-01 1.786040e-01 5.958560e-01
386 2.260440e-01 1.789160e-01 5.950400e-01
387 2.254920e-01 1.791880e-01 5.953200e-01
388 2.257400e-01 1.789680e-01 5.952920e-01
389 2.258040e-01 1.787000e-01 5.954960e-01
390 2.249720e-01 1.790920e-01 5.959360e-01
391 2.248080e-01 1.788680e-01 5.963240e-01
392 2.251880e-01 1.781760e-01 5.966360e-01
393 2.246480e-01 1.790520e-01 5.963000e-01
394 2.244920e-01 1.792080e-01 5.963000e-01
395 2.243440e-01 1.788880e-01 5.967680e-01
396 2.248040e-01 1.783560e-01 5.968400e-01
397 2.245320e-01 1.786640e-01 5.968040e-01
398 2.250320e-01 1.780280e-01 5.969400e-01
399 2.252920e-01 1.779280e-01 5.967800e-01
400 2.255880e-01 1.777600e-01 5.966520e-01
401 2.256360e-01 1.774880e-01 5.968760e-01
402 2.261640e-01 1.773520e-01 5.964840e-01
403 2.262040e-01 1.776080e-01 5.961880e-01
404 2.262240e-01 1.782880e-01 5.954880e-01
405 2.263400e-01 1.785360e-01 5.951240e-01
406 2.263520e-01 1.782600e-01 5.953880e-01
407 2.258120e-01 1.786560e-01 5.955320e-01
408 2.259440e-01 1.787320e-01 5.953240e-01
409 2.261160e-01 1.789920e-01 5.948920e-01
410 2.255240e-01 1.793960e-01 5.950800e-01
411 2.257600e-01 1.788200e-01 5.954200e-01
412 2.265360e-01 1.788520e-01 5.946120e-01
413 2.263160e-01 1.792360e-01 5.944480e-01
414 2.260360e-01 1.790160e-01 5.949480e-01
415 2.258920e-01 1.789080e-01 5.952000e-01
416 2.262040e-01 1.792240e-01 5.945720e-01
417 2.255360e-01 1.791760e-01 5.952880e-01
418 2.256280e-01 1.787120e-01 5.956600e-01
419 2.253680e-01 1.787360e-01 5.958960e-01
420 2.256960e-01 1.786600e-01 5.956440e-01
421 2.255760e-01 1.786960e-01 5.957280e-01
422 2.256240e-01 1.784280e-01 5.959480e-01
423 2.254920e-01 1.781600e-01 5.963480e-01
424 2.256240e-01 1.783720e-01 5.960040e-01
425 2.252640e-01 1.782400e-01 5.964960e-01
426 2.250280e-01 1.782440e-01 5.967280e-01
427 2.253200e-01 1.780200e-01 5.966600e-01
428 2.253120e-01 1.778360e-01 5.968520e-01
429 2.256160e-01 1.776360e-01 5.967480e-01
430 2.258480e-01 1.772360e-01 5.969160e-01
431 2.254000e-01 1.780800e-01 5.965200e-01
432 2.254960e-01 1.779880e-01 5.965160e-01
433 2.257960e-01 1.768600e-01 5.973440e-01
434 2.252480e-01 1.775080e-01 5.972440e-01
435 2.251160e-01 1.777200e-01 5.971640e-01
436 2.255720e-01 1.774840e-01 5.969440e-01
437 2.252240e-01 1.781840e-01 5.965920e-01
438 2.252400e-01 1.780640e-01 5.966960e-01
439 2.253360e-01 1.773120e-01 5.973520e-01
440 2.259040e-01 1.776520e-01 5.964440e-01
441 2.266480e-01 1.774840e-01 5.958680e-01
442 2.272280e-01 1.775840e-01 5.951880e-01
443 2.277160e-01 1.780400e-01 5.942440e-01
444 2.272480e-01 1.784640e-01 5.942880e-01
445 2.272360e-01 1.784200e-01 5.943440e-01
446 2.266080e-01 1.790760e-01 5.943160e-01
447 2.267840e-01 1.790320e-01 5.941840e-01
448 2.261120e-01 1.798840e-01 5.940040e-01
449 2.254000e-01 1.805400e-01 5.940600e-01
450 2.254640e-01 1.805760e-01 5.939600e-01
451 2.250480e-01 1.806680e-01 5.942840e-01
452 2.251920e-01 1.802840e-01 5.945240e-01
453 2.247920e-01 1.802840e-01 5.949240e-01
454 2.248000e-01 1.799960e-01 5.952040e-01
455 2.256360e-01 1.799880e-01 5.943760e-01
456 2.251000e-01 1.800080e-01 5.948920e-01
457 2.244600e-01 1.801760e-01 5.953640e-01
458 2.251160e-01 1.797520e-01 5.951320e-01
459 2.240200e-01 1.802080e-01 5.957720e-01
460 2.244440e-01 1.794440e-01 5.961120e-01
461 2.249320e-01 1.797200e-01 5.953480e-01
462 2.249720e-01 1.797560e-01 5.952720e-01
463 2.245280e-01 1.796040e-01 5.958680e-01
464 2.242440e-01 1.800200e-01 5.957360e-01
465 2.239480e-01 1.794600e-01 5.965920e-01
466 2.241400e-01 1.794240e-01 5.964360e-01
467 2.247720e-01 1.790040e-01 5.962240e-01
468 2.245320e-01 1.794160e-01 5.960520e-01
469 2.246520e-01 1.796160e-01 5.957320e-01
470 2.249120e-01 1.792520e-01 5.958360e-01
471 2.247080e-01 1.793240e-01 5.959680e-01
472 2.246960e-01 1.793120e-01 5.959920e-01
473 2.245000e-01 1.797560e-01 5.957440e-01
474 2.248080e-01 1.797440e-01 5.954480e-01
475 2.247320e-01 1.798400e-01 5.954280e-01
476 2.256480e-01 1.793560e-01 5.949960e-01
477 2.261680e-01 1.795280e-01 5.943040e-01
478 2.261600e-01 1.797640e-01 5.940760e-01
479 2.259800e-01 1.798280e-01 5.941920e-01
480 2.258440e-01 1.799680e-01 5.941880e-01
481 2.257040e-01 1.801240e-01 5.941720e-01
482 2.256320e-01 1.800480e-01 5.943200e-01
483 2.255520e-01 1.797080e-01 5.947400e-01
484 2.249880e-01 1.799400e-01 5.950720e-01
485 2.250080e-01 1.803800e-01 5.946120e-01
486 2.248880e-01 1.804760e-01 5.946360e-01
487 2.245920e-01 1.811600e-01 5.942480e-01
488 2.259160e-01 1.805280e-01 5.935560e-01
489 2.255760e-01 1.802360e-01 5.941880e-01
490 2.252560e-01 1.805040e-01 5.942400e-01
491 2.254120e-01 1.804480e-01 5.941400e-01
492 2.255680e-01 1.802560e-01 5.941760e-01
493 2.256520e-01 1.800960e-01 5.942520e-01
494 2.256840e-01 1.800520e-01 5.942640e-01
495 2.257000e-01 1.803800e-01 5.939200e-01
496 2.252520e-01 1.808240e-01 5.939240e-01
497 2.246320e-01 1.815280e-01 5.938400e-01
498 2.251000e-01 1.813600e-01 5.935400e-01
499 2.247080e-01 1.814400e-01 5.938520e-01
500 2.243520e-01 1.809680e-01 5.946800e-01
501 2.242360e-01 1.806400e-01 5.951240e-01
502 2.239120e-01 1.806600e-01 5.954280e-01
503 2.239680e-01 1.802200e-01 5.958120e-01
504 2.240440e-01 1.796960e-01 5.962600e-01
505 2.239040e-01 1.799800e-01 5.961160e-01
506 2.241600e-01 1.796200e-01 5.962200e-01
507 2.243240e-01 1.793560e-01 5.963200e-01
508 2.246280e-01 1.796080e-01 5.957640e-01
509 2.249760e-01 1.793320e-01 5.956920e-01
510 2.251720e-01 1.792640e-01 5.955640e-01
511 2.246880e-01 1.793120e-01 5.960000e-01
512 2.241880e-01 1.790880e-01 5.967240e-01
513 2.242960e-01 1.786960e-01 5.970080e-01
514 2.243760e-01 1.782880e-01 5.973360e-01
515 2.243040e-01 1.787320e-01 5.969640e-01
516 2.239960e-01 1.791560e-01 5.968480e-01
517 2.243320e-01 1.788720e-01 5.967960e-01
518 2.248520e-01 1.788920e-01 5.962560e-01
519 2.253440e-01 1.782880e-01 5.963680e-01
520 2.251960e-01 1.787440e-01 5.960600e-01
521 2.254920e-01 1.781480e-01 5.963600e-01
522 2.256440e-01 1.776880e-01 5.966680e-01
523 2.256160e-01 1.779240e-01 5.964600e-01
524 2.259640e-01 1.774320e-01 5.966040e-01
525 2.256240e-01 1.778960e-01 5.964800e-01
526 2.255200e-01 1.788680e-01 5.956120e-01
527 2.251560e-01 1.794520e-01 5.953920e-01
528 2.250520e-01 1.791120e-01 5.958360e-01
529 2.251880e-01 1.790640e-01 5.957480e-01
530 2.254440e-01 1.788600e-01 5.956960e-01
531 2.247920e-01 1.799880e-01 5.952200e-01
532 2.249040e-01 1.793000e-01 5.957960e-01
533 2.250880e-01 1.791200e-01 5.957920e-01
534 2.246480e-01 1.786560e-01 5.966960e-01
535 2.250560e-01 1.788880e-01 5.960560e-01
536 2.253160e-01 1.784920e-01 5.961920e-01
537 2.249720e-01 1.785160e-01 5.965120e-01
538 2.248200e-01 1.780920e-01 5.970880e-01
539 2.244520e-01 1.778240e-01 5.977240e-01
540 2.256920e-01 1.772280e-01 5.970800e-01
541 2.257720e-01 1.778080e-01 5.964200e-01
542 2.255320e-01 1.783880e-01 5.960800e-01
543 2.254680e-01 1.782400e-01 5.962920e-01
544 2.245680e-01 1.789040e-01 5.965280e-01
545 2.243160e-01 1.790280e-01 5.966560e-01
546 2.245560e-01 1.791240e-01 5.963200e-01
547 2.240120e-01 1.794280e-01 5.965600e-01
548 2.246680e-01 1.792480e-01 5.960840e-01
549 2.248720e-01 1.793960e-01 5.957320e-01
550 2.250120e-01 1.789160e-01 5.960720e-01
551 2.252320e-01 1.789240e-01 5.958440e-01
552 2.257360e-01 1.785600e-01 5.957040e-01
553 2.258440e-01 1.787560e-01 5.954000e-01
554 2.254760e-01 1.788520e-01 5.956720e-01
555 2.257160e-01 1.784200e-01 5.958640e-01
556 2.255000e-01 1.785520e-01 5.959480e-01
557 2.252200e-01 1.780800e-01 5.967000e-01
558 2.257040e-01 1.776160e-01 5.966800e-01
559 2.258760e-01 1.779480e-01 5.961760e-01
560 2.257080e-01 1.781000e-01 5.961920e-01
561 2.255080e-01 1.781720e-01 5.963200e-01
562 2.258760e-01 1.782760e-01 5.958480e-01
563 2.258560e-01 1.785240e-01 5.956200e-01
564 2.265200e-01 1.781720e-01 5.953080e-01
565 2.270720e-01 1.772120e-01 5.957160e-01
566 2.265760e-01 1.777960e-01 5.956280e-01
567 2.263680e-01 1.777320e-01 5.959000e-01
568 2.259200e-01 1.780640e-01 5.960160e-01
569 2.263400e-01 1.781360e-01 5.955240e-01
570 2.266600e-01 1.779680e-01 5.953720e-01
571 2.263240e-01 1.780120e-01 5.956640e-01
572 2.266320e-01 1.779440e-01 5.954240e-01
573 2.271160e-01 1.776440e-01 5.952400e-01
574 2.270920e-01 1.779960e-01 5.949120e-01
575 2.262800e-01 1.783320e-01 5.953880e-01
576 2.259280e-01 1.785960e-01 5.954760e-01
577 2.254080e-01 1.784120e-01 5.961800e-01
578 2.257760e-01 1.783680e-01 5.958560e-01
579 2.257480e-01 1.784760e-01 5.957760e-01
580 2.261880e-01 1.781080e-01 5.957040e-01
581 2.262400e-01 1.771760e-01 5.965840e-01
582 2.270360e-01 1.769360e-01 5.960280e-01
583 2.268000e-01 1.774040e-01 5.957960e-01
584 2.269880e-01 1.769920e-01 5.960200e-01
585 2.279160e-01 1.772920e-01 5.947920e-01
586 2.283160e-01 1.779880e-01 5.936960e-01
587 2.278760e-01 1.780800e-01 5.940440e-01
588 2.279840e-01 1.782760e-01 5.937400e-01
589 2.283360e-01 1.785440e-01 5.931200e-01
590 2.281120e-01 1.790680e-01 5.928200e-01
591 2.279920e-01 1.790840e-01 5.929240e-01
592 2.282520e-01 1.794480e-01 5.923000e-01
593 2.282200e-01 1.794360e-01 5.923440e-01
594 2.278160e-01 1.796600e-01 5.925240e-01
595 2.268200e-01 1.801520e-01 5.930280e-01
596 2.256400e-01 1.803960e-01 5.939640e-01
597 2.253720e-01 1.803560e-01 5.942720e-01
598 2.251080e-01 1.804320e-01 5.944600e-01
599 2.256680e-01 1.799560e-01 5.943760e-01
600 2.259360e-01 1.797320e-01 5.943320e-01
601 2.260040e-01 1.798280e-01 5.941680e-01
602 2.253720e-01 1.799280e-01 5.947000e-01
603 2.253440e-01 1.800800e-01 5.945760e-01
604 2.252080e-01 1.806600e-01 5.941320e-01
605 2.246720e-01 1.811560e-01 5.941720e-01
606 2.252000e-01 1.805720e-01 5.942280e-01
607 2.250720e-01 1.811280e-01 5.938000e-01
608 2.250080e-01 1.809480e-01 5.940440e-01
609 2.249680e-01 1.808480e-01 5.941840e-01
610 2.244400e-01 1.808920e-01 5.946680e-01
611 2.251120e-01 1.800920e-01 5.947960e-01
612 2.254320e-01 1.799520e-01 5.946160e-01
613 2.255360e-01 1.797400e-01 5.947240e-01
614 2.256360e-01 1.792600e-01 5.951040e-01
615 2.258960e-01 1.793720e-01 5.947320e-01
616 2.256800e-01 1.794360e-01 5.948840e-01
617 2.252360e-01 1.795680e-01 5.951960e-01
618 2.253240e-01 1.796440e-01 5.950320e-01
619 2.249760e-01 1.796000e-01 5.954240e-01
620 2.247640e-01 1.794040e-01 5.958320e-01
621 2.239120e-01 1.804000e-01 5.956880e-01
622 2.238000e-01 1.803000e-01 5.959000e-01
623 2.239400e-01 1.793680e-01 5.966920e-01
624 2.236080e-01 1.791360e-01 5.972560e-01
625 2.241800e-01 1.787520e-01 5.970680e-01
626 2.250680e-01 1.779720e-01 5.969600e-01
627 2.250160e-01 1.784440e-01 5.965400e-01
628 2.247680e-01 1.780760e-01 5.971560e-01
629 2.239840e-01 1.781000e-01 5.979160e-01
630 2.242320e-01 1.775880e-01 5.981800e-01
631 2.246840e-01 1.775520e-01 5.977640e-01
632 2.252920e-01 1.772000e-01 5.975080e-01
633 2.257320e-01 1.774080e-01 5.968600e-01
634 2.263720e-01 1.770640e-01 5.965640e-01
635 2.268880e-01 1.767600e-01 5.963520e-01
636 2.264040e-01 1.766640e-01 5.969320e-01
637 2.269440e-01 1.769720e-01 5.960840e-01
638 2.269240e-01 1.773960e-01 5.956800e-01
639 2.266000e-01 1.774320e-01 5.959680e-01
640 2.267960e-01 1.778960e-01 5.953080e-01
641 2.266440e-01 1.781440e-01 5.952120e-01
642 2.257640e-01 1.791160e-01 5.951200e-01
643 2.251600e-01 1.790640e-01 5.957760e-01
644 2.249640e-01 1.798080e-01 5.952280e-01
645 2.247600e-01 1.800360e-01 5.952040e-01
646 2.247440e-01 1.797960e-01 5.954600e-01
647 2.241080e-01 1.801800e-01 5.957120e-01
648 2.242520e-01 1.800480e-01 5.957000e-01
649 2.241000e-01 1.799200e-01 5.959800e-01
650 2.239840e-01 1.793000e-01 5.967160e-01
651 2.248920e-01 1.784280e-01 5.966800e-01
652 2.252120e-01 1.779440e-01 5.968440e-01
653 2.255000e-01 1.776360e-01 5.968640e-01
654 2.254360e-01 1.778520e-01 5.967120e-01
655 2.260200e-01 1.772680e-01 5.967120e-01
656 2.259960e-01 1.775560e-01 5.964480e-01
657 2.258640e-01 1.781840e-01 5.959520e-01
658 2.255880e-01 1.779680e-01 5.964440e-01
659 2.251200e-01 1.780560e-01 5.968240e-01
660 2.258320e-01 1.776080e-01 5.965600e-01
661 2.257640e-01 1.776000e-01 5.966360e-01
662 2.262520e-01 1.771480e-01 5.966000e-01
663 2.260840e-01 1.776360e-01 5.962800e-01
664 2.263040e-01 1.774760e-01 5.962200e-01
665 2.261840e-01 1.775280e-01 5.962880e-01
666 2.263520e-01 1.778080e-01 5.958400e-01
667 2.258120e-01 1.781400e-01 5.960480e-01
668 2.262840e-01 1.780880e-01 5.956280e-01
669 2.257280e-01 1.784320e-01 5.958400e-01
670 2.263200e-01 1.781160e-01 5.955640e-01
671 2.263800e-01 1.781280e-01 5.954920e-01
672 2.260600e-01 1.788640e-01 5.950760e-01
673 2.268240e-01 1.784240e-01 5.947520e-01
674 2.271880e-01 1.780880e-01 5.947240e-01
675 2.268640e-01 1.782640e-01 5.948720e-01
676 2.276960e-01 1.783920e-01 5.939120e-01
677 2.274840e-01 1.787560e-01 5.937600e-01
678 2.266040e-01 1.791520e-01 5.942440e-01
679 2.264400e-01 1.787760e-01 5.947840e-01
680 2.260520e-01 1.793720e-01 5.945760e-01
681 2.264480e-01 1.791480e-01 5.944040e-01
682 2.262000e-01 1.795640e-01 5.942360e-01
683 2.265360e-01 1.791480e-01 5.943160e-01
684 2.266440e-01 1.794920e-01 5.938640e-01
685 2.265080e-01 1.793360e-01 5.941560e-01
686 2.261200e-01 1.795560e-01 5.943240e-01
687 2.254680e-01 1.799360e-01 5.945960e-01
688 2.255640e-01 1.799840e-01 5.944520e-01
689 2.253680e-01 1.800320e-01 5.946000e-01
690 2.247400e-01 1.802720e-01 5.949880e-01
691 2.247440e-01 1.804280e-01 5.948280e-01
692 2.248600e-01 1.805960e-01 5.945440e-01
693 2.252080e-01 1.799240e-01 5.948680e-01
694 2.247480e-01 1.797120e-01 5.955400e-01
695 2.252400e-01 1.795920e-01 5.951680e-01
696 2.254280e-01 1.797760e-01 5.947960e-01
697 2.256560e-01 1.796400e-01 5.947040e-01
698 2.255280e-01 1.798560e-01 5.946160e-01
699 2.254280e-01 1.801720e-01 5.944000e-01
700 2.251480e-01 1.800880e-01 5.947640e-01
701 2.246880e-01 1.802800e-01 5.950320e-01
702 2.243600e-01 1.797400e-01 5.959000e-01
703 2.242280e-01 1.801800e-01 5.955920e-01
704 2.244280e-01 1.802520e-01 5.953200e-01
705 2.236680e-01 1.807040e-01 5.956280e-01
706 2.230400e-01 1.808880e-01 5.960720e-01
707 2.230000e-01 1.808560e-01 5.961440e-01
708 2.232960e-01 1.807880e-01 5.959160e-01
709 2.231240e-01 1.801160e-01 5.967600e-01
710 2.229440e-01 1.797280e-01 5.973280e-01
711 2.234560e-01 1.791640e-01 5.973800e-01
712 2.231040e-01 1.792840e-01 5.976120e-01
713 2.229040e-01 1.793880e-01 5.977080e-01
714 2.232760e-01 1.789040e-01 5.978200e-01
715 2.229680e-01 1.791120e-01 5.979200e-01
716 2.226520e-01 1.791880e-01 5.981600e-01
717 2.226480e-01 1.787240e-01 5.986280e-01
718 2.229400e-01 1.784920e-01 5.985680e-01
719 2.230360e-01 1.787440e-01 5.982200e-01
720 2.235720e-01 1.779720e-01 5.984560e-01
721 2.233360e-01 1.784720e-01 5.981920e-01
722 2.239320e-01 1.778520e-01 5.982160e-01
723 2.246560e-01 1.771640e-01 5.981800e-01
724 2.247080e-01 1.773080e-01 5.979840e-01
725 2.249680e-01 1.778120e-01 5.972200e-01
726 2.255280e-01 1.773880e-01 5.970840e-01
727 2.258680e-01 1.779520e-01 5.961800e-01
728 2.259000e-01 1.776440e-01 5.964560e-01
729 2.259880e-01 1.788080e-01 5.952040e-01
730 2.261560e-01 1.789120e-01 5.949320e-01
731 2.265920e-01 1.785000e-01 5.949080e-01
732 2.266640e-01 1.791160e-01 5.942200e-01
733 2.269480e-01 1.790080e-01 5.940440e-01
734 2.264880e-01 1.793280e-01 5.941840e-01
735 2.263280e-01 1.791080e-01 5.945640e-01
736 2.264520e-01 1.791160e-01 5.944320e-01
737 2.268040e-01 1.786680e-01 5.945280e-01
738 2.267480e-01 1.785680e-01 5.946840e-01
739 2.261920e-01 1.784480e-01 5.953600e-01
740 2.266280e-01 1.776240e-01 5.957480e-01
741 2.262400e-01 1.782480e-01 5.955120e-01
742 2.261480e-01 1.783160e-01 5.955360e-01
743 2.261840e-01 1.784640e-01 5.953520e-01
744 2.262720e-01 1.784480e-01 5.952800e-01
745 2.271640e-01 1.781080e-01 5.947280e-01
746 2.259480e-01 1.790160e-01 5.950360e-01
747 2.254800e-01 1.793040e-01 5.952160e-01
748 2.253240e-01 1.787480e-01 5.959280e-01
749 2.259440e-01 1.785240e-01 5.955320e-01
750 2.252880e-01 1.793480e-01 5.953640e-01
751 2.247880e-01 1.798120e-01 5.954000e-01
752 2.253680e-01 1.790280e-01 5.956040e-01
753 2.257520e-01 1.790600e-01 5.951880e-01
754 2.254800e-01 1.792080e-01 5.953120e-01
755 2.256360e-01 1.792000e-01 5.951640e-01
756 2.255600e-01 1.788680e-01 5.955720e-01
757 2.258040e-01 1.789440e-01 5.952520e-01
758 2.259320e-01 1.794560e-01 5.946120e-01
759 2.261480e-01 1.791200e-01 5.947320e-01
760 2.255960e-01 1.793240e-01 5.950800e-01
761 2.260000e-01 1.790680e-01 5.949320e-01
762 2.253040e-01 1.794600e-01 5.952360e-01
763 2.258280e-01 1.786520e-01 5.955200e-01
764 2.255080e-01 1.785480e-01 5.959440e-01
765 2.256200e-01 1.784240e-01 5.959560e-01
766 2.253880e-01 1.782320e-01 5.963800e-01
767 2.253360e-01 1.778440e-01 5.968200e-01
768 2.247720e-01 1.780440e-01 5.971840e-01
769 2.253480e-01 1.779600e-01 5.966920e-01
770 2.249360e-01 1.779960e-01 5.970680e-01
771 2.244920e-01 1.787360e-01 5.967720e-01
772 2.247480e-01 1.787560e-01 5.964960e-01
773 2.241680e-01 1.789920e-01 5.968400e-01
774 2.244680e-01 1.787960e-01 5.967360e-01
775 2.250040e-01 1.782400e-01 5.967560e-01
776 2.259240e-01 1.775600e-01 5.965160e-01
777 2.258800e-01 1.773520e-01 5.967680e-01
778 2.263120e-01 1.777160e-01 5.959720e-01
779 2.266960e-01 1.776680e-01 5.956360e-01
780 2.259920e-01 1.778480e-01 5.961600e-01
781 2.260560e-01 1.778400e-01 5.961040e-01
782 2.257360e-01 1.788240e-01 5.954400e-01
783 2.260960e-01 1.783480e-01 5.955560e-01
784 2.263360e-01 1.784920e-01 5.951720e-01
785 2.260920e-01 1.788720e-01 5.950360e-01
786 2.249000e-01 1.796080e-01 5.954920e-01
787 2.242120e-01 1.801760e-01 5.956120e-01
788 2.244200e-01 1.797480e-01 5.958320e-01
789 2.239480e-01 1.800160e-01 5.960360e-01
790 2.235800e-01 1.803720e-01 5.960480e-01
791 2.237520e-01 1.795560e-01 5.966920e-01
792 2.238560e-01 1.795800e-01 5.965640e-01
793 2.237040e-01 1.794680e-01 5.968280e-01
794 2.229000e-01 1.800400e-01 5.970600e-01
795 2.234840e-01 1.799840e-01 5.965320e-01
796 2.234440e-01 1.798280e-01 5.967280e-01
797 2.236720e-01 1.798240e-01 5.965040e-01
798 2.249160e-01 1.794480e-01 5.956360e-01
799 2.246840e-01 1.789160e-01 5.964000e-01
800 2.247560e-01 1.791600e-01 5.960840e-01
801 2.244960e-01 1.794760e-01 5.960280e-01
802 2.250600e-01 1.793720e-01 5.955680e-01
803 2.243400e-01 1.801240e-01 5.955360e-01
804 2.248840e-01 1.799760e-01 5.951400e-01
805 2.245800e-01 1.797200e-01 5.957000e-01
806 2.243160e-01 1.796520e-01 5.960320e-01
807 2.240560e-01 1.792480e-01 5.966960e-01
808 2.237760e-01 1.795600e-01 5.966640e-01
809 2.236800e-01 1.793320e-01 5.969880e-01
810 2.239920e-01 1.791840e-01 5.968240e-01
811 2.232640e-01 1.798000e-01 5.969360e-01
812 2.234840e-01 1.795360e-01 5.969800e-01
813 2.239680e-01 1.789800e-01 5.970520e-01
814 2.236760e-01 1.791920e-01 5.971320e-01
815 2.238160e-01 1.784640e-01 5.977200e-01
816 2.242080e-01 1.783560e-01 5.974360e-01
817 2.243080e-01 1.782840e-01 5.974080e-01
818 2.251120e-01 1.783040e-01 5.965840e-01
819 2.253800e-01 1.781760e-01 5.964440e-01
820 2.254960e-01 1.786520e-01 5.958520e-01
821 2.256760e-01 1.786160e-01 5.957080e-01
822 2.262960e-01 1.782160e-01 5.954880e-01
823 2.267080e-01 1.780760e-01 5.952160e-01
824 2.265760e-01 1.789120e-01 5.945120e-01
825 2.266440e-01 1.786200e-01 5.947360e-01
826 2.263760e-01 1.794160e-01 5.942080e-01
827 2.262720e-01 1.790720e-01 5.946560e-01
828 2.255840e-01 1.797000e-01 5.947160e-01
829 2.255920e-01 1.798360e-01 5.945720e-01
830 2.257400e-01 1.798240e-01 5.944360e-01
831 2.246720e-01 1.805080e-01 5.948200e-01
832 2.242080e-01 1.808320e-01 5.949600e-01
833 2.243840e-01 1.801440e-01 5.954720e-01
834 2.243400e-01 1.804000e-01 5.952600e-01
835 2.244400e-01 1.798160e-01 5.957440e-01
836 2.245280e-01 1.792400e-01 5.962320e-01
837 2.241560e-01 1.791800e-01 5.966640e-01
838 2.238720e-01 1.791120e-01 5.970160e-01
839 2.245920e-01 1.792440e-01 5.961640e-01
840 2.246880e-01 1.786240e-01 5.966880e-01
841 2.246720e-01 1.793800e-01 5.959480e-01
842 2.248040e-01 1.791400e-01 5.960560e-01
843 2.247600e-01 1.788920e-01 5.963480e-01
844 2.247040e-01 1.788680e-01 5.964280e-01
845 2.247480e-01 1.781360e-01 5.971160e-01
846 2.254360e-01 1.778640e-01 5.967000e-01
847 2.254600e-01 1.776640e-01 5.968760e-01
848 2.260560e-01 1.771200e-01 5.968240e-01
849 2.263760e-01 1.773200e-01 5.963040e-01
850 2.267000e-01 1.771520e-01 5.961480e-01
851 2.264160e-01 1.772760e-01 5.963080e-01
852 2.267760e-01 1.770920e-01 5.961320e-01
853 2.269160e-01 1.774040e-01 5.956800e-01
854 2.262760e-01 1.780560e-01 5.956680e-01
855 2.267320e-01 1.778600e-01 5.954080e-01
856 2.268560e-01 1.779280e-01 5.952160e-01
857 2.268920e-01 1.780640e-01 5.950440e-01
858 2.267920e-01 1.778920e-01 5.953160e-01
859 2.268120e-01 1.780360e-01 5.951520e-01
860 2.270840e-01 1.779320e-01 5.949840e-01
861 2.268440e-01 1.779440e-01 5.952120e-01
862 2.268080e-01 1.783640e-01 5.948280e-01
863 2.271680e-01 1.786520e-01 5.941800e-01
864 2.272200e-01 1.786200e-01 5.941600e-01
865 2.278280e-01 1.779000e-01 5.942720e-01
866 2.280760e-01 1.783000e-01 5.936240e-01
867 2.282280e-01 1.778640e-01 5.939080e-01
868 2.273320e-01 1.780920e-01 5.945760e-01
869 2.270120e-01 1.786640e-01 5.943240e-01
870 2.269000e-01 1.782280e-01 5.948720e-01
871 2.265680e-01 1.784920e-01 5.949400e-01
872 2.264960e-01 1.787960e-01 5.947080e-01
873 2.272800e-01 1.779160e-01 5.948040e-01
874 2.270000e-01 1.787440e-01 5.942560e-01
875 2.277400e-01 1.783880e-01 5.938720e-01
876 2.278200e-01 1.790880e-01 5.930920e-01
877 2.282680e-01 1.791800e-01 5.925520e-01
878 2.274280e-01 1.797480e-01 5.928240e-01
879 2.266320e-01 1.803760e-01 5.929920e-01
880 2.264080e-01 1.806320e-01 5.929600e-01
881 2.258640e-01 1.809000e-01 5.932360e-01
882 2.253160e-01 1.812680e-01 5.934160e-01
883 2.251680e-01 1.811120e-01 5.937200e-01
884 2.255280e-01 1.808280e-01 5.936440e-01
885 2.249000e-01 1.812320e-01 5.938680e-01
886 2.246880e-01 1.813040e-01 5.940080e-01
887 2.245680e-01 1.807640e-01 5.946680e-01
888 2.250720e-01 1.805120e-01 5.944160e-01
889 2.242560e-01 1.810600e-01 5.946840e-01
890 2.244280e-01 1.812040e-01 5.943680e-01
891 2.244360e-01 1.807320e-01 5.948320e-01
892 2.249120e-01 1.799960e-01 5.950920e-01
893 2.244640e-01 1.803760e-01 5.951600e-01
894 2.243520e-01 1.800000e-01 5.956480e-01
895 2.244080e-01 1.800360e-01 5.955560e-01
896 2.244880e-01 1.798120e-01 5.957000e-01
897 2.247360e-01 1.800320e-01 5.952320e-01
898 2.246320e-01 1.796560e-01 5.957120e-01
899 2.248920e-01 1.796080e-01 5.955000e-01
900 2.249160e-01 1.790360e-01 5.960480e-01
901 2.249360e-01 1.791120e-01 5.959520e-01
902 2.253200e-01 1.786280e-01 5.960520e-01
903 2.254480e-01 1.791800e-01 5.953720e-01
904 2.257360e-01 1.788480e-01 5.954160e-01
905 2.251480e-01 1.792000e-01 5.956520e-01
906 2.241600e-01 1.802880e-01 5.955520e-01
907 2.239880e-01 1.800680e-01 5.959440e-01
908 2.241160e-01 1.795280e-01 5.963560e-01
909 2.249080e-01 1.790520e-01 5.960400e-01
910 2.251280e-01 1.788040e-01 5.960680e-01
911 2.250600e-01 1.784400e-01 5.965000e-01
912 2.248640e-01 1.785560e-01 5.965800e-01
913 2.246160e-01 1.786200e-01 5.967640e-01
914 2.252080e-01 1.778320e-01 5.969600e-01
915 2.265360e-01 1.774920e-01 5.959720e-01
916 2.263360e-01 1.774680e-01 5.961960e-01
917 2.263240e-01 1.772640e-01 5.964120e-01
918 2.262360e-01 1.775080e-01 5.962560e-01
919 2.258400e-01 1.778680e-01 5.962920e-01
920 2.262520e-01 1.776440e-01 5.961040e-01
921 2.263600e-01 1.772480e-01 5.963920e-01
922 2.269480e-01 1.777240e-01 5.953280e-01
923 2.263560e-01 1.777600e-01 5.958840e-01
924 2.269720e-01 1.774760e-01 5.955520e-01
925 2.267880e-01 1.780200e-01 5.951920e-01
926 2.262360e-01 1.781680e-01 5.955960e-01
927 2.258200e-01 1.785120e-01 5.956680e-01
928 2.255960e-01 1.788160e-01 5.955880e-01
929 2.248280e-01 1.797160e-01 5.954560e-01
930 2.246920e-01 1.799360e-01 5.953720e-01
931 2.240640e-01 1.803720e-01 5.955640e-01
932 2.234400e-01 1.813760e-01 5.951840e-01
