+1.000000e+00 +9.992572e-01 +6.501760e-04 +9.259200e-05 
+2.000000e+00 +9.989021e-01 +8.711560e-04 +2.267520e-04 
+3.000000e+00 +9.985574e-01 +1.046336e-03 +3.962800e-04 
+4.000000e+00 +9.982334e-01 +1.175496e-03 +5.911400e-04 
+5.000000e+00 +9.979355e-01 +1.259184e-03 +8.052840e-04 
+6.000000e+00 +9.976628e-01 +1.306688e-03 +1.030464e-03 
+7.000000e+00 +9.974123e-01 +1.326588e-03 +1.261160e-03 
+8.000000e+00 +9.971823e-01 +1.323976e-03 +1.493684e-03 
+9.000000e+00 +9.969721e-01 +1.303576e-03 +1.724280e-03 
+1.000000e+01 +9.967806e-01 +1.270216e-03 +1.949140e-03 
+1.100000e+01 +9.966069e-01 +1.225420e-03 +2.167648e-03 
+1.200000e+01 +9.964488e-01 +1.173736e-03 +2.377508e-03 
+1.300000e+01 +9.963037e-01 +1.118260e-03 +2.578080e-03 
+1.400000e+01 +9.961722e-01 +1.059868e-03 +2.767980e-03 
+1.500000e+01 +9.960510e-01 +1.001788e-03 +2.947220e-03 
+1.600000e+01 +9.959407e-01 +9.421080e-04 +3.117240e-03 
+1.700000e+01 +9.958404e-01 +8.840240e-04 +3.275552e-03 
+1.800000e+01 +9.957497e-01 +8.254480e-04 +3.424860e-03 
+1.900000e+01 +9.956677e-01 +7.699280e-04 +3.562364e-03 
+2.000000e+01 +9.955917e-01 +7.157600e-04 +3.692540e-03 
+2.100000e+01 +9.955223e-01 +6.633880e-04 +3.814272e-03 
+2.200000e+01 +9.954606e-01 +6.137320e-04 +3.925636e-03 
+2.300000e+01 +9.954035e-01 +5.673680e-04 +4.029148e-03 
+2.400000e+01 +9.953520e-01 +5.236080e-04 +4.124368e-03 
+2.500000e+01 +9.953054e-01 +4.830320e-04 +4.211612e-03 
+2.600000e+01 +9.952631e-01 +4.429920e-04 +4.293888e-03 
+2.700000e+01 +9.952248e-01 +4.071160e-04 +4.368108e-03 
+2.800000e+01 +9.951899e-01 +3.732080e-04 +4.436900e-03 
+2.900000e+01 +9.951586e-01 +3.415440e-04 +4.499820e-03 
+3.000000e+01 +9.951301e-01 +3.131920e-04 +4.556700e-03 
+3.100000e+01 +9.951040e-01 +2.872560e-04 +4.608720e-03 
+3.200000e+01 +9.950805e-01 +2.623760e-04 +4.657100e-03 
+3.300000e+01 +9.950594e-01 +2.396120e-04 +4.700964e-03 
+3.400000e+01 +9.950403e-01 +2.186320e-04 +4.741020e-03 
+3.500000e+01 +9.950231e-01 +1.996480e-04 +4.777216e-03 
+3.600000e+01 +9.950075e-01 +1.818840e-04 +4.810572e-03 
+3.700000e+01 +9.949936e-01 +1.656320e-04 +4.840804e-03 
+3.800000e+01 +9.949806e-01 +1.515840e-04 +4.867804e-03 
+3.900000e+01 +9.949696e-01 +1.367840e-04 +4.893608e-03 
+4.000000e+01 +9.949592e-01 +1.246240e-04 +4.916192e-03 
+4.100000e+01 +9.949496e-01 +1.133760e-04 +4.936996e-03 
+4.200000e+01 +9.949410e-01 +1.034760e-04 +4.955536e-03 
+4.300000e+01 +9.949327e-01 +9.380400e-05 +4.973476e-03 
+4.400000e+01 +9.949253e-01 +8.523200e-05 +4.989420e-03 
+4.500000e+01 +9.949188e-01 +7.762000e-05 +5.003620e-03 
+4.600000e+01 +9.949129e-01 +7.082400e-05 +5.016276e-03 
+4.700000e+01 +9.949076e-01 +6.432800e-05 +5.028088e-03 
+4.800000e+01 +9.949028e-01 +5.880400e-05 +5.038368e-03 
+4.900000e+01 +9.948986e-01 +5.320400e-05 +5.048164e-03 
+5.000000e+01 +9.948946e-01 +4.863200e-05 +5.056800e-03 
+5.100000e+01 +9.948908e-01 +4.441200e-05 +5.064792e-03 
+5.200000e+01 +9.948874e-01 +4.057200e-05 +5.072008e-03 
+5.300000e+01 +9.948844e-01 +3.689200e-05 +5.078716e-03 
+5.400000e+01 +9.948819e-01 +3.294800e-05 +5.085128e-03 
+5.500000e+01 +9.948794e-01 +2.974000e-05 +5.090840e-03 
+5.600000e+01 +9.948771e-01 +2.704400e-05 +5.095872e-03 
+5.700000e+01 +9.948751e-01 +2.438000e-05 +5.100560e-03 
+5.800000e+01 +9.948732e-01 +2.218000e-05 +5.104644e-03 
+5.900000e+01 +9.948716e-01 +1.998000e-05 +5.108392e-03 
+6.000000e+01 +9.948702e-01 +1.800000e-05 +5.111824e-03 
+6.100000e+01 +9.948689e-01 +1.631600e-05 +5.114800e-03 
+6.200000e+01 +9.948677e-01 +1.474800e-05 +5.117516e-03 
+6.300000e+01 +9.948667e-01 +1.326000e-05 +5.120052e-03 
+6.400000e+01 +9.948657e-01 +1.208800e-05 +5.122192e-03 
+6.500000e+01 +9.948649e-01 +1.082800e-05 +5.124300e-03 
+6.600000e+01 +9.948642e-01 +9.840000e-06 +5.126000e-03 
+6.700000e+01 +9.948634e-01 +8.908000e-06 +5.127644e-03 
+6.800000e+01 +9.948628e-01 +8.068000e-06 +5.129112e-03 
+6.900000e+01 +9.948622e-01 +7.268000e-06 +5.130532e-03 
+7.000000e+01 +9.948617e-01 +6.620000e-06 +5.131668e-03 
+7.100000e+01 +9.948612e-01 +6.000000e-06 +5.132760e-03 
+7.200000e+01 +9.948609e-01 +5.260000e-06 +5.133796e-03 
+7.300000e+01 +9.948606e-01 +4.752000e-06 +5.134672e-03 
+7.400000e+01 +9.948602e-01 +4.292000e-06 +5.135492e-03 
+7.500000e+01 +9.948600e-01 +3.880000e-06 +5.136156e-03 
+7.600000e+01 +9.948597e-01 +3.500000e-06 +5.136756e-03 
+7.700000e+01 +9.948595e-01 +3.184000e-06 +5.137292e-03 
+7.800000e+01 +9.948594e-01 +2.812000e-06 +5.137812e-03 
+7.900000e+01 +9.948592e-01 +2.508000e-06 +5.138320e-03 
+8.000000e+01 +9.948591e-01 +2.212000e-06 +5.138688e-03 
+8.100000e+01 +9.948590e-01 +2.008000e-06 +5.139020e-03 
+8.200000e+01 +9.948588e-01 +1.760000e-06 +5.139396e-03 
+8.300000e+01 +9.948588e-01 +1.552000e-06 +5.139692e-03 
+8.400000e+01 +9.948587e-01 +1.384000e-06 +5.139936e-03 
+8.500000e+01 +9.948586e-01 +1.284000e-06 +5.140132e-03 
+8.600000e+01 +9.948585e-01 +1.212000e-06 +5.140284e-03 
+8.700000e+01 +9.948584e-01 +1.092000e-06 +5.140468e-03 
+8.800000e+01 +9.948584e-01 +9.840000e-07 +5.140644e-03 
+8.900000e+01 +9.948583e-01 +9.040000e-07 +5.140792e-03 
+9.000000e+01 +9.948582e-01 +8.360000e-07 +5.140920e-03 
+9.100000e+01 +9.948582e-01 +7.920000e-07 +5.141024e-03 
+9.200000e+01 +9.948582e-01 +6.840000e-07 +5.141156e-03 
+9.300000e+01 +9.948581e-01 +6.480000e-07 +5.141244e-03 
+9.400000e+01 +9.948581e-01 +5.680000e-07 +5.141348e-03 
+9.500000e+01 +9.948581e-01 +5.320000e-07 +5.141412e-03 
+9.600000e+01 +9.948580e-01 +4.880000e-07 +5.141484e-03 
+9.700000e+01 +9.948580e-01 +4.360000e-07 +5.141556e-03 
+9.800000e+01 +9.948580e-01 +3.800000e-07 +5.141636e-03 
+9.900000e+01 +9.948580e-01 +3.400000e-07 +5.141688e-03 
+1.000000e+02 +9.948580e-01 +3.160000e-07 +5.141724e-03 
+1.010000e+02 +9.948580e-01 +2.880000e-07 +5.141760e-03 
+1.020000e+02 +9.948580e-01 +2.560000e-07 +5.141792e-03 
+1.030000e+02 +9.948579e-01 +2.120000e-07 +5.141844e-03 
+1.040000e+02 +9.948579e-01 +2.000000e-07 +5.141864e-03 
+1.050000e+02 +9.948579e-01 +1.840000e-07 +5.141884e-03 
+1.060000e+02 +9.948579e-01 +1.480000e-07 +5.141920e-03 
+1.070000e+02 +9.948579e-01 +1.640000e-07 +5.141920e-03 
+1.080000e+02 +9.948579e-01 +1.360000e-07 +5.141952e-03 
+1.090000e+02 +9.948579e-01 +1.280000e-07 +5.141964e-03 
+1.100000e+02 +9.948579e-01 +1.160000e-07 +5.141976e-03 
+1.110000e+02 +9.948579e-01 +1.080000e-07 +5.141984e-03 
+1.120000e+02 +9.948579e-01 +1.000000e-07 +5.141996e-03 
+1.130000e+02 +9.948579e-01 +1.000000e-07 +5.141996e-03 
+1.140000e+02 +9.948579e-01 +1.000000e-07 +5.141996e-03 
+1.150000e+02 +9.948579e-01 +8.800000e-08 +5.142008e-03 
+1.160000e+02 +9.948579e-01 +8.800000e-08 +5.142008e-03 
+1.170000e+02 +9.948579e-01 +8.000000e-08 +5.142016e-03 
+1.180000e+02 +9.948579e-01 +7.600000e-08 +5.142024e-03 
+1.190000e+02 +9.948579e-01 +7.200000e-08 +5.142028e-03 
+1.200000e+02 +9.948579e-01 +7.600000e-08 +5.142028e-03 
+1.210000e+02 +9.948579e-01 +9.600000e-08 +5.142028e-03 
+1.220000e+02 +9.948579e-01 +1.000000e-07 +5.142032e-03 
+1.230000e+02 +9.948579e-01 +8.800000e-08 +5.142044e-03 
+1.240000e+02 +9.948579e-01 +8.000000e-08 +5.142056e-03 
+1.250000e+02 +9.948579e-01 +8.000000e-08 +5.142056e-03 
+1.260000e+02 +9.948579e-01 +7.600000e-08 +5.142060e-03 
+1.270000e+02 +9.948579e-01 +7.600000e-08 +5.142060e-03 
+1.280000e+02 +9.948579e-01 +7.600000e-08 +5.142060e-03 
+1.290000e+02 +9.948579e-01 +7.200000e-08 +5.142064e-03 
+1.300000e+02 +9.948579e-01 +7.200000e-08 +5.142064e-03 
+1.310000e+02 +9.948579e-01 +7.200000e-08 +5.142064e-03 
+1.320000e+02 +9.948579e-01 +7.200000e-08 +5.142064e-03 
+1.330000e+02 +9.948579e-01 +7.200000e-08 +5.142064e-03 
+1.340000e+02 +9.948579e-01 +7.200000e-08 +5.142064e-03 
+1.350000e+02 +9.948579e-01 +6.800000e-08 +5.142068e-03 
+1.360000e+02 +9.948579e-01 +6.400000e-08 +5.142072e-03 
+1.370000e+02 +9.948579e-01 +6.400000e-08 +5.142072e-03 
+1.380000e+02 +9.948579e-01 +6.400000e-08 +5.142072e-03 
+1.390000e+02 +9.948579e-01 +6.400000e-08 +5.142072e-03 
+1.400000e+02 +9.948579e-01 +6.400000e-08 +5.142072e-03 
+1.410000e+02 +9.948579e-01 +6.400000e-08 +5.142072e-03 
+1.420000e+02 +9.948579e-01 +6.400000e-08 +5.142072e-03 
+1.430000e+02 +9.948579e-01 +6.400000e-08 +5.142072e-03 
+1.440000e+02 +9.948579e-01 +6.400000e-08 +5.142072e-03 
+1.450000e+02 +9.948579e-01 +6.400000e-08 +5.142072e-03 
+1.460000e+02 +9.948579e-01 +6.400000e-08 +5.142072e-03 
+1.470000e+02 +9.948579e-01 +6.400000e-08 +5.142072e-03 
+1.480000e+02 +9.948579e-01 +6.000000e-08 +5.142076e-03 
+1.490000e+02 +9.948579e-01 +6.000000e-08 +5.142076e-03 
+1.500000e+02 +9.948579e-01 +6.000000e-08 +5.142076e-03 
+1.510000e+02 +9.948579e-01 +6.000000e-08 +5.142076e-03 
+1.520000e+02 +9.948579e-01 +6.000000e-08 +5.142076e-03 
+1.530000e+02 +9.948579e-01 +6.000000e-08 +5.142076e-03 
+1.540000e+02 +9.948579e-01 +6.000000e-08 +5.142076e-03 
+1.550000e+02 +9.948579e-01 +6.000000e-08 +5.142076e-03 
+1.560000e+02 +9.948579e-01 +6.000000e-08 +5.142076e-03 
+1.570000e+02 +9.948579e-01 +6.000000e-08 +5.142076e-03 
+1.580000e+02 +9.948579e-01 +6.000000e-08 +5.142076e-03 
+1.590000e+02 +9.948579e-01 +6.000000e-08 +5.142076e-03 
+1.600000e+02 +9.948579e-01 +6.000000e-08 +5.142076e-03 
+1.610000e+02 +9.948579e-01 +6.000000e-08 +5.142076e-03 
+1.620000e+02 +9.948579e-01 +6.000000e-08 +5.142076e-03 
+1.630000e+02 +9.948579e-01 +6.000000e-08 +5.142076e-03 
+1.640000e+02 +9.948579e-01 +6.000000e-08 +5.142076e-03 
+1.650000e+02 +9.948579e-01 +6.000000e-08 +5.142076e-03 
+1.660000e+02 +9.948579e-01 +6.000000e-08 +5.142076e-03 
+1.670000e+02 +9.948579e-01 +6.000000e-08 +5.142076e-03 
+1.680000e+02 +9.948579e-01 +6.000000e-08 +5.142076e-03 
+1.690000e+02 +9.948579e-01 +6.000000e-08 +5.142076e-03 
+1.700000e+02 +9.948579e-01 +6.000000e-08 +5.142076e-03 
+1.710000e+02 +9.948579e-01 +6.000000e-08 +5.142076e-03 
+1.720000e+02 +9.948579e-01 +6.000000e-08 +5.142076e-03 
+1.730000e+02 +9.948579e-01 +6.000000e-08 +5.142076e-03 
+1.740000e+02 +9.948579e-01 +6.000000e-08 +5.142076e-03 
+1.750000e+02 +9.948579e-01 +6.000000e-08 +5.142076e-03 
+1.760000e+02 +9.948579e-01 +6.000000e-08 +5.142076e-03 
+1.770000e+02 +9.948579e-01 +6.000000e-08 +5.142076e-03 
+1.780000e+02 +9.948579e-01 +6.000000e-08 +5.142076e-03 
+1.790000e+02 +9.948579e-01 +6.000000e-08 +5.142076e-03 
+1.800000e+02 +9.948579e-01 +6.000000e-08 +5.142076e-03 
+1.810000e+02 +9.948579e-01 +6.000000e-08 +5.142076e-03 
+1.820000e+02 +9.948579e-01 +6.000000e-08 +5.142076e-03 
+1.830000e+02 +9.948579e-01 +6.000000e-08 +5.142076e-03 
+1.840000e+02 +9.948579e-01 +6.000000e-08 +5.142076e-03 
+1.850000e+02 +9.948579e-01 +6.000000e-08 +5.142076e-03 
+1.860000e+02 +9.948579e-01 +6.000000e-08 +5.142076e-03 
+1.870000e+02 +9.948579e-01 +6.000000e-08 +5.142076e-03 
+1.880000e+02 +9.948579e-01 +6.000000e-08 +5.142076e-03 
+1.890000e+02 +9.948579e-01 +6.000000e-08 +5.142076e-03 
+1.900000e+02 +9.948579e-01 +6.000000e-08 +5.142076e-03 
+1.910000e+02 +9.948579e-01 +6.000000e-08 +5.142076e-03 
+1.920000e+02 +9.948579e-01 +6.000000e-08 +5.142076e-03 
+1.930000e+02 +9.948579e-01 +6.000000e-08 +5.142076e-03 
+1.940000e+02 +9.948579e-01 +6.000000e-08 +5.142076e-03 
+1.950000e+02 +9.948579e-01 +6.000000e-08 +5.142076e-03 
+1.960000e+02 +9.948579e-01 +6.000000e-08 +5.142076e-03 
+1.970000e+02 +9.948579e-01 +6.000000e-08 +5.142076e-03 
+1.980000e+02 +9.948579e-01 +6.000000e-08 +5.142076e-03 
+1.990000e+02 +9.948579e-01 +6.000000e-08 +5.142076e-03 
+2.000000e+02 +9.948579e-01 +6.000000e-08 +5.142076e-03 
+2.010000e+02 +9.948579e-01 +6.000000e-08 +5.142076e-03 
+2.020000e+02 +9.948579e-01 +6.000000e-08 +5.142076e-03 
+2.030000e+02 +9.948579e-01 +6.000000e-08 +5.142076e-03 
+2.040000e+02 +9.948579e-01 +6.000000e-08 +5.142076e-03 
+2.050000e+02 +9.948579e-01 +6.000000e-08 +5.142076e-03 
+2.060000e+02 +9.948579e-01 +6.000000e-08 +5.142076e-03 
+2.070000e+02 +9.948579e-01 +6.000000e-08 +5.142076e-03 
+2.080000e+02 +9.948579e-01 +6.000000e-08 +5.142076e-03 
+2.090000e+02 +9.948579e-01 +6.000000e-08 +5.142076e-03 
+2.100000e+02 +9.948579e-01 +6.000000e-08 +5.142076e-03 
+2.110000e+02 +9.948579e-01 +6.000000e-08 +5.142076e-03 
+2.120000e+02 +9.948579e-01 +6.000000e-08 +5.142076e-03 
+2.130000e+02 +9.948579e-01 +6.000000e-08 +5.142076e-03 
+2.140000e+02 +9.948579e-01 +6.000000e-08 +5.142076e-03 
+2.150000e+02 +9.948579e-01 +6.000000e-08 +5.142076e-03 
+2.160000e+02 +9.948579e-01 +6.000000e-08 +5.142076e-03 
+2.170000e+02 +9.948579e-01 +6.000000e-08 +5.142076e-03 
+2.180000e+02 +9.948579e-01 +6.000000e-08 +5.142076e-03 
+2.190000e+02 +9.948579e-01 +6.000000e-08 +5.142076e-03 
+2.200000e+02 +9.948579e-01 +6.000000e-08 +5.142076e-03 
+2.210000e+02 +9.948579e-01 +6.000000e-08 +5.142076e-03 
+2.220000e+02 +9.948579e-01 +6.000000e-08 +5.142076e-03 
+2.230000e+02 +9.948579e-01 +6.000000e-08 +5.142076e-03 
+2.240000e+02 +9.948579e-01 +6.000000e-08 +5.142076e-03 
+2.250000e+02 +9.948579e-01 +6.000000e-08 +5.142076e-03 
+2.260000e+02 +9.948579e-01 +6.000000e-08 +5.142076e-03 
+2.270000e+02 +9.948579e-01 +6.000000e-08 +5.142076e-03 
+2.280000e+02 +9.948579e-01 +6.000000e-08 +5.142076e-03 
+2.290000e+02 +9.948579e-01 +6.000000e-08 +5.142076e-03 
+2.300000e+02 +9.948579e-01 +6.000000e-08 +5.142076e-03 
+2.310000e+02 +9.948579e-01 +6.000000e-08 +5.142076e-03 
+2.320000e+02 +9.948579e-01 +6.000000e-08 +5.142076e-03 
+2.330000e+02 +9.948579e-01 +6.000000e-08 +5.142076e-03 
+2.340000e+02 +9.948579e-01 +6.000000e-08 +5.142076e-03 
+2.350000e+02 +9.948579e-01 +6.000000e-08 +5.142076e-03 
+2.360000e+02 +9.948579e-01 +6.000000e-08 +5.142076e-03 
+2.370000e+02 +9.948579e-01 +6.000000e-08 +5.142076e-03 
+2.380000e+02 +9.948579e-01 +6.000000e-08 +5.142076e-03 
+2.390000e+02 +9.948579e-01 +6.000000e-08 +5.142076e-03 
+2.400000e+02 +9.948579e-01 +6.000000e-08 +5.142076e-03 
+2.410000e+02 +9.948579e-01 +6.000000e-08 +5.142076e-03 
+2.420000e+02 +9.948579e-01 +6.000000e-08 +5.142076e-03 
+2.430000e+02 +9.948579e-01 +6.000000e-08 +5.142076e-03 
+2.440000e+02 +9.948579e-01 +6.000000e-08 +5.142076e-03 
+2.450000e+02 +9.948579e-01 +6.000000e-08 +5.142076e-03 
+2.460000e+02 +9.948579e-01 +6.000000e-08 +5.142076e-03 
+2.470000e+02 +9.948579e-01 +6.000000e-08 +5.142076e-03 
+2.480000e+02 +9.948579e-01 +6.000000e-08 +5.142076e-03 
+2.490000e+02 +9.948579e-01 +6.000000e-08 +5.142076e-03 
+2.500000e+02 +9.948579e-01 +6.000000e-08 +5.142076e-03 
+2.510000e+02 +9.948579e-01 +6.000000e-08 +5.142076e-03 
+2.520000e+02 +9.948579e-01 +6.000000e-08 +5.142076e-03 
+2.530000e+02 +9.948579e-01 +6.000000e-08 +5.142076e-03 
+2.540000e+02 +9.948579e-01 +6.000000e-08 +5.142076e-03 
+2.550000e+02 +9.948579e-01 +6.000000e-08 +5.142076e-03 
+2.560000e+02 +9.948579e-01 +6.000000e-08 +5.142076e-03 
+2.570000e+02 +9.948579e-01 +6.000000e-08 +5.142076e-03 
+2.580000e+02 +9.948579e-01 +6.000000e-08 +5.142076e-03 
+2.590000e+02 +9.948579e-01 +6.000000e-08 +5.142076e-03 
+2.600000e+02 +9.948579e-01 +6.000000e-08 +5.142076e-03 
+2.610000e+02 +9.948579e-01 +6.000000e-08 +5.142076e-03 
+2.620000e+02 +9.948579e-01 +6.000000e-08 +5.142076e-03 
+2.630000e+02 +9.948579e-01 +6.000000e-08 +5.142076e-03 
+2.640000e+02 +9.948579e-01 +6.000000e-08 +5.142076e-03 
+2.650000e+02 +9.948579e-01 +6.000000e-08 +5.142076e-03 
+2.660000e+02 +9.948579e-01 +6.000000e-08 +5.142076e-03 
+2.670000e+02 +9.948579e-01 +6.000000e-08 +5.142076e-03 
+2.680000e+02 +9.948579e-01 +6.000000e-08 +5.142076e-03 
+2.690000e+02 +9.948579e-01 +6.000000e-08 +5.142076e-03 
+2.700000e+02 +9.948579e-01 +6.000000e-08 +5.142076e-03 
+2.710000e+02 +9.948579e-01 +6.000000e-08 +5.142076e-03 
+2.720000e+02 +9.948579e-01 +6.000000e-08 +5.142076e-03 
+2.730000e+02 +9.948579e-01 +6.000000e-08 +5.142076e-03 
+2.740000e+02 +9.948579e-01 +6.000000e-08 +5.142076e-03 
+2.750000e+02 +9.948579e-01 +6.000000e-08 +5.142076e-03 
+2.760000e+02 +9.948579e-01 +6.000000e-08 +5.142076e-03 
+2.770000e+02 +9.948579e-01 +6.000000e-08 +5.142076e-03 
+2.780000e+02 +9.948579e-01 +6.000000e-08 +5.142076e-03 
+2.790000e+02 +9.948579e-01 +6.000000e-08 +5.142076e-03 
+2.800000e+02 +9.948579e-01 +6.000000e-08 +5.142076e-03 
+2.810000e+02 +9.948579e-01 +6.000000e-08 +5.142076e-03 
+2.820000e+02 +9.948579e-01 +6.000000e-08 +5.142076e-03 
+2.830000e+02 +9.948579e-01 +6.000000e-08 +5.142076e-03 
+2.840000e+02 +9.948579e-01 +6.000000e-08 +5.142076e-03 
+2.850000e+02 +9.948579e-01 +6.000000e-08 +5.142076e-03 
+2.860000e+02 +9.948579e-01 +6.000000e-08 +5.142076e-03 
+2.870000e+02 +9.948579e-01 +6.000000e-08 +5.142076e-03 
+2.880000e+02 +9.948579e-01 +6.000000e-08 +5.142076e-03 
+2.890000e+02 +9.948579e-01 +6.000000e-08 +5.142076e-03 
+2.900000e+02 +9.948579e-01 +6.000000e-08 +5.142076e-03 
+2.910000e+02 +9.948579e-01 +6.000000e-08 +5.142076e-03 
+2.920000e+02 +9.948579e-01 +6.000000e-08 +5.142076e-03 
+2.930000e+02 +9.948579e-01 +6.000000e-08 +5.142076e-03 
+2.940000e+02 +9.948579e-01 +6.000000e-08 +5.142076e-03 
+2.950000e+02 +9.948579e-01 +6.000000e-08 +5.142076e-03 
+2.960000e+02 +9.948579e-01 +6.000000e-08 +5.142076e-03 
+2.970000e+02 +9.948579e-01 +6.000000e-08 +5.142076e-03 
+2.980000e+02 +9.948579e-01 +6.000000e-08 +5.142076e-03 
+2.990000e+02 +9.948579e-01 +6.000000e-08 +5.142076e-03 
+3.000000e+02 +9.948579e-01 +6.000000e-08 +5.142076e-03 
+3.010000e+02 +9.948579e-01 +6.000000e-08 +5.142076e-03 
+3.020000e+02 +9.948579e-01 +6.000000e-08 +5.142076e-03 
+3.030000e+02 +9.948579e-01 +6.000000e-08 +5.142076e-03 
+3.040000e+02 +9.948579e-01 +6.000000e-08 +5.142076e-03 
+3.050000e+02 +9.948579e-01 +6.000000e-08 +5.142076e-03 
+3.060000e+02 +9.948579e-01 +6.000000e-08 +5.142076e-03 
+3.070000e+02 +9.948579e-01 +6.000000e-08 +5.142076e-03 
+3.080000e+02 +9.948579e-01 +6.000000e-08 +5.142076e-03 
+3.090000e+02 +9.948579e-01 +6.000000e-08 +5.142076e-03 
+3.100000e+02 +9.948579e-01 +6.000000e-08 +5.142076e-03 
+3.110000e+02 +9.948579e-01 +6.000000e-08 +5.142076e-03 
+3.120000e+02 +9.948579e-01 +6.000000e-08 +5.142076e-03 
+3.130000e+02 +9.948579e-01 +6.000000e-08 +5.142076e-03 
+3.140000e+02 +9.948579e-01 +6.000000e-08 +5.142076e-03 
+3.150000e+02 +9.948579e-01 +6.000000e-08 +5.142076e-03 
+3.160000e+02 +9.948579e-01 +6.000000e-08 +5.142076e-03 
+3.170000e+02 +9.948579e-01 +6.000000e-08 +5.142076e-03 
+3.180000e+02 +9.948579e-01 +6.000000e-08 +5.142076e-03 
+3.190000e+02 +9.948579e-01 +6.000000e-08 +5.142076e-03 
+3.200000e+02 +9.948579e-01 +6.000000e-08 +5.142076e-03 
+3.210000e+02 +9.948579e-01 +6.000000e-08 +5.142076e-03 
+3.220000e+02 +9.948579e-01 +6.000000e-08 +5.142076e-03 
+3.230000e+02 +9.948579e-01 +6.000000e-08 +5.142076e-03 
+3.240000e+02 +9.948579e-01 +6.000000e-08 +5.142076e-03 
+3.250000e+02 +9.948579e-01 +6.000000e-08 +5.142076e-03 
+3.260000e+02 +9.948579e-01 +6.000000e-08 +5.142076e-03 
+3.270000e+02 +9.948579e-01 +6.000000e-08 +5.142076e-03 
+3.280000e+02 +9.948579e-01 +6.000000e-08 +5.142076e-03 
+3.290000e+02 +9.948579e-01 +6.000000e-08 +5.142076e-03 
+3.300000e+02 +9.948579e-01 +6.000000e-08 +5.142076e-03 
+3.310000e+02 +9.948579e-01 +6.000000e-08 +5.142076e-03 
+3.320000e+02 +9.948579e-01 +6.000000e-08 +5.142076e-03 
+3.330000e+02 +9.948579e-01 +6.000000e-08 +5.142076e-03 
+3.340000e+02 +9.948579e-01 +6.000000e-08 +5.142076e-03 
+3.350000e+02 +9.948579e-01 +6.000000e-08 +5.142076e-03 
+3.360000e+02 +9.948579e-01 +6.000000e-08 +5.142076e-03 
+3.370000e+02 +9.948579e-01 +6.000000e-08 +5.142076e-03 
+3.380000e+02 +9.948579e-01 +6.000000e-08 +5.142076e-03 
+3.390000e+02 +9.948579e-01 +6.000000e-08 +5.142076e-03 
+3.400000e+02 +9.948579e-01 +6.000000e-08 +5.142076e-03 
+3.410000e+02 +9.948579e-01 +6.000000e-08 +5.142076e-03 
+3.420000e+02 +9.948579e-01 +6.000000e-08 +5.142076e-03 
+3.430000e+02 +9.948579e-01 +6.000000e-08 +5.142076e-03 
+3.440000e+02 +9.948579e-01 +6.000000e-08 +5.142076e-03 
+3.450000e+02 +9.948579e-01 +6.000000e-08 +5.142076e-03 
+3.460000e+02 +9.948579e-01 +6.000000e-08 +5.142076e-03 
+3.470000e+02 +9.948579e-01 +6.000000e-08 +5.142076e-03 
+3.480000e+02 +9.948579e-01 +6.000000e-08 +5.142076e-03 
+3.490000e+02 +9.948579e-01 +6.000000e-08 +5.142076e-03 
+3.500000e+02 +9.948579e-01 +6.000000e-08 +5.142076e-03 
+3.510000e+02 +9.948579e-01 +6.000000e-08 +5.142076e-03 
+3.520000e+02 +9.948579e-01 +6.000000e-08 +5.142076e-03 
+3.530000e+02 +9.948579e-01 +6.000000e-08 +5.142076e-03 
+3.540000e+02 +9.948579e-01 +6.000000e-08 +5.142076e-03 
+3.550000e+02 +9.948579e-01 +6.000000e-08 +5.142076e-03 
+3.560000e+02 +9.948579e-01 +6.000000e-08 +5.142076e-03 
+3.570000e+02 +9.948579e-01 +6.000000e-08 +5.142076e-03 
+3.580000e+02 +9.948579e-01 +6.000000e-08 +5.142076e-03 
+3.590000e+02 +9.948579e-01 +6.000000e-08 +5.142076e-03 
+3.600000e+02 +9.948579e-01 +6.000000e-08 +5.142076e-03 
+3.610000e+02 +9.948579e-01 +6.000000e-08 +5.142076e-03 
+3.620000e+02 +9.948579e-01 +6.000000e-08 +5.142076e-03 
+3.630000e+02 +9.948579e-01 +6.000000e-08 +5.142076e-03 
+3.640000e+02 +9.948579e-01 +6.000000e-08 +5.142076e-03 
+3.650000e+02 +9.948579e-01 +6.000000e-08 +5.142076e-03 
+3.660000e+02 +9.948579e-01 +6.000000e-08 +5.142076e-03 
+3.670000e+02 +9.948579e-01 +6.000000e-08 +5.142076e-03 
+3.680000e+02 +9.948579e-01 +6.000000e-08 +5.142076e-03 
+3.690000e+02 +9.948579e-01 +6.000000e-08 +5.142076e-03 
+3.700000e+02 +9.948579e-01 +6.000000e-08 +5.142076e-03 
+3.710000e+02 +9.948579e-01 +6.000000e-08 +5.142076e-03 
+3.720000e+02 +9.948579e-01 +6.000000e-08 +5.142076e-03 
+3.730000e+02 +9.948579e-01 +6.000000e-08 +5.142076e-03 
+3.740000e+02 +9.948579e-01 +6.000000e-08 +5.142076e-03 
+3.750000e+02 +9.948579e-01 +6.000000e-08 +5.142076e-03 
+3.760000e+02 +9.948579e-01 +6.000000e-08 +5.142076e-03 
+3.770000e+02 +9.948579e-01 +6.000000e-08 +5.142076e-03 
+3.780000e+02 +9.948579e-01 +6.000000e-08 +5.142076e-03 
+3.790000e+02 +9.948579e-01 +6.000000e-08 +5.142076e-03 
+3.800000e+02 +9.948579e-01 +6.000000e-08 +5.142076e-03 
+3.810000e+02 +9.948579e-01 +6.000000e-08 +5.142076e-03 
+3.820000e+02 +9.948579e-01 +6.000000e-08 +5.142076e-03 
+3.830000e+02 +9.948579e-01 +6.000000e-08 +5.142076e-03 
+3.840000e+02 +9.948579e-01 +6.000000e-08 +5.142076e-03 
+3.850000e+02 +9.948579e-01 +6.000000e-08 +5.142076e-03 
+3.860000e+02 +9.948579e-01 +6.000000e-08 +5.142076e-03 
+3.870000e+02 +9.948579e-01 +6.000000e-08 +5.142076e-03 
+3.880000e+02 +9.948579e-01 +6.000000e-08 +5.142076e-03 
+3.890000e+02 +9.948579e-01 +6.000000e-08 +5.142076e-03 
+3.900000e+02 +9.948579e-01 +6.000000e-08 +5.142076e-03 
+3.910000e+02 +9.948579e-01 +6.000000e-08 +5.142076e-03 
+3.920000e+02 +9.948579e-01 +6.000000e-08 +5.142076e-03 
+3.930000e+02 +9.948579e-01 +6.000000e-08 +5.142076e-03 
+3.940000e+02 +9.948579e-01 +6.000000e-08 +5.142076e-03 
+3.950000e+02 +9.948579e-01 +6.000000e-08 +5.142076e-03 
+3.960000e+02 +9.948579e-01 +6.000000e-08 +5.142076e-03 
+3.970000e+02 +9.948579e-01 +6.000000e-08 +5.142076e-03 
+3.980000e+02 +9.948579e-01 +6.000000e-08 +5.142076e-03 
+3.990000e+02 +9.948579e-01 +6.000000e-08 +5.142076e-03 
+4.000000e+02 +9.948579e-01 +6.000000e-08 +5.142076e-03 
+4.010000e+02 +9.948579e-01 +6.000000e-08 +5.142076e-03 
+4.020000e+02 +9.948579e-01 +6.000000e-08 +5.142076e-03 
+4.030000e+02 +9.948579e-01 +6.000000e-08 +5.142076e-03 
+4.040000e+02 +9.948579e-01 +6.000000e-08 +5.142076e-03 
+4.050000e+02 +9.948579e-01 +6.000000e-08 +5.142076e-03 
+4.060000e+02 +9.948579e-01 +6.000000e-08 +5.142076e-03 
+4.070000e+02 +9.948579e-01 +6.000000e-08 +5.142076e-03 
+4.080000e+02 +9.948579e-01 +6.000000e-08 +5.142076e-03 
+4.090000e+02 +9.948579e-01 +6.000000e-08 +5.142076e-03 
+4.100000e+02 +9.948579e-01 +6.000000e-08 +5.142076e-03 
+4.110000e+02 +9.948579e-01 +6.000000e-08 +5.142076e-03 
+4.120000e+02 +9.948579e-01 +6.000000e-08 +5.142076e-03 
+4.130000e+02 +9.948579e-01 +6.000000e-08 +5.142076e-03 
+4.140000e+02 +9.948579e-01 +6.000000e-08 +5.142076e-03 
+4.150000e+02 +9.948579e-01 +6.000000e-08 +5.142076e-03 
+4.160000e+02 +9.948579e-01 +6.000000e-08 +5.142076e-03 
+4.170000e+02 +9.948579e-01 +6.000000e-08 +5.142076e-03 
+4.180000e+02 +9.948579e-01 +6.000000e-08 +5.142076e-03 
+4.190000e+02 +9.948579e-01 +6.000000e-08 +5.142076e-03 
+4.200000e+02 +9.948579e-01 +6.000000e-08 +5.142076e-03 
+4.210000e+02 +9.948579e-01 +6.000000e-08 +5.142076e-03 
+4.220000e+02 +9.948579e-01 +6.000000e-08 +5.142076e-03 
+4.230000e+02 +9.948579e-01 +6.000000e-08 +5.142076e-03 
+4.240000e+02 +9.948579e-01 +6.000000e-08 +5.142076e-03 
+4.250000e+02 +9.948579e-01 +6.000000e-08 +5.142076e-03 
+4.260000e+02 +9.948579e-01 +6.000000e-08 +5.142076e-03 
+4.270000e+02 +9.948579e-01 +6.000000e-08 +5.142076e-03 
+4.280000e+02 +9.948579e-01 +6.000000e-08 +5.142076e-03 
+4.290000e+02 +9.948579e-01 +6.000000e-08 +5.142076e-03 
+4.300000e+02 +9.948579e-01 +6.000000e-08 +5.142076e-03 
+4.310000e+02 +9.948579e-01 +6.000000e-08 +5.142076e-03 
+4.320000e+02 +9.948579e-01 +6.000000e-08 +5.142076e-03 
+4.330000e+02 +9.948579e-01 +6.000000e-08 +5.142076e-03 
+4.340000e+02 +9.948579e-01 +6.000000e-08 +5.142076e-03 
+4.350000e+02 +9.948579e-01 +6.000000e-08 +5.142076e-03 
+4.360000e+02 +9.948579e-01 +6.000000e-08 +5.142076e-03 
+4.370000e+02 +9.948579e-01 +6.000000e-08 +5.142076e-03 
+4.380000e+02 +9.948579e-01 +6.000000e-08 +5.142076e-03 
+4.390000e+02 +9.948579e-01 +6.000000e-08 +5.142076e-03 
+4.400000e+02 +9.948579e-01 +6.000000e-08 +5.142076e-03 
+4.410000e+02 +9.948579e-01 +6.000000e-08 +5.142076e-03 
+4.420000e+02 +9.948579e-01 +6.000000e-08 +5.142076e-03 
+4.430000e+02 +9.948579e-01 +6.000000e-08 +5.142076e-03 
+4.440000e+02 +9.948579e-01 +6.000000e-08 +5.142076e-03 
+4.450000e+02 +9.948579e-01 +6.000000e-08 +5.142076e-03 
+4.460000e+02 +9.948579e-01 +6.000000e-08 +5.142076e-03 
+4.470000e+02 +9.948579e-01 +6.000000e-08 +5.142076e-03 
+4.480000e+02 +9.948579e-01 +6.000000e-08 +5.142076e-03 
+4.490000e+02 +9.948579e-01 +6.000000e-08 +5.142076e-03 
+4.500000e+02 +9.948579e-01 +6.000000e-08 +5.142076e-03 
+4.510000e+02 +9.948579e-01 +6.000000e-08 +5.142076e-03 
+4.520000e+02 +9.948579e-01 +6.000000e-08 +5.142076e-03 
+4.530000e+02 +9.948579e-01 +6.000000e-08 +5.142076e-03 
+4.540000e+02 +9.948579e-01 +6.000000e-08 +5.142076e-03 
+4.550000e+02 +9.948579e-01 +6.000000e-08 +5.142076e-03 
+4.560000e+02 +9.948579e-01 +6.000000e-08 +5.142076e-03 
+4.570000e+02 +9.948579e-01 +6.000000e-08 +5.142076e-03 
+4.580000e+02 +9.948579e-01 +6.000000e-08 +5.142076e-03 
+4.590000e+02 +9.948579e-01 +6.000000e-08 +5.142076e-03 
+4.600000e+02 +9.948579e-01 +6.000000e-08 +5.142076e-03 
+4.610000e+02 +9.948579e-01 +6.000000e-08 +5.142076e-03 
+4.620000e+02 +9.948579e-01 +6.000000e-08 +5.142076e-03 
+4.630000e+02 +9.948579e-01 +6.000000e-08 +5.142076e-03 
+4.640000e+02 +9.948579e-01 +6.000000e-08 +5.142076e-03 
+4.650000e+02 +9.948579e-01 +6.000000e-08 +5.142076e-03 
+4.660000e+02 +9.948579e-01 +6.000000e-08 +5.142076e-03 
+4.670000e+02 +9.948579e-01 +6.000000e-08 +5.142076e-03 
+4.680000e+02 +9.948579e-01 +6.000000e-08 +5.142076e-03 
+4.690000e+02 +9.948579e-01 +6.000000e-08 +5.142076e-03 
+4.700000e+02 +9.948579e-01 +6.000000e-08 +5.142076e-03 
+4.710000e+02 +9.948579e-01 +6.000000e-08 +5.142076e-03 
+4.720000e+02 +9.948579e-01 +6.000000e-08 +5.142076e-03 
+4.730000e+02 +9.948579e-01 +6.000000e-08 +5.142076e-03 
+4.740000e+02 +9.948579e-01 +6.000000e-08 +5.142076e-03 
+4.750000e+02 +9.948579e-01 +6.000000e-08 +5.142076e-03 
+4.760000e+02 +9.948579e-01 +6.000000e-08 +5.142076e-03 
+4.770000e+02 +9.948579e-01 +6.000000e-08 +5.142076e-03 
+4.780000e+02 +9.948579e-01 +6.000000e-08 +5.142076e-03 
+4.790000e+02 +9.948579e-01 +6.000000e-08 +5.142076e-03 
+4.800000e+02 +9.948579e-01 +6.000000e-08 +5.142076e-03 
+4.810000e+02 +9.948579e-01 +6.000000e-08 +5.142076e-03 
+4.820000e+02 +9.948579e-01 +6.000000e-08 +5.142076e-03 
+4.830000e+02 +9.948579e-01 +6.000000e-08 +5.142076e-03 
+4.840000e+02 +9.948579e-01 +6.000000e-08 +5.142076e-03 
+4.850000e+02 +9.948579e-01 +6.000000e-08 +5.142076e-03 
+4.860000e+02 +9.948579e-01 +6.000000e-08 +5.142076e-03 
+4.870000e+02 +9.948579e-01 +6.000000e-08 +5.142076e-03 
+4.880000e+02 +9.948579e-01 +6.000000e-08 +5.142076e-03 
+4.890000e+02 +9.948579e-01 +6.000000e-08 +5.142076e-03 
+4.900000e+02 +9.948579e-01 +6.000000e-08 +5.142076e-03 
+4.910000e+02 +9.948579e-01 +6.000000e-08 +5.142076e-03 
+4.920000e+02 +9.948579e-01 +6.000000e-08 +5.142076e-03 
+4.930000e+02 +9.948579e-01 +6.000000e-08 +5.142076e-03 
+4.940000e+02 +9.948579e-01 +6.000000e-08 +5.142076e-03 
+4.950000e+02 +9.948579e-01 +6.000000e-08 +5.142076e-03 
+4.960000e+02 +9.948579e-01 +6.000000e-08 +5.142076e-03 
+4.970000e+02 +9.948579e-01 +6.000000e-08 +5.142076e-03 
+4.980000e+02 +9.948579e-01 +6.000000e-08 +5.142076e-03 
+4.990000e+02 +9.948579e-01 +6.000000e-08 +5.142076e-03 
+5.000000e+02 +9.948579e-01 +6.000000e-08 +5.142076e-03 
